All stim.
[949, 950, 951, 952, 953, 954, 955, 956]
Reward stim.
[949, 951, 953, 955]
PiReceivePC sync.
1553176628.3564947
PiSendPC sync.
1553176628.3640203
time,whichstim,iftouch,ifreward,ifout
1553176628.3641627,0,0,0,0
1553176628.4024234,0,0,0,0
1553176628.4204516,0,0,0,0
1553176628.4380925,0,0,0,0
1553176628.455837,0,0,0,0
1553176628.4736001,0,0,0,0
1553176628.4914815,0,0,0,0
1553176628.5089839,0,0,0,0
1553176628.5262015,0,0,0,0
1553176628.5439627,0,0,0,0
1553176628.5610487,0,0,0,0
1553176628.578206,0,0,0,0
1553176628.595197,0,0,0,0
1553176628.6121697,0,0,0,0
1553176628.6291857,0,0,0,0
1553176628.6463354,0,0,0,0
1553176628.663327,0,0,0,0
1553176628.6803946,0,0,0,0
1553176628.6975567,0,0,0,0
1553176628.714593,0,0,0,0
1553176628.7314906,0,0,0,0
1553176628.7484698,0,0,0,0
1553176628.7654088,0,0,0,0
1553176628.7823222,0,0,0,0
1553176628.7992687,0,0,0,0
1553176628.8164468,0,0,0,0
1553176628.8334334,0,0,0,0
1553176628.8505003,0,0,0,0
1553176628.8675532,0,0,0,0
1553176628.8845916,0,0,0,0
1553176628.9015749,0,0,0,0
1553176628.918569,0,0,0,0
1553176628.9355521,0,0,0,0
1553176628.9524622,0,0,0,0
1553176628.9695861,0,0,0,0
1553176628.9871705,0,0,0,0
1553176629.004477,0,0,0,0
1553176629.0218484,0,0,0,0
1553176629.0392485,0,0,0,0
1553176629.0583637,0,0,0,0
1553176629.076273,0,0,0,0
1553176629.094217,0,0,0,0
1553176629.112392,0,1,0,0
1553176629.1125894,950,0,0,0
1553176629.1478913,950,0,0,0
1553176629.1651852,950,0,0,0
1553176629.1806006,950,0,0,0
1553176629.1971598,950,0,0,0
1553176629.2125795,950,0,0,0
1553176629.2291722,950,0,0,0
1553176629.2455485,950,0,0,0
1553176629.2618067,950,0,0,0
1553176629.2781293,950,0,0,0
1553176629.2940986,950,0,0,0
1553176629.31023,950,0,0,0
1553176629.327262,950,0,0,0
1553176629.343311,950,0,0,0
1553176629.3594117,950,0,0,0
1553176629.375339,950,0,0,0
1553176629.3912997,950,0,0,0
1553176629.407249,950,0,0,0
1553176629.4232917,950,0,0,0
1553176629.4393678,950,0,0,0
1553176629.4554026,950,0,0,0
1553176629.471359,950,0,0,0
1553176629.4874296,950,0,0,0
1553176629.5034204,950,0,0,0
1553176629.5195284,950,0,0,0
1553176629.5353782,950,0,0,0
1553176629.551663,950,0,0,0
1553176629.5680232,950,0,0,0
1553176629.5833588,950,0,0,0
1553176629.600055,950,0,0,0
1553176629.6154363,950,0,0,0
1553176629.631904,950,0,0,0
1553176629.64827,950,0,0,0
1553176629.664542,950,0,0,0
1553176629.6809003,950,0,0,0
1553176629.6970918,950,0,0,0
1553176629.7124934,950,0,0,0
1553176629.7290096,950,0,0,0
1553176629.744384,950,0,0,0
1553176629.760863,950,0,0,0
1553176629.777054,950,0,0,0
1553176629.792593,950,0,0,0
1553176629.8091726,950,0,0,0
1553176629.8255537,950,0,0,0
1553176629.8417487,950,0,0,0
1553176629.8582785,950,0,0,0
1553176629.8745928,950,0,0,0
1553176629.8909686,950,0,0,0
1553176629.9065523,950,0,0,0
1553176629.9228797,950,0,0,0
1553176629.9391336,950,0,0,0
1553176629.9546325,950,0,0,0
1553176629.970968,950,0,0,0
1553176629.9871445,950,0,0,0
1553176630.0014637,950,0,0,0
1553176630.0180442,950,1,0,0
1553176630.0183797,950,0,0,1
1553176630.0333834,950,0,0,1
1553176630.0495532,950,0,0,1
1553176630.0656974,950,0,0,1
1553176630.0818222,950,0,0,1
1553176630.09796,950,0,0,1
1553176630.1141095,950,0,0,1
1553176630.1302423,950,0,0,1
1553176630.1463306,950,0,0,1
1553176630.1625574,950,0,0,1
1553176630.17865,950,0,0,1
1553176630.1947608,950,0,0,1
1553176630.210827,950,0,0,1
1553176630.2269,950,0,0,1
1553176630.2430432,950,0,0,1
1553176630.2591927,950,0,0,1
1553176630.2752857,950,0,0,1
1553176630.2913737,950,0,0,1
1553176630.3074703,950,0,0,1
1553176630.3235443,950,0,0,1
1553176630.339637,950,0,0,1
1553176630.3558342,950,0,0,1
1553176630.3719194,950,0,0,1
1553176630.3880553,950,0,0,1
1553176630.404092,950,0,0,1
1553176630.420186,950,0,0,1
1553176630.4362707,950,0,0,1
1553176630.4523942,950,0,0,1
1553176630.4684777,950,0,0,1
1553176630.4845498,950,0,0,1
1553176630.500671,950,0,0,1
1553176630.5168393,950,0,0,1
1553176630.533008,950,0,0,1
1553176630.549085,950,0,0,1
1553176630.5651696,950,0,0,1
1553176630.5813162,950,0,0,1
1553176630.5974739,950,0,0,1
1553176630.613559,950,0,0,1
1553176630.6296582,950,0,0,1
1553176630.645732,950,0,0,1
1553176630.6617823,950,0,0,1
1553176630.6778276,950,0,0,1
1553176630.6939008,950,0,0,1
1553176630.710065,950,0,0,1
1553176630.7261693,950,0,0,1
1553176630.7422047,950,0,0,1
1553176630.7583551,950,0,0,1
1553176630.774526,950,0,0,1
1553176630.790671,950,0,0,1
1553176630.8067985,950,0,0,1
1553176630.8229747,950,0,0,1
1553176630.8391652,950,0,0,1
1553176630.855323,950,0,0,1
1553176630.8714924,950,0,0,1
1553176630.8875961,950,0,0,1
1553176630.9037797,950,0,0,1
1553176630.9199638,950,0,0,1
1553176630.9361248,950,0,0,1
1553176630.952255,950,0,0,1
1553176630.968362,950,0,0,1
1553176630.9844966,950,0,0,1
1553176631.0007308,950,0,0,1
1553176631.0169253,950,0,0,1
1553176631.0331059,950,0,0,1
1553176631.049226,950,0,0,1
1553176631.065407,950,0,0,1
1553176631.0815828,950,0,0,1
1553176631.0979598,950,0,0,1
1553176631.1141083,950,0,0,1
1553176631.1301937,950,0,0,1
1553176631.146272,950,0,0,1
1553176631.1624386,950,0,0,1
1553176631.1786387,950,0,0,1
1553176631.1947904,950,0,0,1
1553176631.210883,950,0,0,1
1553176631.2269175,950,0,0,1
1553176631.2430577,950,0,0,1
1553176631.2591503,950,0,0,1
1553176631.2752414,950,0,0,1
1553176631.2913902,950,0,0,1
1553176631.3075027,950,0,0,1
1553176631.3235857,950,0,0,1
1553176631.3396616,950,0,0,1
1553176631.3559086,950,0,0,1
1553176631.3719974,950,0,0,1
1553176631.3880458,950,0,0,1
1553176631.4041314,950,0,0,1
1553176631.4192452,950,0,0,1
1553176631.4354637,950,0,0,1
1553176631.451467,950,0,0,1
1553176631.4675224,950,0,0,1
1553176631.4836874,950,0,0,1
1553176631.499859,950,0,0,1
1553176631.5158584,950,0,0,1
1553176631.531968,950,0,0,1
1553176631.548156,950,0,0,1
1553176631.5632875,950,0,0,1
1553176631.579363,950,0,0,1
1553176631.5954347,950,0,0,1
1553176631.6115258,950,0,0,1
1553176631.6276243,950,0,0,1
1553176631.6438727,950,0,0,1
1553176631.6599867,950,0,0,1
1553176631.6761458,950,0,0,1
1553176631.6922703,950,0,0,1
1553176631.7083278,950,0,0,1
1553176631.7243476,950,0,0,1
1553176631.7404404,950,0,0,1
1553176631.7564151,950,0,0,1
1553176631.7725224,950,0,0,1
1553176631.788625,950,0,0,1
1553176631.8050053,950,0,0,1
1553176631.8209817,950,0,0,1
1553176631.8370028,950,0,0,1
1553176631.8531067,950,0,0,1
1553176631.8692133,950,0,0,1
1553176631.8852694,950,0,0,1
1553176631.9012494,950,0,0,1
1553176631.9173996,950,0,0,1
1553176631.9335027,950,0,0,1
1553176631.9495766,950,0,0,1
1553176631.9655886,950,0,0,1
1553176631.9816077,950,0,0,1
1553176631.9977527,950,0,0,1
1553176632.0128157,950,0,0,1
1553176632.0289083,950,0,0,1
1553176632.0449667,950,0,0,1
1553176632.0609741,950,0,0,1
1553176632.0769312,950,0,0,1
1553176632.0930092,950,0,0,1
1553176632.1091118,950,0,0,1
1553176632.125159,950,0,0,1
1553176632.142161,950,0,0,1
1553176632.1582913,950,0,0,1
1553176632.1743224,950,0,0,1
1553176632.1904314,950,0,0,1
1553176632.206411,950,0,0,1
1553176632.2224767,950,0,0,1
1553176632.2384524,950,0,0,1
1553176632.2544804,950,0,0,1
1553176632.2704446,950,0,0,1
1553176632.286512,950,0,0,1
1553176632.3026083,950,0,0,1
1553176632.318793,950,0,0,1
1553176632.3348432,950,0,0,1
1553176632.350833,950,0,0,1
1553176632.366838,950,0,0,1
1553176632.3828962,950,0,0,1
1553176632.3991282,950,0,0,1
1553176632.4142878,950,0,0,1
1553176632.4302762,950,0,0,1
1553176632.4463131,950,0,0,1
1553176632.4623475,950,0,0,1
1553176632.4783847,950,0,0,1
1553176632.4943666,950,0,0,1
1553176632.5103548,950,0,0,1
1553176632.5262632,950,0,0,1
1553176632.5432055,950,0,0,1
1553176632.5601869,950,0,0,1
1553176632.5771744,950,0,0,1
1553176632.5932467,950,0,0,1
1553176632.6102047,950,0,0,1
1553176632.627106,950,0,0,1
1553176632.643136,950,0,0,1
1553176632.6591911,950,0,0,1
1553176632.6761565,950,0,0,1
1553176632.693126,950,0,0,1
1553176632.7089825,950,0,0,1
1553176632.724869,950,0,0,1
1553176632.740723,950,0,0,1
1553176632.7565768,950,0,0,1
1553176632.7724957,950,0,0,1
1553176632.7883852,950,0,0,1
1553176632.8042781,950,0,0,1
1553176632.8211825,950,0,0,1
1553176632.8380208,950,0,0,1
1553176632.853926,950,0,0,1
1553176632.8697908,950,0,0,1
1553176632.8856914,950,0,0,1
1553176632.9015443,950,0,0,1
1553176632.9173903,950,0,0,1
1553176632.9333677,950,0,0,1
1553176632.9502373,950,0,0,1
1553176632.9665377,950,0,0,1
1553176632.9824557,950,0,0,1
1553176632.998373,950,0,0,1
1553176633.0132692,950,0,0,1
1553176633.0301595,950,0,0,1
1553176633.0470068,950,0,0,1
1553176633.0629294,950,0,0,1
1553176633.0788295,950,0,0,1
1553176633.0947335,950,0,0,1
1553176633.1105773,950,0,0,1
1553176633.1264067,950,0,0,1
1553176633.142302,950,0,0,1
1553176633.159142,950,0,0,1
1553176633.1750586,950,0,0,1
1553176633.1909044,950,0,0,1
1553176633.206743,950,0,0,1
1553176633.222669,950,0,0,1
1553176633.238564,950,0,0,1
1553176633.2545116,950,0,0,1
1553176633.2703733,950,0,0,1
1553176633.2872226,950,0,0,1
1553176633.3042226,950,0,0,1
1553176633.3211737,950,0,0,1
1553176633.338002,950,0,0,1
1553176633.3533564,950,0,0,1
1553176633.3695612,950,0,0,1
1553176633.3856049,950,0,0,1
1553176633.4017158,950,0,0,1
1553176633.4177377,950,0,0,1
1553176633.4338582,950,0,0,1
1553176633.449973,950,0,0,1
1553176633.466004,950,0,0,1
1553176633.4820075,950,0,0,1
1553176633.4981272,950,0,0,1
1553176633.5141523,950,0,0,1
1553176633.5302038,950,0,0,1
1553176633.5472062,950,0,0,1
1553176633.5632944,950,0,0,1
1553176633.5793502,950,0,0,1
1553176633.5954359,950,0,0,1
1553176633.611448,950,0,0,1
1553176633.627565,950,0,0,1
1553176633.6437624,950,0,0,1
1553176633.659718,950,0,0,1
1553176633.6757326,950,0,0,1
1553176633.6916616,950,0,0,1
1553176633.7077339,950,0,0,1
1553176633.723767,950,0,0,1
1553176633.7398977,950,0,0,1
1553176633.755891,950,0,0,1
1553176633.771883,950,0,0,1
1553176633.7878883,950,0,0,1
1553176633.8039527,950,0,0,1
1553176633.8201485,950,0,0,1
1553176633.836163,950,0,0,1
1553176633.852377,950,0,0,1
1553176633.8683693,950,0,0,1
1553176633.884592,950,0,0,1
1553176633.9005964,950,0,0,1
1553176633.9166017,950,0,0,1
1553176633.9326677,950,0,0,1
1553176633.9487648,950,0,0,1
1553176633.964843,950,0,0,1
1553176633.9808757,950,0,0,1
1553176633.996978,950,0,0,1
1553176634.0120485,950,0,0,1
1553176634.0280545,950,0,0,1
1553176634.044119,950,0,0,1
1553176634.0601285,950,0,0,1
1553176634.0760865,950,0,0,1
1553176634.0912464,950,0,0,1
1553176634.1073174,950,0,0,1
1553176634.123467,950,0,0,1
1553176634.1396372,950,0,0,1
1553176634.1557734,950,0,0,1
1553176634.1718206,950,0,0,1
1553176634.187905,950,0,0,1
1553176634.2040963,950,0,0,1
1553176634.2201529,950,0,0,1
1553176634.2361732,950,0,0,1
1553176634.2532263,950,0,0,1
1553176634.2694001,950,0,0,1
1553176634.285421,950,0,0,1
1553176634.3015044,950,0,0,1
1553176634.3175747,950,0,0,1
1553176634.3337166,950,0,0,1
1553176634.3497689,950,0,0,1
1553176634.3658075,950,0,0,1
1553176634.3818674,950,0,0,1
1553176634.3978994,950,0,0,1
1553176634.4139495,950,0,0,1
1553176634.4300659,950,0,0,1
1553176634.4461164,950,0,0,1
1553176634.4621494,950,0,0,1
1553176634.4781654,950,0,0,1
1553176634.495216,950,0,0,1
1553176634.5112655,950,0,0,1
1553176634.5273683,950,0,0,1
1553176634.5435426,950,0,0,1
1553176634.5596821,950,0,0,1
1553176634.575788,950,0,0,1
1553176634.5918672,950,0,0,1
1553176634.607884,950,0,0,1
1553176634.6240811,950,0,0,1
1553176634.6402047,950,0,0,1
1553176634.656248,950,0,0,1
1553176634.6723847,950,0,0,1
1553176634.6884198,950,0,0,1
1553176634.7045515,950,0,0,1
1553176634.7206423,950,0,0,1
1553176634.736788,950,0,0,1
1553176634.75295,950,0,0,1
1553176634.7690601,950,0,0,1
1553176634.785132,950,0,0,1
1553176634.801171,950,0,0,1
1553176634.8181796,950,0,0,1
1553176634.8343868,950,0,0,1
1553176634.8504207,950,0,0,1
1553176634.8664556,950,0,0,1
1553176634.8826337,950,0,0,1
1553176634.8987596,950,0,0,1
1553176634.9149108,950,0,0,1
1553176634.9309795,950,0,0,1
1553176634.9469872,950,0,0,1
1553176634.9630618,950,0,0,1
1553176634.9791803,950,0,0,1
1553176634.9962387,950,0,0,1
1553176635.0113025,950,0,0,1
1553176635.0272944,950,0,0,1
1553176635.0433917,950,0,0,1
1553176635.0595484,950,0,0,1
1553176635.0755916,950,0,0,1
1553176635.0915675,950,0,0,1
1553176635.1075978,950,0,0,1
1553176635.1237817,950,0,0,1
1553176635.1397915,950,0,0,1
1553176635.1558273,950,0,0,1
1553176635.1718304,950,0,0,1
1553176635.1879158,950,0,0,1
1553176635.2039657,950,0,0,1
1553176635.2200572,950,0,0,1
1553176635.2360404,950,0,0,1
1553176635.2520204,950,0,0,1
1553176635.2682028,950,0,0,1
1553176635.285229,950,0,0,1
1553176635.3012502,950,0,0,1
1553176635.3172994,950,0,0,1
1553176635.333423,950,0,0,1
1553176635.3494842,950,0,0,1
1553176635.3656006,950,0,0,1
1553176635.3816845,950,0,0,1
1553176635.3977227,950,0,0,1
1553176635.4137683,950,0,0,1
1553176635.429923,950,0,0,1
1553176635.4459107,950,0,0,1
1553176635.4619288,950,0,0,1
1553176635.478042,950,0,0,1
1553176635.4940846,950,0,0,1
1553176635.510102,950,0,0,1
1553176635.5260847,950,0,0,1
1553176635.5421546,950,0,0,1
1553176635.5583293,950,0,0,1
1553176635.5743964,950,0,0,1
1553176635.59036,950,0,0,1
1553176635.6063457,950,0,0,1
1553176635.6224787,950,0,0,1
1553176635.6384597,950,0,0,1
1553176635.6545594,950,0,0,1
1553176635.670587,950,0,0,1
1553176635.686615,950,0,0,1
1553176635.7027607,950,0,0,1
1553176635.7188535,950,0,0,1
1553176635.7350452,950,0,0,1
1553176635.7509992,950,0,0,1
1553176635.7670393,950,0,0,1
1553176635.783101,950,0,0,1
1553176635.7992465,950,0,0,1
1553176635.81534,950,0,0,1
1553176635.831416,950,0,0,1
1553176635.8474355,950,0,0,1
1553176635.8636093,950,0,0,1
1553176635.8797843,950,0,0,1
1553176635.8959463,950,0,0,1
1553176635.9120054,950,0,0,1
1553176635.928156,950,0,0,1
1553176635.9442215,950,0,0,1
1553176635.9603367,950,0,0,1
1553176635.9763973,950,0,0,1
1553176635.9925165,950,0,0,1
1553176636.0085485,950,0,0,1
1553176636.0246637,0,0,0,0
1553176636.057439,0,0,0,0
1553176636.0746422,0,0,0,0
1553176636.0918636,0,0,0,0
1553176636.1092255,0,0,0,0
1553176636.1266232,0,0,0,0
1553176636.1439095,0,0,0,0
1553176636.1610777,0,0,0,0
1553176636.178274,0,0,0,0
1553176636.1956534,0,0,0,0
1553176636.2129729,0,0,0,0
1553176636.2303612,0,0,0,0
1553176636.2481084,0,0,0,0
1553176636.26586,0,0,0,0
1553176636.2836797,0,0,0,0
1553176636.301418,0,0,0,0
1553176636.3191342,0,0,0,0
1553176636.3369417,0,0,0,0
1553176636.3547404,0,0,0,0
1553176636.3725903,0,0,0,0
1553176636.3903983,0,0,0,0
1553176636.4080389,0,0,0,0
1553176636.4259782,0,0,0,0
1553176636.443538,0,0,0,0
1553176636.4613903,0,0,0,0
1553176636.4791396,0,0,0,0
1553176636.496839,0,0,0,0
1553176636.5145562,0,0,0,0
1553176636.5325222,0,0,0,0
1553176636.5503392,0,0,0,0
1553176636.5684228,0,0,0,0
1553176636.586573,0,1,0,0
1553176636.586777,949,0,0,0
1553176636.6219244,949,0,0,0
1553176636.6381788,949,0,0,0
1553176636.653569,949,0,0,0
1553176636.6700833,949,0,0,0
1553176636.6853814,949,0,0,0
1553176636.7017527,949,0,0,0
1553176636.7179694,949,0,0,0
1553176636.7341604,949,0,0,0
1553176636.7496748,949,0,0,0
1553176636.765996,949,0,0,0
1553176636.7822316,949,0,0,0
1553176636.7984273,949,0,0,0
1553176636.8146281,949,0,0,0
1553176636.8309405,949,0,0,0
1553176636.8471255,949,0,0,0
1553176636.8624372,949,0,0,0
1553176636.878716,949,0,0,0
1553176636.894968,949,0,0,0
1553176636.9112115,949,0,0,0
1553176636.9273856,949,0,0,0
1553176636.9435797,949,0,0,0
1553176636.959548,949,0,0,0
1553176636.9755895,949,0,0,0
1553176636.9914265,949,0,0,0
1553176637.0064814,949,0,0,0
1553176637.022671,949,0,0,0
1553176637.038599,949,0,0,0
1553176637.0545576,949,0,0,0
1553176637.070681,949,0,0,0
1553176637.0862958,949,0,0,0
1553176637.1028383,949,0,0,0
1553176637.118467,949,0,0,0
1553176637.1350567,949,0,0,0
1553176637.1505969,949,0,0,0
1553176637.168157,949,0,0,0
1553176637.1837564,949,0,0,0
1553176637.199314,949,0,0,0
1553176637.2158756,949,0,0,0
1553176637.231424,949,0,0,0
1553176637.2479823,949,0,0,0
1553176637.2635727,949,0,0,0
1553176637.2801259,949,0,0,0
PiStop sync.
1553176648.7594488