time,
0.011939287185668945,3,0,0
0.03876972198486328,3,0,0
0.06815099716186523,3,0,0
0.09495902061462402,3,0,0
0.12001609802246094,3,0,0
0.1365976333618164,3,0,0
0.15353775024414062,3,0,0
0.17000818252563477,3,0,0
0.18937182426452637,3,0,0
0.2055504322052002,3,0,0
0.22089457511901855,3,0,0
0.2373795509338379,3,0,0
0.2531139850616455,3,0,0
0.26977992057800293,3,0,0
0.2857687473297119,3,0,0
0.30205512046813965,3,0,0
0.3183257579803467,3,0,0
0.33449649810791016,3,0,0
0.35013723373413086,3,0,0
0.3664414882659912,3,0,0
0.381803035736084,3,0,0
0.3978593349456787,3,0,0
0.4139440059661865,3,0,0
0.43062567710876465,3,0,0
0.4460642337799072,3,0,0
0.46246790885925293,3,0,0
0.4785268306732178,3,0,0
0.4938850402832031,3,0,0
0.5104289054870605,3,0,0
0.5258612632751465,3,0,0
0.543278694152832,3,0,0
0.5593390464782715,3,0,0
0.5748722553253174,3,0,0
0.5906558036804199,3,0,0
0.6061410903930664,3,0,0
0.6217913627624512,3,0,0
0.6380958557128906,3,0,0
0.6542322635650635,3,0,0
0.6702208518981934,3,0,0
0.6862850189208984,3,0,0
0.7019302845001221,3,0,0
0.7181601524353027,3,0,0
0.7343223094940186,3,0,0
0.7498695850372314,3,0,0
0.7660634517669678,3,0,0
0.7825150489807129,3,0,0
0.7977662086486816,3,0,0
0.8139233589172363,3,0,0
0.8304378986358643,3,0,0
0.8465461730957031,3,0,0
0.8625123500823975,3,0,0
0.8785336017608643,3,0,0
0.8938515186309814,3,0,0
0.9102649688720703,3,0,0
0.9264028072357178,3,0,0
0.9423909187316895,3,0,0
0.9583537578582764,3,0,0
0.974503755569458,3,0,0
0.990044116973877,3,0,0
1.0124669075012207,3,0,0
1.026956558227539,3,0,0
1.0433995723724365,3,0,0
1.059598684310913,3,0,0
1.075685739517212,3,0,0
1.0942981243133545,3,0,0
1.1103994846343994,3,0,0
1.1261308193206787,3,0,0
1.142486810684204,3,0,0
1.1585884094238281,3,0,0
1.1752853393554688,3,0,0
1.1909711360931396,3,0,0
1.2073256969451904,3,0,0
1.2234673500061035,3,0,0
1.23887300491333,3,0,0
1.2553842067718506,3,0,0
1.271411657333374,3,0,0
1.2874681949615479,3,0,0
1.3036322593688965,3,0,0
1.3198761940002441,3,0,0
1.3362581729888916,3,0,0
1.3522756099700928,3,0,0
1.3682374954223633,3,0,0
1.3865258693695068,3,0,0
1.4027352333068848,3,0,0
1.4191420078277588,3,0,0
1.4353792667388916,3,0,0
1.45147705078125,3,0,0
1.4669787883758545,3,0,0
1.4829041957855225,3,0,0
1.4994845390319824,3,0,0
1.5155024528503418,3,0,0
1.5309371948242188,3,0,0
1.5484111309051514,3,0,0
1.5637667179107666,3,0,0
1.579986333847046,3,0,0
1.595231533050537,3,0,0
1.611375093460083,3,0,0
1.6272015571594238,3,0,0
1.6434681415557861,3,0,0
1.6588304042816162,3,0,0
1.6748881340026855,3,0,0
1.6909992694854736,3,0,0
1.7074296474456787,3,0,0
1.7235920429229736,3,0,0
1.7396667003631592,3,0,0
1.7557644844055176,3,0,0
1.771852731704712,3,0,0
1.7881596088409424,3,0,0
1.8042364120483398,3,0,0
1.8202269077301025,3,0,0
1.838676929473877,3,0,0
1.8549067974090576,3,0,0
1.871281623840332,3,0,0
1.8871948719024658,3,0,0
1.9034576416015625,3,0,0
1.9197111129760742,3,0,0
1.93560791015625,3,0,0
1.9509427547454834,3,0,0
1.9671154022216797,3,0,0
1.9833106994628906,3,0,0
1.999049186706543,3,0,0
2.02455472946167,4,0,0
2.038855791091919,4,0,0
2.055536985397339,4,0,0
2.071432590484619,4,0,0
2.0871965885162354,4,0,0
2.103628158569336,4,0,0
2.12131929397583,4,0,0
2.1374151706695557,4,0,0
2.15324068069458,4,0,0
2.1695446968078613,4,0,0
2.1849005222320557,4,0,0
2.202228307723999,4,0,0
2.2184464931488037,4,0,0
2.234302043914795,4,0,0
2.2504661083221436,4,0,0
2.2658345699310303,4,0,0
2.282033920288086,4,0,0
2.298030138015747,4,0,0
2.3145265579223633,4,0,0
2.3304836750030518,4,0,0
2.345841884613037,4,0,0
2.362014055252075,4,0,0
2.378065586090088,4,0,0
2.3945324420928955,4,0,0
2.410543203353882,4,0,0
2.4257891178131104,4,0,0
2.4421443939208984,4,0,0
2.458219528198242,4,0,0
2.473808526992798,4,0,0
2.4900264739990234,4,0,0
2.5061938762664795,4,0,0
2.5220820903778076,4,0,0
2.5390710830688477,4,0,0
2.555485248565674,4,0,0
2.571523666381836,4,0,0
2.58760142326355,4,0,0
2.6032302379608154,4,0,0
2.619611978530884,4,0,0
2.635958671569824,4,0,0
2.651916980743408,4,0,0
2.668039083480835,4,0,0
2.6843647956848145,4,0,0
2.7005860805511475,4,0,0
2.716555118560791,4,0,0
2.7348408699035645,4,0,0
2.7510788440704346,4,0,0
2.767573356628418,4,0,0
2.783648729324341,4,0,0
2.799816370010376,4,0,0
2.8164472579956055,4,0,0
2.8326263427734375,4,0,0
2.8483407497406006,4,0,0
2.863861083984375,4,0,0
2.8800342082977295,4,0,0
2.8962960243225098,4,0,0
2.9125473499298096,4,0,0
2.9280176162719727,4,0,0
2.944089651107788,4,0,0
2.9602599143981934,4,0,0
2.9767069816589355,4,0,0
2.9920802116394043,4,0,0
3.0084636211395264,4,0,0
3.0304646492004395,4,0,0
3.0447945594787598,4,0,0
3.0609827041625977,4,0,0
3.0771405696868896,4,0,0
3.0932743549346924,4,0,0
3.109581232070923,4,0,0
3.125072956085205,4,0,0
3.141407012939453,4,0,0
3.157400369644165,4,0,0
3.1728079319000244,4,0,0
3.1890299320220947,4,0,0
3.2055509090423584,4,0,0
3.2211217880249023,4,0,0
3.237147092819214,4,0,0
3.253321886062622,4,0,0
3.2697362899780273,4,0,0
3.285207748413086,4,0,0
3.3014676570892334,4,0,0
3.317450761795044,4,0,0
3.333547592163086,4,0,0
3.3499319553375244,4,0,0
3.366358757019043,4,0,0
3.382235288619995,4,0,0
3.3982534408569336,4,0,0
3.4145288467407227,4,0,0
3.4299521446228027,4,0,0
3.4464895725250244,4,0,0
3.462596893310547,4,0,0
3.4809083938598633,4,0,0
3.496934413909912,4,0,0
3.5134501457214355,4,0,0
3.5295305252075195,4,0,0
3.5458619594573975,4,0,0
3.562485933303833,4,0,0
3.5780270099639893,4,0,0
3.5930593013763428,4,0,0
3.6093854904174805,4,0,0
3.624764919281006,4,0,0
3.641162157058716,4,0,0
3.6575677394866943,4,0,0
3.674018621444702,4,0,0
3.6900196075439453,4,0,0
3.706254005432129,4,0,0
3.7222588062286377,4,0,0
3.7381622791290283,4,0,0
3.7543253898620605,4,0,0
3.771782875061035,4,0,0
3.787890672683716,4,0,0
3.804379463195801,4,0,0
3.82039475440979,4,0,0
3.8357949256896973,4,0,0
3.8524413108825684,4,0,0
3.8680551052093506,4,0,0
3.8841769695281982,4,0,0
3.9001712799072266,4,0,0
3.91636061668396,4,0,0
3.9323506355285645,4,0,0
3.948359489440918,4,0,0
3.9646072387695312,4,0,0
3.982785224914551,4,0,0
3.9989848136901855,4,0,0
4.015213489532471,4,0,0
4.0374884605407715,1,0,0
4.051646947860718,1,0,0
4.068026065826416,1,0,0
4.083925485610962,1,0,0
4.1004321575164795,1,0,0
4.115915775299072,1,0,0
4.131949186325073,1,0,0
4.148014783859253,1,0,0
4.1645684242248535,1,0,0
4.180257320404053,1,0,0
4.196568965911865,1,0,0
4.213527679443359,1,0,0
4.2289323806762695,1,0,0
4.24541163444519,1,0,0
4.261282920837402,1,0,0
4.277084589004517,1,0,0
4.295299053192139,1,0,0
4.311310529708862,1,0,0
4.326805353164673,1,0,0
4.3429014682769775,1,0,0
4.358971834182739,1,0,0
4.375205993652344,1,0,0
4.391249656677246,1,0,0
4.4067347049713135,1,0,0
4.422673225402832,1,0,0
4.438769578933716,1,0,0
4.455177068710327,1,0,0
4.471019268035889,1,0,0
4.4873292446136475,1,0,0
4.503217458724976,1,0,0
4.519208192825317,1,0,0
4.535067319869995,1,0,0
4.552002668380737,1,0,0
4.56814980506897,1,0,0
4.586446762084961,1,0,0
4.601381063461304,1,0,0
4.617522239685059,1,0,0
4.632839918136597,1,0,0
4.649371147155762,1,0,0
4.665826320648193,1,0,0
4.6818060874938965,1,0,0
4.698046922683716,1,0,0
4.714073896408081,1,0,0
4.730146408081055,1,0,0
4.745855331420898,1,0,0
4.761929512023926,1,0,0
4.778315544128418,1,0,0
4.7943196296691895,1,0,0
4.810281276702881,1,0,0
4.8261566162109375,1,0,0
4.842093467712402,1,0,0
4.858612775802612,1,0,0
4.875032424926758,1,0,0
4.8910229206085205,1,0,0
4.9069883823394775,1,0,0
4.923424482345581,1,0,0
4.93927264213562,1,0,0
4.955389738082886,1,0,0
4.971475839614868,1,0,0
4.987077713012695,1,0,0
5.003520965576172,1,0,0
5.019469976425171,1,0,0
5.047621965408325,2,0,0
5.065103530883789,2,0,0
5.081301927566528,2,0,0
5.097294092178345,2,0,0
5.113270998001099,2,0,0
5.1289894580841064,2,0,0
5.145299434661865,2,0,0
5.1614415645599365,2,0,0
5.17743444442749,2,0,0
5.19604754447937,2,0,0
5.21228289604187,2,0,0
5.22816014289856,2,0,0
5.2437262535095215,2,0,0
5.260430097579956,2,0,0
5.27604603767395,2,0,0
5.292313575744629,2,0,0
5.307825565338135,2,0,0
5.324026823043823,2,0,0
5.340251684188843,2,0,0
5.355977773666382,2,0,0
5.372292518615723,2,0,0
5.3879804611206055,2,0,0
5.404419898986816,2,0,0
5.420649290084839,2,0,0
5.437434673309326,2,0,0
5.452761888504028,2,0,0
5.468895196914673,2,0,0
5.485430479049683,2,0,0
5.50088357925415,2,0,0
5.517602205276489,2,0,0
5.534047842025757,2,0,0
5.55139684677124,2,0,0
5.569202184677124,2,0,0
5.585366725921631,2,0,0
5.600136756896973,2,0,0
5.61578893661499,2,0,0
5.631817579269409,2,0,0
5.64904522895813,2,0,0
5.664883375167847,2,0,0
5.681455135345459,2,0,0
5.697140216827393,2,0,0
5.712986707687378,2,0,0
5.729414463043213,2,0,0
5.745362758636475,2,0,0
5.761005401611328,2,0,0
5.777500629425049,2,0,0
5.79341721534729,2,0,0
5.809454917907715,2,0,0
5.825383424758911,2,0,0
5.841413259506226,2,0,0
5.857029438018799,2,0,0
5.872837543487549,2,0,0
5.8893773555755615,2,0,0
5.905322313308716,2,0,0
5.921034097671509,2,0,0
5.9374706745147705,2,0,0
5.953369140625,2,0,0
5.9693827629089355,2,0,0
5.985299587249756,2,0,0
6.001010179519653,2,0,0
6.01984977722168,2,0,0
6.0367066860198975,2,0,0
6.059384346008301,1,0,0
6.07427453994751,1,0,0
6.089773654937744,1,0,0
6.105881929397583,1,0,0
6.121729135513306,1,0,0
6.138433933258057,1,0,0
6.154507875442505,1,0,0
6.170338153839111,1,0,0
6.18588399887085,1,0,0
6.202393293380737,1,0,0
6.218379974365234,1,0,0
6.234312534332275,1,0,0
6.250048875808716,1,0,0
6.266422748565674,1,0,0
6.282139778137207,1,0,0
6.298197984695435,1,0,0
6.313998699188232,1,0,0
6.330381155014038,1,0,0
6.345808982849121,1,0,0
6.362288236618042,1,0,0
6.378175497055054,1,0,0
6.394172430038452,1,0,0
6.410569667816162,1,0,0
6.428584098815918,1,0,0
6.444156646728516,1,0,0
6.460092067718506,1,0,0
6.476701498031616,1,0,0
6.493152379989624,1,0,0
6.5096352100372314,1,0,0
6.5254271030426025,1,0,0
6.541736841201782,1,0,0
6.55807089805603,1,0,0
6.573838472366333,1,0,0
6.590510129928589,1,0,0
6.605972766876221,1,0,0
6.62235689163208,1,0,0
6.64043664932251,1,0,0
6.656133413314819,1,0,0
6.671750783920288,1,0,0
6.6884825229644775,1,0,0
6.70429801940918,1,0,0
6.719797134399414,1,0,0
6.736510515213013,1,0,0
6.752396106719971,1,0,0
6.768752574920654,1,0,0
6.786847114562988,1,0,0
6.8030431270599365,1,0,0
6.818827867507935,1,0,0
6.835247039794922,1,0,0
6.851258754730225,1,0,0
6.867697238922119,1,0,0
6.88371729850769,1,0,0
6.900485038757324,1,0,0
6.916101932525635,1,0,0
6.932092189788818,1,0,0
6.948312282562256,1,0,0
6.964369297027588,1,0,0
6.980098247528076,1,0,0
6.999488353729248,1,0,0
7.015233755111694,1,0,0
7.030770540237427,1,0,0
7.046986818313599,1,0,0
7.0695579051971436,3,0,0
7.084548473358154,3,0,0
7.100770711898804,3,0,0
7.117150783538818,3,0,0
7.13349986076355,3,0,0
7.148923635482788,3,0,0
7.1649181842803955,3,0,0
7.19358491897583,3,0,0
7.222214698791504,3,0,0
7.2504637241363525,3,0,0
7.272290468215942,3,0,0
7.288565635681152,3,0,0
7.304205894470215,3,0,0
7.319947719573975,3,0,0
7.336231708526611,3,0,0
7.352216958999634,3,0,0
7.367939710617065,3,0,0
7.384742736816406,3,0,0
7.401360511779785,3,0,0
7.419461488723755,3,0,0
7.43512487411499,3,0,0
7.451738595962524,3,0,0
7.468231201171875,3,0,0
7.484190464019775,3,0,0
7.500295877456665,3,0,0
7.5162436962127686,3,0,0
7.5321080684661865,3,0,0
7.549306869506836,3,0,0
7.565317392349243,3,0,0
7.58165168762207,3,0,0
7.596459627151489,3,0,0
7.612197399139404,3,0,0
7.631148338317871,3,0,0
7.646862506866455,3,0,0
7.663717269897461,3,0,0
7.679411172866821,3,0,0
7.695403575897217,3,0,0
7.7108049392700195,3,0,0
7.727648973464966,3,0,0
7.743154287338257,3,0,0
7.759446859359741,3,0,0
7.775462865829468,3,0,0
7.791298151016235,3,0,0
7.807624340057373,3,0,0
7.824572801589966,3,0,0
7.842829942703247,3,0,0
7.858774662017822,3,0,0
7.8751020431518555,3,0,0
7.890935182571411,3,0,0
7.906957626342773,3,0,0
7.923267126083374,3,0,0
7.93922758102417,3,0,0
7.955433368682861,3,0,0
7.9710564613342285,3,0,0
7.987164497375488,3,0,0
8.002771615982056,3,0,0
8.019007682800293,3,0,0
8.035217523574829,3,0,0
8.051520824432373,3,0,0
8.073546648025513,1,0,0
8.087849855422974,1,0,0
8.104124546051025,1,0,0
8.120234489440918,1,0,0
8.136213779449463,1,0,0
8.152266502380371,1,0,0
8.167757511138916,1,0,0
8.184608221054077,1,0,0
8.200898885726929,1,0,0
8.217193365097046,1,0,0
8.23468017578125,1,0,0
8.251153707504272,1,0,0
8.26695990562439,1,0,0
8.283246994018555,1,0,0
8.299506664276123,1,0,0
8.316125631332397,1,0,0
8.332494497299194,1,0,0
8.348175525665283,1,0,0
8.364592790603638,1,0,0
8.380948543548584,1,0,0
8.396885633468628,1,0,0
8.413542032241821,1,0,0
8.428861141204834,1,0,0
8.445173025131226,1,0,0
8.461428880691528,1,0,0
8.477612257003784,1,0,0
8.493414640426636,1,0,0
8.509650707244873,1,0,0
8.528507947921753,1,0,0
8.544957876205444,1,0,0
8.561445474624634,1,0,0
8.576922416687012,1,0,0
8.59242558479309,1,0,0
8.608192920684814,1,0,0
8.624558448791504,1,0,0
8.6403169631958,1,0,0
8.655775308609009,1,0,0
8.672067880630493,1,0,0
8.688589096069336,1,0,0
8.704664707183838,1,0,0
8.720382452011108,1,0,0
8.735815525054932,1,0,0
8.752492904663086,1,0,0
8.76840615272522,1,0,0
8.7842435836792,1,0,0
8.799789428710938,1,0,0
8.816076040267944,1,0,0
8.832553386688232,1,0,0
8.849361658096313,1,0,0
8.865523338317871,1,0,0
8.880979776382446,1,0,0
8.898555994033813,1,0,0
8.913995027542114,1,0,0
8.929702281951904,1,0,0
8.945763111114502,1,0,0
8.96200156211853,1,0,0
8.978540420532227,1,0,0
8.99378776550293,1,0,0
9.010191202163696,1,0,0
9.026560544967651,1,0,0
9.043156862258911,1,0,0
9.059694290161133,1,0,0
9.081662654876709,4,0,0
9.096113681793213,4,0,0
9.112900972366333,4,0,0
9.12893271446228,4,0,0
9.145174503326416,4,0,0
9.162559509277344,4,0,0
9.17883849143982,4,0,0
9.195200204849243,4,0,0
9.211560726165771,4,0,0
9.228613138198853,4,0,0
9.245321035385132,4,0,0
9.261014461517334,4,0,0
9.277450323104858,4,0,0
9.2928307056427,4,0,0
9.311152696609497,4,0,0
9.327484607696533,4,0,0
9.34324598312378,4,0,0
9.358956575393677,4,0,0
9.375250339508057,4,0,0
9.390900135040283,4,0,0
9.407244443893433,4,0,0
9.42300271987915,4,0,0
9.439286708831787,4,0,0
9.45541501045227,4,0,0
9.470871925354004,4,0,0
9.487282276153564,4,0,0
9.503046989440918,4,0,0
9.519185066223145,4,0,0
9.535374402999878,4,0,0
9.55203127861023,4,0,0
9.568090677261353,4,0,0
9.584452867507935,4,0,0
9.599429845809937,4,0,0
9.615549087524414,4,0,0
9.632046699523926,4,0,0
9.648385047912598,4,0,0
9.664114952087402,4,0,0
9.680665016174316,4,0,0
9.69613766670227,4,0,0
9.711969375610352,4,0,0
9.72863221168518,4,0,0
9.744358539581299,4,0,0
9.760765552520752,4,0,0
9.777259826660156,4,0,0
9.79596471786499,4,0,0
9.811769247055054,4,0,0
9.828494787216187,4,0,0
9.844818592071533,4,0,0
9.861575841903687,4,0,0
9.877318620681763,4,0,0
9.893439054489136,4,0,0
9.909019231796265,4,0,0
9.925505638122559,4,0,0
9.940990686416626,4,0,0
9.957546472549438,4,0,0
9.973689317703247,4,0,0
9.989996910095215,4,0,0
10.00588345527649,4,0,0
10.022173166275024,4,0,0
10.038488149642944,4,0,0
10.055824995040894,4,0,0
10.072136163711548,4,0,0
10.094158172607422,3,0,0
10.109414339065552,3,0,0
10.12569522857666,3,0,0
10.142512798309326,3,0,0
10.158608198165894,3,0,0
10.174124956130981,3,0,0
10.190672397613525,3,0,0
10.207557678222656,3,0,0
10.223706722259521,3,0,0
10.24005675315857,3,0,0
10.256223917007446,3,0,0
10.271879434585571,3,0,0
10.288204669952393,3,0,0
10.304510831832886,3,0,0
10.319973468780518,3,0,0
10.335846900939941,3,0,0
10.352213859558105,3,0,0
10.368464469909668,3,0,0
10.386616706848145,3,0,0
10.402169942855835,3,0,0
10.417744874954224,3,0,0
10.433972597122192,3,0,0
10.450371503829956,3,0,0
10.466547727584839,3,0,0
10.481788873672485,3,0,0
10.498274564743042,3,0,0
10.513761758804321,3,0,0
10.530137062072754,3,0,0
10.547589778900146,3,0,0
10.56327509880066,3,0,0
10.57956075668335,3,0,0
10.594914436340332,3,0,0
10.611508846282959,3,0,0
10.62724757194519,3,0,0
10.642943382263184,3,0,0
10.659230709075928,3,0,0
10.674773931503296,3,0,0
10.691094875335693,3,0,0
10.70706844329834,3,0,0
10.722858905792236,3,0,0
10.739045858383179,3,0,0
10.755351066589355,3,0,0
10.77092957496643,3,0,0
10.787490367889404,3,0,0
10.802916049957275,3,0,0
10.819201469421387,3,0,0
10.835479259490967,3,0,0
10.850910425186157,3,0,0
10.866838216781616,3,0,0
10.883341550827026,3,0,0
10.899447441101074,3,0,0
10.917718887329102,3,0,0
10.934030532836914,3,0,0
10.950586080551147,3,0,0
10.966847658157349,3,0,0
10.983202934265137,3,0,0
10.999401092529297,3,0,0
11.01569390296936,3,0,0
11.031832456588745,3,0,0
11.049880504608154,3,0,0
11.066401720046997,3,0,0
11.084419965744019,3,0,0
11.11003303527832,2,0,0
11.124559164047241,2,0,0
11.139927864074707,2,0,0
11.156497240066528,2,0,0
11.17291808128357,2,0,0
11.19028115272522,2,0,0
11.206619024276733,2,0,0
11.224186897277832,2,0,0
11.24040937423706,2,0,0
11.25637936592102,2,0,0
11.27261233329773,2,0,0
11.28897476196289,2,0,0
11.304837703704834,2,0,0
11.321179389953613,2,0,0
11.337417364120483,2,0,0
11.353535652160645,2,0,0
11.369269132614136,2,0,0
11.385083436965942,2,0,0
11.40151333808899,2,0,0
11.41683578491211,2,0,0
11.433220386505127,2,0,0
11.449589490890503,2,0,0
11.466173887252808,2,0,0
11.48251485824585,2,0,0
11.498019933700562,2,0,0
11.51511025428772,2,0,0
11.531665325164795,2,0,0
11.549188613891602,2,0,0
11.565347909927368,2,0,0
11.580922365188599,2,0,0
11.596696376800537,2,0,0
11.612478733062744,2,0,0
11.628001689910889,2,0,0
11.644221782684326,2,0,0
11.660480260848999,2,0,0
11.676506280899048,2,0,0
11.692089080810547,2,0,0
11.708388805389404,2,0,0
11.72460150718689,2,0,0
11.741010189056396,2,0,0
11.757484436035156,2,0,0
11.77323579788208,2,0,0
11.789557933807373,2,0,0
11.806816577911377,2,0,0
11.82337737083435,2,0,0
11.839157819747925,2,0,0
11.855568408966064,2,0,0
11.871966123580933,2,0,0
11.887837648391724,2,0,0
11.904220819473267,2,0,0
11.920595169067383,2,0,0
11.93864369392395,2,0,0
11.95401668548584,2,0,0
11.97057557106018,2,0,0
11.986011028289795,2,0,0
12.002413511276245,2,0,0
12.018613815307617,2,0,0
12.034133911132812,2,0,0
12.050509929656982,2,0,0
12.065816879272461,2,0,0
12.082226753234863,2,0,0
12.098556756973267,2,0,0
12.120380163192749,4,0,0
12.135102033615112,4,0,0
12.151280641555786,4,0,0
12.166776895523071,4,0,0
12.183119535446167,4,0,0
12.199423789978027,4,0,0
12.215575933456421,4,0,0
12.23119330406189,4,0,0
12.24740219116211,4,0,0
12.26293683052063,4,0,0
12.27894377708435,4,0,0
12.294768333435059,4,0,0
12.310853004455566,4,0,0
12.32706880569458,4,0,0
12.342864036560059,4,0,0
12.359450340270996,4,0,0
12.374841690063477,4,0,0
12.391140699386597,4,0,0
12.407247066497803,4,0,0
12.423620700836182,4,0,0
12.440449476242065,4,0,0
12.456623077392578,4,0,0
12.472881555557251,4,0,0
12.490255355834961,4,0,0
12.506624698638916,4,0,0
12.522582054138184,4,0,0
12.538822412490845,4,0,0
12.555344581604004,4,0,0
12.57161021232605,4,0,0
12.587292194366455,4,0,0
12.601789712905884,4,0,0
12.617832660675049,4,0,0
12.634502410888672,4,0,0
12.65090012550354,4,0,0
12.667248725891113,4,0,0
12.684347867965698,4,0,0
12.699758052825928,4,0,0
12.71644139289856,4,0,0
12.732321739196777,4,0,0
12.74809217453003,4,0,0
12.764546155929565,4,0,0
12.779842853546143,4,0,0
12.79656434059143,4,0,0
12.81351637840271,4,0,0
12.829308032989502,4,0,0
12.845079183578491,4,0,0
12.861363410949707,4,0,0
12.877178430557251,4,0,0
12.89598536491394,4,0,0
12.912005424499512,4,0,0
12.92841386795044,4,0,0
12.943969011306763,4,0,0
12.959739446640015,4,0,0
12.976357460021973,4,0,0
12.992559909820557,4,0,0
13.008289575576782,4,0,0
13.024057149887085,4,0,0
13.040506362915039,4,0,0
13.056366443634033,4,0,0
13.071805477142334,4,0,0
13.08777141571045,4,0,0
13.103909492492676,4,0,0
13.12699580192566,2,0,0
13.141652822494507,2,0,0
13.158642053604126,2,0,0
13.173956155776978,2,0,0
13.190767288208008,2,0,0
13.20764684677124,2,0,0
13.2253737449646,2,0,0
13.241167068481445,2,0,0
13.257661581039429,2,0,0
13.273021697998047,2,0,0
13.288865804672241,2,0,0
13.305640935897827,2,0,0
13.321565389633179,2,0,0
13.337230682373047,2,0,0
13.353113889694214,2,0,0
13.369181632995605,2,0,0
13.385838031768799,2,0,0
13.400928735733032,2,0,0
13.417621850967407,2,0,0
13.437018156051636,2,0,0
13.453105926513672,2,0,0
13.4688081741333,2,0,0
13.4854154586792,2,0,0
13.501482725143433,2,0,0
13.516983032226562,2,0,0
13.533517599105835,2,0,0
13.550292253494263,2,0,0
13.566402196884155,2,0,0
13.58211898803711,2,0,0
13.59713339805603,2,0,0
13.613753080368042,2,0,0
13.630187511444092,2,0,0
13.64632272720337,2,0,0
13.661885738372803,2,0,0
13.677898168563843,2,0,0
13.694547414779663,2,0,0
13.710134744644165,2,0,0
13.726340770721436,2,0,0
13.741990804672241,2,0,0
13.758163213729858,2,0,0
13.773903608322144,2,0,0
13.790424585342407,2,0,0
13.806628227233887,2,0,0
13.823087215423584,2,0,0
13.83904218673706,2,0,0
13.854787349700928,2,0,0
13.871265888214111,2,0,0
13.889479398727417,2,0,0
13.904855489730835,2,0,0
13.921518564224243,2,0,0
13.93702483177185,2,0,0
13.953529357910156,2,0,0
13.969810962677002,2,0,0
13.986470460891724,2,0,0
14.00246286392212,2,0,0
14.0179283618927,2,0,0
14.033904314041138,2,0,0
14.051049709320068,2,0,0
14.067098617553711,2,0,0
14.083137512207031,2,0,0
14.103854417800903,2,0,0
14.119375705718994,2,0,0
14.141576290130615,1,0,0
14.156856536865234,1,0,0
14.173128843307495,1,0,0
14.189199209213257,1,0,0
14.205322504043579,1,0,0
14.220855236053467,1,0,0
14.236782312393188,1,0,0
14.253385782241821,1,0,0
14.269532442092896,1,0,0
14.284841537475586,1,0,0
14.303050518035889,1,0,0
14.319094181060791,1,0,0
14.33490777015686,1,0,0
14.351256132125854,1,0,0
14.36743688583374,1,0,0
14.38311505317688,1,0,0
14.399425745010376,1,0,0
14.414961099624634,1,0,0
14.431013107299805,1,0,0
14.447155237197876,1,0,0
14.463622570037842,1,0,0
14.47969365119934,1,0,0
14.495939016342163,1,0,0
14.513238191604614,1,0,0
14.529366970062256,1,0,0
14.54585075378418,1,0,0
14.561949491500854,1,0,0
14.57803201675415,1,0,0
14.593549966812134,1,0,0
14.60957956314087,1,0,0
14.625166177749634,1,0,0
14.641451120376587,1,0,0
14.65749979019165,1,0,0
14.672871112823486,1,0,0
14.688967943191528,1,0,0
14.705445051193237,1,0,0
14.721482515335083,1,0,0
14.737562656402588,1,0,0
14.754223585128784,1,0,0
14.770618677139282,1,0,0
14.786813020706177,1,0,0
14.802926540374756,1,0,0
14.819039821624756,1,0,0
14.83542275428772,1,0,0
14.851504802703857,1,0,0
14.86674427986145,1,0,0
14.884890794754028,1,0,0
14.901004314422607,1,0,0
14.917478561401367,1,0,0
14.933185577392578,1,0,0
14.949050188064575,1,0,0
14.965925216674805,1,0,0
14.982485055923462,1,0,0
14.9982590675354,1,0,0
15.014564275741577,1,0,0
15.030208587646484,1,0,0
15.046122789382935,1,0,0
15.061918020248413,1,0,0
15.078278541564941,1,0,0
15.094565391540527,1,0,0
15.110974788665771,1,0,0
15.127297639846802,1,0,0
15.149991750717163,1,0,0
15.165244579315186,1,0,0
15.181066513061523,1,0,0
15.197459697723389,1,0,0
15.213229179382324,1,0,0
15.232591152191162,1,0,0
15.251473426818848,1,0,0
15.267663717269897,1,0,0
15.286242961883545,1,0,0
15.301709651947021,1,0,0
15.3179030418396,1,0,0
15.33397102355957,1,0,0
15.350420713424683,1,0,0
15.366641998291016,1,0,0
15.382066011428833,1,0,0
15.398257970809937,1,0,0
15.414814472198486,1,0,0
15.431249856948853,1,0,0
15.447434663772583,1,0,0
15.46321153640747,1,0,0
15.4795560836792,1,0,0
15.495027780532837,1,0,0
15.511544227600098,1,0,0
15.52725887298584,1,0,0
15.544564247131348,1,0,0
15.559781074523926,1,0,0
15.578899383544922,1,0,0
15.594702005386353,1,0,0
15.611324310302734,1,0,0
15.627057552337646,1,0,0
15.642883062362671,1,0,0
15.659488201141357,1,0,0
15.675495624542236,1,0,0
15.691571235656738,1,0,0
15.707473039627075,1,0,0
15.723210573196411,1,0,0
15.739893913269043,1,0,0
15.756471395492554,1,0,0
15.772395133972168,1,0,0
15.78821611404419,1,0,0
15.804651737213135,1,0,0
15.820241689682007,1,0,0
15.83638596534729,1,0,0
15.852080821990967,1,0,0
15.868502855300903,1,0,0
15.884620189666748,1,0,0
15.901235103607178,1,0,0
15.916796922683716,1,0,0
15.933303833007812,1,0,0
15.94931411743164,1,0,0
15.965590000152588,1,0,0
15.981998682022095,1,0,0
15.998087644577026,1,0,0
16.01422667503357,1,0,0
16.031574249267578,1,0,0
16.047627925872803,1,0,0
16.063183546066284,1,0,0
16.0793879032135,1,0,0
16.094770669937134,1,0,0
16.111184120178223,1,0,0
16.12726068496704,1,0,0
16.142887353897095,1,0,0
16.165701627731323,4,0,0
16.180280685424805,4,0,0
16.196889638900757,4,0,0
16.213713884353638,4,0,0
16.22959017753601,4,0,0
16.245731353759766,4,0,0
16.26186180114746,4,0,0
16.27856969833374,4,0,0
16.29440951347351,4,0,0
16.31326699256897,4,0,0
16.329033374786377,4,0,0
16.344761610031128,4,0,0
16.361144542694092,4,0,0
16.377240657806396,4,0,0
16.393634796142578,4,0,0
16.40926170349121,4,0,0
16.425122022628784,4,0,0
16.441606760025024,4,0,0
16.45765447616577,4,0,0
16.474034786224365,4,0,0
16.490715265274048,4,0,0
16.506350994110107,4,0,0
16.525551080703735,4,0,0
16.542481660842896,4,0,0
16.55833911895752,4,0,0
16.573981761932373,4,0,0
16.589862823486328,4,0,0
16.60626220703125,4,0,0
16.622183084487915,4,0,0
16.637863636016846,4,0,0
16.65425443649292,4,0,0
16.670071125030518,4,0,0
16.686346530914307,4,0,0
16.70227289199829,4,0,0
16.717965841293335,4,0,0
16.736955881118774,4,0,0
16.75368332862854,4,0,0
16.770371675491333,4,0,0
16.78600549697876,4,0,0
16.80186915397644,4,0,0
16.81799030303955,4,0,0
16.83396005630493,4,0,0
16.850444793701172,4,0,0
16.8686625957489,4,0,0
16.88438653945923,4,0,0
16.9002423286438,4,0,0
16.915712118148804,4,0,0
16.93242120742798,4,0,0
16.949216604232788,4,0,0
16.964867115020752,4,0,0
16.981656312942505,4,0,0
16.997421503067017,4,0,0
17.013309478759766,4,0,0
17.029714107513428,4,0,0
17.045687437057495,4,0,0
17.062464475631714,4,0,0
17.07858180999756,4,0,0
17.094911336898804,4,0,0
17.11149525642395,4,0,0
17.126770734786987,4,0,0
17.14296007156372,4,0,0
17.15910577774048,4,0,0
17.181644439697266,4,0,0
17.19637179374695,4,0,0
17.21452283859253,4,0,0
17.22984218597412,4,0,0
17.246368169784546,4,0,0
17.262614965438843,4,0,0
17.278921365737915,4,0,0
17.29541778564453,4,0,0
17.310989379882812,4,0,0
17.327353954315186,4,0,0
17.343448162078857,4,0,0
17.35893940925598,4,0,0
17.375452041625977,4,0,0
17.390979051589966,4,0,0
17.407382488250732,4,0,0
17.422765493392944,4,0,0
17.439178228378296,4,0,0
17.45511221885681,4,0,0
17.47163701057434,4,0,0
17.487723350524902,4,0,0
17.50393271446228,4,0,0
17.52038311958313,4,0,0
17.53627038002014,4,0,0
17.553552389144897,4,0,0
17.56989860534668,4,0,0
17.5861918926239,4,0,0
17.601528882980347,4,0,0
17.617045879364014,4,0,0
17.633121013641357,4,0,0
17.649458646774292,4,0,0
17.6655752658844,4,0,0
17.680864810943604,4,0,0
17.697348833084106,4,0,0
17.713472604751587,4,0,0
17.728975296020508,4,0,0
17.745391130447388,4,0,0
17.76179838180542,4,0,0
17.778396129608154,4,0,0
17.794066190719604,4,0,0
17.810436010360718,4,0,0
17.825923204421997,4,0,0
17.842453718185425,4,0,0
17.858189821243286,4,0,0
17.874441146850586,4,0,0
17.889939069747925,4,0,0
17.906141996383667,4,0,0
17.92246913909912,4,0,0
17.938140869140625,4,0,0
17.95428967475891,4,0,0
17.969848155975342,4,0,0
17.986006259918213,4,0,0
18.00235939025879,4,0,0
18.018120765686035,4,0,0
18.034383535385132,4,0,0
18.04978108406067,4,0,0
18.066020250320435,4,0,0
18.082364559173584,4,0,0
18.09853458404541,4,0,0
18.11379599571228,4,0,0
18.130065441131592,4,0,0
18.146625757217407,4,0,0
18.162652730941772,4,0,0
18.184246301651,4,0,0
18.199467420578003,4,0,0
18.21566891670227,4,0,0
18.23184561729431,4,0,0
18.24795389175415,4,0,0
18.26376223564148,4,0,0
18.280399560928345,4,0,0
18.295736074447632,4,0,0
18.311885833740234,4,0,0
18.32799458503723,4,0,0
18.344337224960327,4,0,0
18.360074281692505,4,0,0
18.376551866531372,4,0,0
18.392006397247314,4,0,0
18.40994954109192,4,0,0
18.426368951797485,4,0,0
18.44211506843567,4,0,0
18.458276987075806,4,0,0
18.473866939544678,4,0,0
18.490081310272217,4,0,0
18.506469011306763,4,0,0
18.522157192230225,4,0,0
18.538350343704224,4,0,0
18.554075717926025,4,0,0
18.570677280426025,4,0,0
18.586029052734375,4,0,0
18.601552963256836,4,0,0
18.61685037612915,4,0,0
18.632898330688477,4,0,0
18.650943756103516,4,0,0
18.66747736930847,4,0,0
18.68355369567871,4,0,0
18.69892978668213,4,0,0
18.715471506118774,4,0,0
18.731805562973022,4,0,0
18.748250007629395,4,0,0
18.76437544822693,4,0,0
18.780455589294434,4,0,0
18.79603123664856,4,0,0
18.812625885009766,4,0,0
18.82886791229248,4,0,0
18.845115661621094,4,0,0
18.863177061080933,4,0,0
18.87878918647766,4,0,0
18.895344018936157,4,0,0
18.911396265029907,4,0,0
18.926844596862793,4,0,0
18.943044900894165,4,0,0
18.959750175476074,4,0,0
18.97632884979248,4,0,0
18.992549896240234,4,0,0
19.008046627044678,4,0,0
19.02390217781067,4,0,0
19.040419340133667,4,0,0
19.05574131011963,4,0,0
19.071965217590332,4,0,0
19.088411569595337,4,0,0
19.104204893112183,4,0,0
19.12064218521118,4,0,0
19.136852502822876,4,0,0
19.154101610183716,4,0,0
19.17078709602356,4,0,0
19.193527460098267,2,0,0
19.20816731452942,2,0,0
19.224623918533325,2,0,0
19.240589380264282,2,0,0
19.25644063949585,2,0,0
19.271875143051147,2,0,0
19.287782192230225,2,0,0
19.304943799972534,2,0,0
19.321337699890137,2,0,0
19.3370943069458,2,0,0
19.35333013534546,2,0,0
19.368778944015503,2,0,0
19.384870052337646,2,0,0
19.401158094406128,2,0,0
19.41719150543213,2,0,0
19.43335795402527,2,0,0
19.448869466781616,2,0,0
19.465136766433716,2,0,0
19.48160696029663,2,0,0
19.497325658798218,2,0,0
19.513469457626343,2,0,0
19.528945684432983,2,0,0
19.546281814575195,2,0,0
19.561847448349,2,0,0
19.578311443328857,2,0,0
19.593620538711548,2,0,0
19.609106063842773,2,0,0
19.625491619110107,2,0,0
19.641062021255493,2,0,0
19.657476902008057,2,0,0
19.67362880706787,2,0,0
19.689926147460938,2,0,0
19.70653772354126,2,0,0
19.721776962280273,2,0,0
19.73808479309082,2,0,0
19.756290674209595,2,0,0
19.772621393203735,2,0,0
19.788466453552246,2,0,0
19.803784370422363,2,0,0
19.82019281387329,2,0,0
19.836724519729614,2,0,0
19.85319972038269,2,0,0
19.86885952949524,2,0,0
19.885034561157227,2,0,0
19.901371717453003,2,0,0
19.916760206222534,2,0,0
19.933198928833008,2,0,0
19.948849201202393,2,0,0
19.964984893798828,2,0,0
19.981258392333984,2,0,0
19.99679970741272,2,0,0
20.013238430023193,2,0,0
20.028918027877808,2,0,0
20.045193672180176,2,0,0
20.06158137321472,2,0,0
20.078192949295044,2,0,0
20.09418821334839,2,0,0
20.110270738601685,2,0,0
20.125893115997314,2,0,0
20.142183303833008,2,0,0
20.157928705215454,2,0,0
20.174384832382202,2,0,0
20.19649839401245,3,0,0
20.211240768432617,3,0,0
20.226986169815063,3,0,0
20.24371361732483,3,0,0
20.260498523712158,3,0,0
20.27590799331665,3,0,0
20.292434215545654,3,0,0
20.308614253997803,3,0,0
20.32678508758545,3,0,0
20.343353748321533,3,0,0
20.35910701751709,3,0,0
20.375365734100342,3,0,0
20.390957832336426,3,0,0
20.407135725021362,3,0,0
20.42340636253357,3,0,0
20.439173698425293,3,0,0
20.455365657806396,3,0,0
20.470860958099365,3,0,0
20.487404823303223,3,0,0
20.50301480293274,3,0,0
20.51943802833557,3,0,0
20.534924507141113,3,0,0
20.552194595336914,3,0,0
20.56804084777832,3,0,0
20.584312915802002,3,0,0
20.59966516494751,3,0,0
20.615854740142822,3,0,0
20.632250785827637,3,0,0
20.648070573806763,3,0,0
20.66453742980957,3,0,0
20.679768085479736,3,0,0
20.696061372756958,3,0,0
20.712392330169678,3,0,0
20.72819185256958,3,0,0
20.744616985321045,3,0,0
20.760876655578613,3,0,0
20.777980089187622,3,0,0
20.794302225112915,3,0,0
20.810032844543457,3,0,0
20.826274156570435,3,0,0
20.841766357421875,3,0,0
20.857847452163696,3,0,0
20.874130249023438,3,0,0
20.889843940734863,3,0,0
20.906238317489624,3,0,0
20.921790838241577,3,0,0
20.938182830810547,3,0,0
20.953908681869507,3,0,0
20.970279693603516,3,0,0
20.986347198486328,3,0,0
21.00197982788086,3,0,0
21.018508195877075,3,0,0
21.03384256362915,3,0,0
21.050026655197144,3,0,0
21.066280841827393,3,0,0
21.081852197647095,3,0,0
21.098466873168945,3,0,0
21.113892078399658,3,0,0
21.130069971084595,3,0,0
21.146313667297363,3,0,0
21.161831378936768,3,0,0
21.17845129966736,3,0,0
21.200971841812134,4,0,0
21.215274333953857,4,0,0
21.230998277664185,4,0,0
21.246962785720825,4,0,0
21.26294994354248,4,0,0
21.279082775115967,4,0,0
21.297934770584106,4,0,0
21.31440305709839,4,0,0
21.330071449279785,4,0,0
21.346265077590942,4,0,0
21.362558126449585,4,0,0
21.378953456878662,4,0,0
21.395495414733887,4,0,0
21.410815715789795,4,0,0
21.42693305015564,4,0,0
21.4432430267334,4,0,0
21.458961963653564,4,0,0
21.475420236587524,4,0,0
21.49154233932495,4,0,0
21.50722575187683,4,0,0
21.522799968719482,4,0,0
21.540430307388306,4,0,0
21.555774927139282,4,0,0
21.57228183746338,4,0,0
21.589720964431763,4,0,0
21.60602116584778,4,0,0
21.621800422668457,4,0,0
21.637898683547974,4,0,0
21.65424156188965,4,0,0
21.670759916305542,4,0,0
21.686182975769043,4,0,0
21.70196008682251,4,0,0
21.718302488327026,4,0,0
21.733765602111816,4,0,0
21.7500581741333,4,0,0
21.76649832725525,4,0,0
21.782585620880127,4,0,0
21.79875135421753,4,0,0
21.815070152282715,4,0,0
21.831525325775146,4,0,0
21.846855640411377,4,0,0
21.863112211227417,4,0,0
21.881285190582275,4,0,0
21.89733386039734,4,0,0
21.91374683380127,4,0,0
21.92986035346985,4,0,0
21.94618821144104,4,0,0
21.962028980255127,4,0,0
21.97792148590088,4,0,0
21.99406361579895,4,0,0
22.01015877723694,4,0,0
22.02578330039978,4,0,0
22.04234552383423,4,0,0
22.058574676513672,4,0,0
22.074881076812744,4,0,0
22.09238576889038,4,0,0
22.108676195144653,4,0,0
22.125284433364868,4,0,0
22.141294479370117,4,0,0
22.15674090385437,4,0,0
22.173069953918457,4,0,0
22.189527988433838,4,0,0
22.2117600440979,1,0,0
22.226582765579224,1,0,0
22.241957187652588,1,0,0
22.258373498916626,1,0,0
22.274303197860718,1,0,0
22.289923191070557,1,0,0
22.3065824508667,1,0,0
22.32218647003174,1,0,0
22.340293407440186,1,0,0
22.35667371749878,1,0,0
22.373318195343018,1,0,0
22.389450550079346,1,0,0
22.40489888191223,1,0,0
22.421311140060425,1,0,0
22.436882972717285,1,0,0
22.45327591896057,1,0,0
22.46953296661377,1,0,0
22.48494052886963,1,0,0
22.501424312591553,1,0,0
22.516905307769775,1,0,0
22.533305168151855,1,0,0
22.550360918045044,1,0,0
22.565904140472412,1,0,0
22.58251118659973,1,0,0
22.596808910369873,1,0,0
22.612937450408936,1,0,0
22.629005193710327,1,0,0
22.645406246185303,1,0,0
22.66120171546936,1,0,0
22.67677354812622,1,0,0
22.69313669204712,1,0,0
22.709327459335327,1,0,0
22.72560691833496,1,0,0
22.74206304550171,1,0,0
22.758237838745117,1,0,0
22.77389359474182,1,0,0
22.791253089904785,1,0,0
22.807526111602783,1,0,0
22.823601245880127,1,0,0
22.839061737060547,1,0,0
22.855467081069946,1,0,0
22.8717839717865,1,0,0
22.888350248336792,1,0,0
22.90455389022827,1,0,0
22.920737743377686,1,0,0
22.93708634376526,1,0,0
22.95357608795166,1,0,0
22.96973180770874,1,0,0
22.98613214492798,1,0,0
23.003273487091064,1,0,0
23.019664764404297,1,0,0
23.036396741867065,1,0,0
23.052438497543335,1,0,0
23.067896842956543,1,0,0
23.084288835525513,1,0,0
23.099817991256714,1,0,0
23.116405725479126,1,0,0
23.13249111175537,1,0,0
23.14817762374878,1,0,0
23.163955211639404,1,0,0
23.180606603622437,1,0,0
23.1968777179718,1,0,0
23.221785306930542,3,0,0
23.23628282546997,3,0,0
23.25279188156128,3,0,0
23.26966142654419,3,0,0
23.28586721420288,3,0,0
23.302276849746704,3,0,0
23.317808866500854,3,0,0
23.33385682106018,3,0,0
23.35022735595703,3,0,0
23.366027116775513,3,0,0
23.382061004638672,3,0,0
23.398386240005493,3,0,0
23.41598343849182,3,0,0
23.432740926742554,3,0,0
23.448883295059204,3,0,0
23.465022563934326,3,0,0
23.48144817352295,3,0,0
23.497215509414673,3,0,0
23.513601064682007,3,0,0
23.52979278564453,3,0,0
23.54696750640869,3,0,0
23.56336760520935,3,0,0
23.579110860824585,3,0,0
23.59455895423889,3,0,0
23.610163927078247,3,0,0
23.627217292785645,3,0,0
23.64278745651245,3,0,0
23.659273147583008,3,0,0
23.675489902496338,3,0,0
23.690979480743408,3,0,0
23.70719575881958,3,0,0
23.723514318466187,3,0,0
23.73925805091858,3,0,0
23.75546932220459,3,0,0
23.770946502685547,3,0,0
23.786860942840576,3,0,0
23.803319931030273,3,0,0
23.81955599784851,3,0,0
23.835815906524658,3,0,0
23.852301120758057,3,0,0
23.867942333221436,3,0,0
23.88432002067566,3,0,0
23.900571823120117,3,0,0
23.91868782043457,3,0,0
23.93519687652588,3,0,0
23.950875520706177,3,0,0
23.967065572738647,3,0,0
23.98346996307373,3,0,0
23.998798370361328,3,0,0
24.015243768692017,3,0,0
24.030974626541138,3,0,0
24.047189474105835,3,0,0
24.063621282577515,3,0,0
24.07996654510498,3,0,0
24.09648847579956,3,0,0
24.11256456375122,3,0,0
24.128689527511597,3,0,0
24.14505100250244,3,0,0
24.161568641662598,3,0,0
24.177691221237183,3,0,0
24.194048404693604,3,0,0
24.211310625076294,3,0,0
24.23390817642212,2,0,0
24.248492002487183,2,0,0
24.264695405960083,2,0,0
24.281318426132202,2,0,0
24.297579050064087,2,0,0
24.312990427017212,2,0,0
24.331681489944458,2,0,0
24.348193168640137,2,0,0
24.36393666267395,2,0,0
24.38003373146057,2,0,0
24.396483898162842,2,0,0
24.411797046661377,2,0,0
24.428274393081665,2,0,0
24.44404649734497,2,0,0
24.460440158843994,2,0,0
24.475873470306396,2,0,0
24.492236375808716,2,0,0
24.507828950881958,2,0,0
24.524236917495728,2,0,0
24.541375637054443,2,0,0
24.55683207511902,2,0,0
24.57332158088684,2,0,0
24.589417219161987,2,0,0
24.605556964874268,2,0,0
24.62376356124878,2,0,0
24.640416860580444,2,0,0
24.65622329711914,2,0,0
24.672349214553833,2,0,0
24.688605546951294,2,0,0
24.705177307128906,2,0,0
24.720870971679688,2,0,0
24.73720383644104,2,0,0
24.75336003303528,2,0,0
24.768906116485596,2,0,0
24.78552007675171,2,0,0
24.80080795288086,2,0,0
24.81697392463684,2,0,0
24.833064556121826,2,0,0
24.849385738372803,2,0,0
24.865160942077637,2,0,0
24.88153839111328,2,0,0
24.89678645133972,2,0,0
24.913020849227905,2,0,0
24.929284811019897,2,0,0
24.945071697235107,2,0,0
24.96149253845215,2,0,0
24.976807355880737,2,0,0
24.994977474212646,2,0,0
25.011414051055908,2,0,0
25.027087211608887,2,0,0
25.043256759643555,2,0,0
25.05876088142395,2,0,0
25.074901342391968,2,0,0
25.09137725830078,2,0,0
25.1071457862854,2,0,0
25.12332797050476,2,0,0
25.139605045318604,2,0,0
25.156388998031616,2,0,0
25.17186403274536,2,0,0
25.188313007354736,2,0,0
25.204496383666992,2,0,0
25.219919443130493,2,0,0
25.243189573287964,1,0,0
25.26065707206726,1,0,0
25.275991201400757,1,0,0
25.291733980178833,1,0,0
25.308538675308228,1,0,0
25.324023962020874,1,0,0
25.33978033065796,1,0,0
25.356635570526123,1,0,0
25.37240195274353,1,0,0
25.388548135757446,1,0,0
25.404661178588867,1,0,0
25.42114806175232,1,0,0
25.436867713928223,1,0,0
25.453306913375854,1,0,0
25.46957278251648,1,0,0
25.48686933517456,1,0,0
25.503193855285645,1,0,0
25.51894235610962,1,0,0
25.535223960876465,1,0,0
25.552645206451416,1,0,0
25.569135904312134,1,0,0
25.585230350494385,1,0,0
25.60058355331421,1,0,0
25.615846872329712,1,0,0
25.632219314575195,1,0,0
25.64793634414673,1,0,0
25.6643545627594,1,0,0
25.680451154708862,1,0,0
25.695791959762573,1,0,0
25.712310314178467,1,0,0
25.728126049041748,1,0,0
25.744597911834717,1,0,0
25.760728359222412,1,0,0
25.776843070983887,1,0,0
25.793168306350708,1,0,0
25.808871269226074,1,0,0
25.825332641601562,1,0,0
25.84094262123108,1,0,0
25.859291076660156,1,0,0
25.875731229782104,1,0,0
25.892321825027466,1,0,0
25.908441305160522,1,0,0
25.923974752426147,1,0,0
25.940338134765625,1,0,0
25.955819845199585,1,0,0
25.97223949432373,1,0,0
25.988304615020752,1,0,0
26.004584074020386,1,0,0
26.02107048034668,1,0,0
26.03737235069275,1,0,0
26.05287194252014,1,0,0
26.070947408676147,1,0,0
26.087183713912964,1,0,0
26.102900743484497,1,0,0
26.119483470916748,1,0,0
26.13502526283264,1,0,0
26.15148115158081,1,0,0
26.16684913635254,1,0,0
26.18353772163391,1,0,0
26.198976278305054,1,0,0
26.21547818183899,1,0,0
26.232017517089844,1,0,0
26.25451683998108,4,0,0
26.26948881149292,4,0,0
26.28596544265747,4,0,0
26.301820755004883,4,0,0
26.31787943840027,4,0,0
26.334465980529785,4,0,0
26.35074520111084,4,0,0
26.36701726913452,4,0,0
26.38363766670227,4,0,0
26.399176120758057,4,0,0
26.41562819480896,4,0,0
26.431875705718994,4,0,0
26.44838523864746,4,0,0
26.464298725128174,4,0,0
26.479809522628784,4,0,0
26.496057748794556,4,0,0
26.51222515106201,4,0,0
26.528522729873657,4,0,0
26.545032739639282,4,0,0
26.56117272377014,4,0,0
26.576926708221436,4,0,0
26.594204664230347,4,0,0
26.610567092895508,4,0,0
26.626417875289917,4,0,0
26.64187717437744,4,0,0
26.658225774765015,4,0,0
26.674692630767822,4,0,0
26.690420389175415,4,0,0
26.705983638763428,4,0,0
26.72206687927246,4,0,0
26.738319396972656,4,0,0
26.754388332366943,4,0,0
26.7707359790802,4,0,0
26.78712773323059,4,0,0
26.803348064422607,4,0,0
26.81882071495056,4,0,0
26.835502862930298,4,0,0
26.850788116455078,4,0,0
26.867028951644897,4,0,0
26.88313603401184,4,0,0
26.899505138397217,4,0,0
26.91538906097412,4,0,0
26.93115234375,4,0,0
26.947463274002075,4,0,0
26.965646266937256,4,0,0
26.98097825050354,4,0,0
26.997678518295288,4,0,0
27.013853788375854,4,0,0
27.030113697052002,4,0,0
27.04651713371277,4,0,0
27.06214475631714,4,0,0
27.07854700088501,4,0,0
27.09463858604431,4,0,0
27.110913276672363,4,0,0
27.12746572494507,4,0,0
27.14285159111023,4,0,0
27.159047603607178,4,0,0
27.177120447158813,4,0,0
27.193496227264404,4,0,0
27.209302186965942,4,0,0
27.22544288635254,4,0,0
27.240921020507812,4,0,0
27.26377558708191,4,0,0
27.278071880340576,4,0,0
27.294140577316284,4,0,0
27.310414791107178,4,0,0
27.325867176055908,4,0,0
27.342729091644287,4,0,0
27.35875391960144,4,0,0
27.375121593475342,4,0,0
27.39170479774475,4,0,0
27.40730905532837,4,0,0
27.422841548919678,4,0,0
27.43911361694336,4,0,0
27.45552372932434,4,0,0
27.470867395401,4,0,0
27.487308263778687,4,0,0
27.50314235687256,4,0,0
27.51930546760559,4,0,0
27.534802675247192,4,0,0
27.552144289016724,4,0,0
27.567784070968628,4,0,0
27.58422613143921,4,0,0
27.59957504272461,4,0,0
27.615095615386963,4,0,0
27.63143539428711,4,0,0
27.647023677825928,4,0,0
27.66355562210083,4,0,0
27.67974877357483,4,0,0
27.69621253013611,4,0,0
27.712044715881348,4,0,0
27.727761268615723,4,0,0
27.744321823120117,4,0,0
27.76245927810669,4,0,0
27.777732849121094,4,0,0
27.79469394683838,4,0,0
27.80995273590088,4,0,0
27.826355457305908,4,0,0
27.84276294708252,4,0,0
27.858628749847412,4,0,0
27.874191522598267,4,0,0
27.8903169631958,4,0,0
27.905834436416626,4,0,0
27.922088384628296,4,0,0
27.938531637191772,4,0,0
27.953906536102295,4,0,0
27.96997904777527,4,0,0
27.98626136779785,4,0,0
28.002014636993408,4,0,0
28.0185546875,4,0,0
28.03385066986084,4,0,0
28.050093412399292,4,0,0
28.06651520729065,4,0,0
28.082457542419434,4,0,0
28.098121881484985,4,0,0
28.11453104019165,4,0,0
28.12976574897766,4,0,0
28.146209955215454,4,0,0
28.162036180496216,4,0,0
28.178478240966797,4,0,0
28.193827152252197,4,0,0
28.209949254989624,4,0,0
28.226325750350952,4,0,0
28.24211096763611,4,0,0
28.264692068099976,3,0,0
28.279160022735596,3,0,0
28.294856548309326,3,0,0
28.31143832206726,3,0,0
28.32709288597107,3,0,0
28.34298825263977,3,0,0
28.360931634902954,3,0,0
28.377260446548462,3,0,0
28.39358425140381,3,0,0
28.40971565246582,3,0,0
28.426151752471924,3,0,0
28.441884994506836,3,0,0
28.458321571350098,3,0,0
28.47444987297058,3,0,0
28.492796421051025,3,0,0
28.50919485092163,3,0,0
28.524937868118286,3,0,0
28.54208731651306,3,0,0
28.558289289474487,3,0,0
28.57420825958252,3,0,0
28.58975124359131,3,0,0
28.60652232170105,3,0,0
28.621846675872803,3,0,0
28.638200044631958,3,0,0
28.654027223587036,3,0,0
28.669782400131226,3,0,0
28.686171531677246,3,0,0
28.702224254608154,3,0,0
28.718533277511597,3,0,0
28.73431944847107,3,0,0
28.74985957145691,3,0,0
28.766076803207397,3,0,0
28.784302711486816,3,0,0
28.800647974014282,3,0,0
28.816524028778076,3,0,0
28.831830739974976,3,0,0
28.84823179244995,3,0,0
28.86451506614685,3,0,0
28.87996554374695,3,0,0
28.89660930633545,3,0,0
28.912208318710327,3,1,1
28.928582668304443,3,1,1
28.944937229156494,3,1,1
28.96147346496582,3,1,1
28.977159023284912,3,1,1
28.993309259414673,3,1,1
29.00953984260559,3,1,1
29.026139736175537,3,1,1
29.042612552642822,3,1,1
29.058751106262207,3,1,1
29.075024604797363,3,0,1
29.0914204120636,3,0,1
29.10718870162964,3,0,1
29.12275791168213,3,0,1
29.138952016830444,3,0,1
29.156991958618164,3,0,1
29.173505306243896,3,0,1
29.189497232437134,3,0,1
29.20476984977722,3,0,1
29.22119665145874,3,0,1
29.23757767677307,3,0,1
29.25305151939392,3,0,1
29.27582597732544,1,0,1
29.290501832962036,1,0,1
29.305763244628906,1,0,1
29.322520971298218,1,0,1
29.33833599090576,1,0,1
29.35423755645752,1,0,1
29.370736122131348,1,0,1
29.387578010559082,1,0,1
29.403781175613403,1,0,1
29.420236349105835,1,0,1
29.436001539230347,1,0,1
29.452365159988403,1,0,1
29.46781039237976,1,0,1
29.485934734344482,1,0,1
29.50223398208618,1,0,1
29.518314123153687,1,0,1
29.534602403640747,1,0,1
29.552004098892212,1,0,1
29.56864619255066,1,0,1
29.584718942642212,1,0,1
29.600043535232544,1,0,1
29.61826467514038,1,0,1
29.633891105651855,1,0,1
29.65036368370056,1,0,1
29.66578960418701,1,0,1
29.682199954986572,1,0,1
29.69851064682007,1,0,1
29.713963508605957,1,0,1
29.73047113418579,1,0,1
29.74586272239685,1,0,1
29.762179136276245,1,0,1
29.77883791923523,1,0,1
29.795281171798706,1,0,1
29.811570644378662,1,0,1
29.827709197998047,1,0,1
29.844128370285034,1,0,1
29.859881162643433,1,0,1
29.876483917236328,1,0,1
29.891807317733765,1,0,1
29.9098539352417,1,0,1
29.92605471611023,1,0,0
29.94261336326599,1,0,0
29.95868945121765,1,0,0
29.975244283676147,1,0,0
29.9910728931427,1,0,0
30.00754737854004,1,0,0
30.022804021835327,1,0,0
30.0389461517334,1,0,0
30.055256366729736,1,0,0
30.070995569229126,1,0,0
30.087464094161987,1,0,0
30.103604316711426,1,0,0
30.119725227355957,1,0,0
30.136151552200317,1,0,0
30.151872873306274,1,0,0
30.168270587921143,1,0,0
30.184537649154663,1,0,0
30.202574491500854,1,0,0
30.21796679496765,1,0,0
30.234530925750732,1,0,0
30.249842166900635,1,0,0
30.266294240951538,1,0,0
30.293062686920166,5,0,0
30.309142112731934,5,0,0
30.325599431991577,5,0,0
30.341617107391357,5,0,0
30.357527017593384,5,0,0
30.372876405715942,5,0,0
30.389485836029053,5,0,0
30.405505895614624,5,0,0
30.42082190513611,5,0,0
30.437710762023926,5,1,1
30.453816890716553,5,1,1
30.470131158828735,5,0,1
30.485957622528076,5,0,1
30.50210428237915,5,0,1
30.518343210220337,5,0,1
30.53389573097229,5,0,1
30.550894021987915,5,0,1
30.567344903945923,5,0,1
30.582879543304443,5,0,1
30.59842824935913,5,0,1
30.61639714241028,5,0,1
30.632770538330078,5,0,1
30.649590253829956,5,0,1
30.66571593284607,5,0,1
30.682014226913452,5,0,1
30.698025465011597,5,0,1
30.714627981185913,5,0,1
30.730809211730957,5,0,1
30.746950149536133,5,0,1
30.763328790664673,5,0,1
30.779102563858032,5,0,1
30.79559636116028,5,0,1
30.811789751052856,5,0,1
30.82905387878418,5,0,1
30.84551692008972,5,0,1
30.86124563217163,5,0,1
30.877416849136353,5,0,1
30.893089532852173,5,0,1
30.909348964691162,5,0,1
30.924713373184204,5,0,1
30.941267490386963,5,0,1
30.956815481185913,5,0,1
30.973214864730835,5,0,1
30.990029335021973,5,0,1
31.006529092788696,5,0,1
31.021941900253296,5,0,1
31.03799033164978,5,0,1
31.054282903671265,5,0,1
31.070008039474487,5,0,1
31.086488008499146,5,0,1
31.101794242858887,5,0,1
31.117913246154785,5,0,1
31.134298086166382,5,0,1
31.150033712387085,5,0,1
31.166497945785522,5,0,1
31.182554483413696,5,0,1
31.198662281036377,5,0,1
31.21504020690918,5,0,1
31.231560468673706,5,0,1
31.247695446014404,5,0,1
31.26402449607849,5,0,1
31.28125834465027,5,0,1
31.30416965484619,1,0,1
31.318654537200928,1,0,1
31.33486795425415,1,0,1
31.351709604263306,1,0,1
31.3680899143219,1,0,1
31.38438367843628,1,0,1
31.401076078414917,1,0,1
31.41733193397522,1,0,1
31.433108806610107,1,0,1
31.44928288459778,1,0,0
31.46488618850708,1,0,0
31.48097252845764,1,0,0
31.497570037841797,1,0,0
31.51333498954773,1,0,0
31.529520273208618,1,0,0
31.545905113220215,1,0,0
31.56226110458374,1,0,0
31.577821493148804,1,0,0
31.593266010284424,1,0,0
31.60896062850952,1,0,0
31.625277996063232,1,0,0
31.64109444618225,1,0,0
31.657487154006958,1,0,0
31.672906160354614,1,0,0
31.68902826309204,1,0,0
31.705519199371338,1,0,0
31.72128653526306,1,0,0
31.736812114715576,1,0,0
31.759677171707153,4,1,0
31.774564743041992,4,1,0
31.789846420288086,4,1,0
31.806368589401245,4,1,0
31.822190523147583,4,0,0
31.83832836151123,4,0,0
31.853777170181274,4,0,0
31.869966983795166,4,0,0
31.8861563205719,4,0,0
31.90245246887207,4,0,0
31.918151378631592,4,0,0
31.933776378631592,4,0,0
31.950019359588623,4,0,0
31.96615982055664,4,0,0
31.982471704483032,4,0,0
31.998249769210815,4,0,0
32.01382827758789,4,0,0
32.02997636795044,4,0,0
32.04619646072388,4,0,0
32.062583208084106,4,0,0
32.07903504371643,4,0,0
32.095325231552124,4,0,0
32.11099648475647,4,0,0
32.12914514541626,4,0,0
32.14556932449341,4,0,0
32.161367654800415,4,0,0
32.17683553695679,4,0,0
32.193201303482056,4,0,0
32.209792375564575,4,0,0
32.22654628753662,4,0,0
32.24190378189087,4,0,0
32.258061170578,4,0,0
32.274521350860596,4,0,0
32.290266275405884,4,0,0
32.3058979511261,4,0,0
32.32216167449951,4,0,0
32.339380979537964,4,0,0
32.354759216308594,4,0,0
32.371278285980225,4,0,0
32.38750600814819,4,0,0
32.402949810028076,4,0,0
32.419031858444214,4,0,0
32.435662031173706,4,0,0
32.45205283164978,4,0,0
32.468119621276855,4,0,0
32.48443126678467,4,0,0
32.50008678436279,4,0,0
32.515892028808594,4,0,0
32.532286405563354,4,0,0
32.54941511154175,4,0,0
32.56489276885986,4,0,0
32.5815634727478,4,0,0
32.59572958946228,4,0,0
32.61189103126526,4,0,0
32.62828350067139,4,0,0
32.6438205242157,4,0,0
32.66046643257141,4,0,0
32.67577266693115,4,0,0
32.69189715385437,4,0,0
32.708027839660645,4,0,0
32.72445011138916,4,0,0
32.74028158187866,4,0,0
32.76205325126648,4,0,0
32.776779651641846,4,0,0
32.793429136276245,4,0,0
32.809009313583374,4,0,0
32.82535910606384,4,0,0
32.84253239631653,4,0,0
32.85786247253418,4,0,0
32.87438178062439,4,0,0
32.88976979255676,4,0,0
32.90621638298035,4,0,0
32.9224796295166,4,0,0
32.93788933753967,4,0,0
32.95431733131409,4,0,0
32.96986436843872,4,0,0
32.98629975318909,4,0,0
33.002535581588745,4,0,0
33.01780676841736,4,0,0
33.034508228302,4,0,0
33.04978656768799,4,0,0
33.066136598587036,4,0,0
33.08235001564026,4,0,0
33.09770607948303,4,0,0
33.11418628692627,4,0,0
33.130465030670166,4,0,0
33.1460657119751,4,0,0
33.162240982055664,4,0,0
33.17864465713501,4,0,0
33.195289850234985,4,0,0
33.2113733291626,4,0,0
33.22687029838562,4,0,0
33.24314022064209,4,0,0
33.25873923301697,4,0,0
33.27536177635193,4,0,0
33.29142999649048,4,0,0
33.306922912597656,4,0,0
33.3232958316803,4,0,0
33.33918046951294,4,0,0
33.35556101799011,4,0,0
33.37165856361389,4,0,0
33.38822555541992,4,0,0
33.40400981903076,4,0,0
33.420655727386475,4,0,0
33.43701982498169,4,0,0
33.45428252220154,4,0,0
33.47069454193115,4,0,0
33.48735284805298,4,0,0
33.503535985946655,4,0,0
33.51900386810303,4,0,0
33.53532290458679,4,0,0
33.551836252212524,4,0,0
33.56797504425049,4,0,0
33.586071491241455,4,0,0
33.601399421691895,4,0,0
33.616867542266846,4,0,0
33.63293981552124,4,0,0
33.64921283721924,4,0,0
33.66558003425598,4,0,0
33.680896043777466,4,0,0
33.69741749763489,4,0,0
33.71302938461304,4,0,0
33.72891879081726,4,0,0
33.74590516090393,4,0,0
33.7681782245636,3,0,0
33.78304696083069,3,0,0
33.79929804801941,3,0,0
33.81491136550903,3,0,0
33.83162331581116,3,0,0
33.84722566604614,3,0,0
33.863338470458984,3,0,0
33.87923049926758,3,0,0
33.8950891494751,3,0,0
33.91129398345947,3,0,0
33.927393674850464,3,0,0
33.94314455986023,3,0,0
33.95896577835083,3,0,0
33.97537660598755,3,0,0
33.99091815948486,3,0,0
34.00712776184082,3,0,0
34.02290463447571,3,0,0
34.03885102272034,3,0,0
34.05522894859314,3,0,0
34.07145643234253,3,0,0
34.0896680355072,3,0,0
34.10646200180054,3,0,0
34.122371673583984,3,0,0
34.137834310531616,3,0,0
34.154228925704956,3,0,0
34.17060351371765,3,0,0
34.18646287918091,3,0,0
34.20199108123779,3,0,0
34.21817207336426,3,0,0
34.233959913253784,3,0,0
34.25030589103699,3,0,0
34.265965938568115,3,0,0
34.282302379608154,3,0,0
34.298529863357544,3,0,0
34.31457591056824,3,0,0
34.33022928237915,3,1,1
34.345725774765015,3,1,1
34.36264753341675,3,1,1
34.38076376914978,3,1,1
34.397584438323975,3,0,1
34.41327381134033,3,0,1
34.42939829826355,3,0,1
34.44515109062195,3,0,1
34.46174073219299,3,0,1
34.47860050201416,3,0,1
34.49648666381836,3,0,1
34.51306486129761,3,0,1
34.5292911529541,3,0,1
34.54606103897095,3,0,1
34.56219482421875,3,0,1
34.5785608291626,3,0,1
34.59452700614929,3,0,1
34.61005687713623,3,0,1
34.62584733963013,3,0,1
34.642382860183716,3,0,1
34.657803773880005,3,0,1
34.674152851104736,3,0,1
34.69062566757202,3,0,1
34.70685791969299,3,0,1
34.72303366661072,3,0,1
34.73932933807373,3,0,1
34.75525975227356,3,0,1
34.77706789970398,4,0,1
34.79171085357666,4,0,1
34.80871057510376,4,0,1
34.82373118400574,4,0,1
34.84072995185852,4,0,1
34.85612154006958,4,0,1
34.87258768081665,4,0,1
34.887882471084595,4,0,1
34.90455746650696,4,0,1
34.91982436180115,4,0,1
34.93641662597656,4,0,1
34.9525580406189,4,0,1
34.96785807609558,4,0,1
34.98435139656067,4,0,1
34.99983859062195,4,0,1
35.01626777648926,4,0,1
35.032490968704224,4,0,1
35.04781103134155,4,0,1
35.06426644325256,4,0,1
35.08046293258667,4,0,1
35.09599423408508,4,0,1
35.11268401145935,4,0,1
35.127904415130615,4,0,1
35.14442801475525,4,0,1
35.159868240356445,4,0,1
35.17631554603577,4,0,1
35.19313979148865,4,0,1
35.20962882041931,4,0,1
35.22542119026184,4,0,1
35.2410888671875,4,0,1
35.256768226623535,4,0,1
35.273091316223145,4,0,1
35.28948092460632,4,0,1
35.304962396621704,4,0,1
35.32475805282593,4,1,1
35.339123010635376,4,1,1
35.35479688644409,4,1,1
35.37078142166138,4,1,1
35.387123107910156,4,1,1
35.40351700782776,4,0,1
35.418911933898926,4,0,1
35.435606718063354,4,0,1
35.45109963417053,4,0,1
35.467485427856445,4,0,1
35.48378229141235,4,0,1
35.50015616416931,4,0,1
35.516135931015015,4,0,1
35.532496213912964,4,0,1
35.54895281791687,4,0,1
35.56541967391968,4,0,1
35.58099055290222,4,0,1
35.5966420173645,4,0,1
35.611968755722046,4,0,1
35.628440141677856,4,0,1
35.64472961425781,4,0,1
35.66126823425293,4,0,1
35.676931381225586,4,0,1
35.69306564331055,4,0,1
35.70950269699097,4,0,1
35.72500133514404,4,0,1
35.741389751434326,4,0,1
35.757239818573,4,0,1
35.779520750045776,2,0,1
35.793994426727295,2,0,1
35.80983233451843,2,0,1
35.82639741897583,2,0,1
35.84296274185181,2,0,1
35.858890533447266,2,0,1
35.874935150146484,2,0,1
35.891424894332886,2,0,1
35.906742095947266,2,0,1
35.92325830459595,2,0,1
35.93956804275513,2,0,1
35.95630621910095,2,0,1
35.97187685966492,2,0,1
35.988139629364014,2,0,1
36.00534987449646,2,0,1
36.02091097831726,2,0,1
36.03760504722595,2,0,1
36.05290603637695,2,0,1
36.06943869590759,2,0,1
36.085795640945435,2,0,1
36.10197901725769,2,0,1
36.11783146858215,2,0,1
36.13401913642883,2,0,1
36.1504864692688,2,0,1
36.16606330871582,2,0,1
36.18235182762146,2,0,1
36.1985445022583,2,1,1
36.21388244628906,2,1,1
36.23019027709961,2,1,1
36.246748208999634,2,0,1
36.263487577438354,2,0,1
36.279117822647095,2,0,1
36.29537057876587,2,0,1
36.31083703041077,2,0,1
36.327077865600586,2,0,1
36.34329915046692,2,0,1
36.3590133190155,2,0,1
36.3753080368042,2,0,1
36.39159941673279,2,0,1
36.408191204071045,2,0,1
36.42398285865784,2,0,1
36.440584897994995,2,0,1
36.456796169281006,2,0,1
36.473469257354736,2,0,1
36.48921036720276,2,0,1
36.50559711456299,2,0,1
36.521873235702515,2,0,1
36.539959192276,2,0,1
36.556411266326904,2,0,1
36.572311878204346,2,0,1
36.58846592903137,2,0,1
36.602988958358765,2,0,1
36.62040305137634,2,0,1
36.63701415061951,2,1,1
36.65342712402344,2,1,1
36.669572830200195,2,1,1
36.68592429161072,2,1,1
36.702534198760986,2,1,1
36.71842551231384,2,0,1
36.734580755233765,2,0,1
36.75278353691101,2,0,1
36.76937484741211,2,0,1
36.79115104675293,5,0,1
36.80646514892578,5,0,1
36.822752714157104,5,0,1
36.839587926864624,5,0,1
36.85634183883667,5,0,1
36.87271523475647,5,0,1
36.88854908943176,5,0,1
36.904414653778076,5,0,1
36.92060446739197,5,0,1
36.93696641921997,5,0,1
36.953405141830444,5,0,1
36.969024896621704,5,0,1
36.985570430755615,5,0,1
37.001683950424194,5,0,1
37.018006324768066,5,0,1
37.03389096260071,5,0,1
37.05049467086792,5,0,1
37.06592869758606,5,0,1
37.08399796485901,5,0,1
37.10037589073181,5,0,1
37.11679744720459,5,1,1
37.13210129737854,5,1,1
37.148465394973755,5,1,1
37.16469931602478,5,1,1
37.181206941604614,5,1,1
37.19704484939575,5,0,1
37.21313667297363,5,0,1
37.22952151298523,5,0,1
37.245033264160156,5,0,1
37.26135182380676,5,0,1
37.27730345726013,5,0,1
37.29338836669922,5,0,1
37.308892011642456,5,0,1
37.325648069381714,5,0,1
37.34098744392395,5,0,1
37.35749435424805,5,0,1
37.37286591529846,5,0,1
37.38937211036682,5,0,1
37.40474462509155,5,0,1
37.42111372947693,5,0,1
37.436912298202515,5,0,1
37.45304012298584,5,0,1
37.46938729286194,5,0,1
37.48585653305054,5,0,1
37.502172231674194,5,0,1
37.51822829246521,5,0,1
37.534404277801514,5,0,1
37.550750732421875,5,0,1
37.5672926902771,5,0,1
37.58358430862427,5,0,1
37.59975576400757,5,1,1
37.61759662628174,5,1,1
37.63384675979614,5,1,1
37.650243282318115,5,1,1
37.66638207435608,5,1,1
37.68251967430115,5,0,1
37.698426246643066,5,0,1
37.71380615234375,5,0,1
37.7300546169281,5,0,1
37.74605417251587,5,0,1
37.761996030807495,5,0,1
37.77845239639282,5,0,1
37.80061101913452,3,0,1
37.814820289611816,3,0,1
37.83122730255127,3,0,1
37.847596645355225,3,0,1
37.86312556266785,3,0,1
37.87951993942261,3,0,1
37.8959481716156,3,0,1
37.911888122558594,3,0,1
37.92847299575806,3,0,1
37.94763731956482,3,0,1
37.96663522720337,3,1,1
37.98133683204651,3,1,1
38.001463413238525,3,0,1
38.016860246658325,3,0,1
38.033446073532104,3,0,1
38.04921793937683,3,0,1
38.065014362335205,3,0,1
38.08187127113342,3,0,1
38.098554372787476,3,0,1
38.1144757270813,3,0,1
38.129910945892334,3,0,1
38.14583969116211,3,0,1
38.1618709564209,3,0,1
38.17819261550903,3,0,1
38.193968772888184,3,0,1
38.21036958694458,3,1,1
38.226598024368286,3,1,1
38.2435941696167,3,1,1
38.25879192352295,3,1,1
38.27571082115173,3,1,1
38.29370069503784,3,0,1
38.30959892272949,3,0,1
38.325313568115234,3,0,1
38.34074854850769,3,0,1
38.357566118240356,3,0,1
38.37294912338257,3,0,1
38.38917422294617,3,0,1
38.40497589111328,3,0,1
38.42159700393677,3,0,1
38.437644481658936,3,0,1
38.45500421524048,3,1,1
38.469544649124146,3,1,1
38.48489236831665,3,1,1
38.50116991996765,3,1,1
38.516828536987305,3,1,1
38.53311514854431,3,0,1
38.55067467689514,3,0,1
38.56712508201599,3,0,1
38.58538579940796,3,0,1
38.60094881057739,3,0,1
38.61754369735718,3,0,1
38.63300347328186,3,0,1
38.64960074424744,3,0,1
38.66611123085022,3,0,1
38.68216609954834,3,0,1
38.698787689208984,3,1,1
38.71666169166565,3,1,1
38.732322454452515,3,1,1
38.74787735939026,3,1,1
38.76443076133728,3,0,1
38.77985692024231,3,0,1
38.80296850204468,5,0,1
38.81729197502136,5,0,1
38.83361220359802,5,0,1
38.84977316856384,5,0,1
38.86636781692505,5,0,1
38.88231348991394,5,0,1
38.89789032936096,5,0,1
38.91596007347107,5,0,1
38.93256616592407,5,0,1
38.94860887527466,5,0,1
38.96390438079834,5,0,1
38.98020911216736,5,0,1
38.99672532081604,5,0,1
39.01360201835632,5,1,1
39.028894901275635,5,1,1
39.04534029960632,5,0,1
39.060826539993286,5,0,1
39.077420473098755,5,0,1
39.09303855895996,5,0,1
39.10881471633911,5,0,1
39.12498927116394,5,0,1
39.14125204086304,5,0,1
39.156800985336304,5,0,1
39.173107862472534,5,0,1
39.18904185295105,5,0,1
39.20530295372009,5,0,1
39.22158861160278,5,0,1
39.23842191696167,5,0,1
39.25379657745361,5,0,1
39.270031690597534,5,0,1
39.29129481315613,5,1,1
39.30573129653931,5,1,1
39.32178354263306,5,1,1
39.33799481391907,5,1,1
39.353949308395386,5,1,1
39.37004280090332,5,0,1
39.3858597278595,5,0,1
39.40220642089844,5,0,1
39.41848564147949,5,0,1
39.43394160270691,5,0,1
39.44988012313843,5,0,1
39.46577739715576,5,0,1
39.48222327232361,5,0,1
39.49839234352112,5,0,1
39.51393985748291,5,0,1
39.531662940979004,5,1,1
39.54793334007263,5,1,1
39.56434440612793,5,1,1
39.58178496360779,5,1,1
39.59700322151184,5,1,1
39.6137261390686,5,0,1
39.63001871109009,5,0,1
39.64641833305359,5,0,1
39.6622953414917,5,0,1
39.678102254867554,5,0,1
39.694663286209106,5,0,1
39.71347212791443,5,0,1
39.72948122024536,5,0,1
39.745129346847534,5,0,1
39.761666774749756,5,0,1
39.77695178985596,5,0,1
39.79337120056152,5,0,1
39.816380739212036,5,0,1
39.83142924308777,5,0,1
39.85047245025635,5,1,1
39.86509108543396,5,1,1
39.8817503452301,5,1,1
39.90027642250061,5,1,1
39.9161331653595,5,1,1
39.93203949928284,5,0,1
39.94864845275879,5,0,1
39.963958978652954,5,0,1
39.98001742362976,5,0,1
39.996161699295044,5,0,1
40.01201844215393,5,0,1
40.02874684333801,5,0,1
40.045589447021484,5,0,1
40.06275033950806,5,0,1
40.07962083816528,5,0,1
40.09660887718201,5,1,1
40.114742040634155,5,1,1
40.13154339790344,5,1,1
40.147135972976685,5,1,1
40.166146993637085,5,0,1
40.182639360427856,5,0,1
40.19831967353821,5,0,1
40.213881731033325,5,0,1
40.22992157936096,5,0,1
40.24677538871765,5,0,1
40.26337003707886,5,0,1
40.279595375061035,5,0,1
40.29591464996338,5,0,1
40.31227445602417,5,0,1
40.32817220687866,5,0,1
40.34462904930115,5,0,1
40.36084580421448,5,0,1
40.38220715522766,5,1,1
40.39714336395264,5,1,1
40.41367816925049,5,1,1
40.42934703826904,5,1,1
40.44534420967102,5,0,1
40.46143341064453,5,0,1
40.47755575180054,5,0,1
40.49313759803772,5,0,1
40.50963306427002,5,0,1
40.52610230445862,5,0,1
40.54268026351929,5,0,1
40.55884337425232,5,0,1
40.5751519203186,5,0,1
40.59275960922241,5,0,1
40.60979652404785,5,1,1
40.625234842300415,5,1,1
40.64147639274597,5,1,1
40.65691041946411,5,1,1
40.67371678352356,5,1,1
40.689674615859985,5,0,1
40.70512270927429,5,0,1
40.72161340713501,5,0,1
40.73784017562866,5,0,1
40.75457143783569,5,0,1
40.770894289016724,5,0,1
40.787086486816406,5,0,1
40.80549478530884,5,0,1
40.82755899429321,2,0,1
40.84217119216919,2,0,1
40.85846519470215,2,0,1
40.87436819076538,2,0,1
40.890135288238525,2,0,1
40.906503438949585,2,0,1
40.92493391036987,2,1,1
40.939319133758545,2,1,1
40.95492100715637,2,1,1
40.971407651901245,2,0,1
40.98689603805542,2,0,1
41.00314450263977,2,0,1
41.01950240135193,2,0,1
41.035319089889526,2,0,1
41.05111885070801,2,0,1
41.06723976135254,2,0,1
41.083414793014526,2,0,1
41.09885811805725,2,0,1
41.11610293388367,2,0,1
41.13238596916199,2,0,1
41.14809846878052,2,0,1
41.16430950164795,2,0,1
41.18055534362793,2,0,1
41.196972131729126,2,0,1
41.21327614784241,2,0,1
41.22895383834839,2,0,1
41.24893569946289,2,0,1
41.26508808135986,2,0,1
41.28109884262085,2,0,1
41.297096967697144,2,0,1
41.31310200691223,2,0,1
41.32972192764282,2,0,1
41.34664011001587,2,0,1
41.362526178359985,2,0,1
41.38275933265686,2,0,1
41.39967942237854,2,0,1
41.416329860687256,2,0,1
41.43561768531799,2,0,1
41.45129442214966,2,0,1
41.46691393852234,2,0,1
41.48612332344055,2,0,1
41.50274109840393,2,0,1
41.519439458847046,2,0,1
41.53485298156738,2,0,1
41.552364110946655,2,0,1
41.56830310821533,2,0,1
41.58419442176819,2,0,1
41.59923553466797,2,0,1
41.61911392211914,2,0,1
41.63568472862244,2,0,1
41.65151333808899,2,0,1
41.666996717453,2,0,1
41.682961225509644,2,0,1
41.701091051101685,2,0,1
41.717326402664185,2,0,1
41.73292875289917,2,0,1
41.75133275985718,2,0,1
41.76774191856384,2,0,1
41.78426194190979,2,0,1
41.800480127334595,2,0,1
41.81604194641113,2,0,1
41.83872437477112,2,0,1
41.85743069648743,2,0,1
41.87297749519348,2,0,1
41.889299154281616,2,0,1
41.90501356124878,2,0,1
41.92121124267578,2,0,1
41.93729209899902,2,0,0
41.95334029197693,2,0,0
41.968992948532104,2,0,0
41.9851508140564,2,0,0
42.00123739242554,2,0,0
42.01731991767883,2,0,0
42.03347325325012,2,0,0
42.04921078681946,2,0,0
42.06552267074585,2,0,0
42.0808482170105,2,0,0
42.097718954086304,2,0,0
42.11435842514038,2,0,0
42.130441427230835,2,0,0
42.14662480354309,2,0,0
42.16284966468811,2,0,0
42.179306507110596,2,0,0
42.19551205635071,2,0,0
42.210906982421875,2,0,0
42.22934937477112,2,0,0
42.2455039024353,2,0,0
42.26116490364075,2,0,0
42.277283668518066,2,0,0
42.293463945388794,2,0,0
42.309366941452026,2,0,0
42.32542109489441,2,0,0
42.341153621673584,2,0,0
42.35673499107361,2,0,0
42.37301254272461,2,0,0
42.38897347450256,2,0,0
42.40517473220825,2,0,0
42.42089343070984,2,0,0
42.437257289886475,2,0,0
42.453572273254395,2,0,0
42.47061514854431,2,0,0
42.48623704910278,2,0,0
42.50201606750488,2,0,0
42.51824998855591,2,0,0
42.53450298309326,2,0,0
42.55140829086304,2,0,0
42.56758451461792,2,0,0
42.58368682861328,2,0,0
42.60219740867615,2,0,0
42.61833119392395,2,0,0
42.63413977622986,2,0,0
42.65019917488098,2,0,0
42.66643142700195,2,0,0
42.682419300079346,2,0,0
42.6980345249176,2,0,0
42.71703577041626,2,0,0
42.73504066467285,2,0,0
42.75103402137756,2,0,0
42.7672905921936,2,0,0
42.78351831436157,2,0,0
42.80170273780823,2,0,0
42.81801438331604,2,0,0
42.84004592895508,4,0,0
42.855515480041504,4,0,0
42.87108540534973,4,0,0
42.88776254653931,4,0,0
42.90459060668945,4,0,0
42.920350313186646,4,0,0
42.93661880493164,4,0,0
42.9532527923584,4,0,0
42.96948766708374,4,0,0
42.98552703857422,4,0,0
43.001529693603516,4,0,0
43.01744532585144,4,0,0
43.03306794166565,4,0,0
43.049376249313354,4,0,0
43.06547546386719,4,0,0
43.08091354370117,4,0,0
43.09694719314575,4,0,0
43.11357092857361,4,0,0
43.12951302528381,4,0,0
43.14887809753418,4,0,0
43.16514492034912,4,0,0
43.18166637420654,4,0,0
43.19738793373108,4,0,0
43.2135865688324,4,0,0
43.22956109046936,4,0,0
43.24496388435364,4,0,0
43.26156282424927,4,0,0
43.27738118171692,4,0,0
43.2934353351593,4,0,0
43.308977127075195,4,0,0
43.325002908706665,4,0,0
43.34158802032471,4,0,0
43.35755276679993,4,0,0
43.37369084358215,4,0,0
43.3889365196228,4,0,0
43.40523290634155,4,0,0
43.42095422744751,4,0,0
43.4398729801178,4,0,0
43.45618748664856,4,0,0
43.47191023826599,4,0,0
43.48870801925659,4,0,0
43.5047824382782,4,0,0
43.5212984085083,4,0,0
43.53756070137024,4,0,0
43.553626537323,4,0,0
43.57285523414612,4,0,0
43.58969283103943,4,0,0
43.60650873184204,4,0,0
43.62583255767822,4,0,0
43.64275789260864,4,0,0
43.658854961395264,4,0,0
43.67489576339722,4,0,0
43.69087266921997,4,0,0
43.70777606964111,4,0,0
43.72396922111511,4,0,0
43.74043798446655,4,0,0
43.75603795051575,4,0,0
43.7719202041626,4,0,0
43.787914752960205,4,0,0
43.80392122268677,4,0,0
43.82059717178345,4,0,0
43.84593677520752,5,0,0
43.86042881011963,5,0,0
43.87647795677185,5,0,0
43.89298176765442,5,0,0
43.909510374069214,5,0,0
43.92480516433716,5,0,0
43.94120502471924,5,0,0
43.956974506378174,5,0,0
43.97280979156494,5,0,0
43.9895715713501,5,0,0
44.00645923614502,5,1,1
44.021586894989014,5,1,1
44.04001331329346,5,1,1
44.05636525154114,5,1,1
44.07239055633545,5,1,1
44.087846517562866,5,1,1
44.1042857170105,5,1,1
44.120144844055176,5,1,1
44.13641881942749,5,1,1
44.152281045913696,5,1,1
44.168134927749634,5,1,1
44.18456840515137,5,1,1
44.201069831848145,5,1,1
44.21723008155823,5,0,1
44.232969760894775,5,0,1
44.2519326210022,5,0,1
44.26824951171875,5,0,1
44.284212589263916,5,0,1
44.30056953430176,5,0,1
44.31647038459778,5,0,1
44.33202123641968,5,0,1
44.34848213195801,5,0,1
44.36434078216553,5,0,1
44.37980341911316,5,0,1
44.39637517929077,5,0,1
44.41213631629944,5,0,1
44.428632736206055,5,0,1
44.44451141357422,5,0,1
44.4598867893219,5,0,1
44.47577357292175,5,0,1
44.49270987510681,5,0,1
44.50858473777771,5,0,1
44.52419567108154,5,0,1
44.54157114028931,5,0,1
44.55802655220032,5,0,1
44.57420897483826,5,0,1
44.589914321899414,5,0,1
44.60643291473389,5,0,1
44.624425172805786,5,0,1
44.64069128036499,5,0,1
44.65728569030762,5,0,1
44.67277240753174,5,0,1
44.68933057785034,5,0,1
44.70530605316162,5,0,1
44.72112798690796,5,0,1
44.73754620552063,5,0,1
44.75376224517822,5,0,1
44.77013850212097,5,0,1
44.78640151023865,5,0,1
44.802247285842896,5,0,1
44.818609952926636,5,0,1
44.836447954177856,5,0,1
44.85891652107239,2,0,1
44.873754262924194,2,0,1
44.88991832733154,2,0,1
44.90648674964905,2,0,1
44.92247438430786,2,0,1
44.938719749450684,2,0,1
44.95538949966431,2,0,1
44.97172260284424,2,0,1
44.987802267074585,2,0,1
45.0041983127594,2,0,1
45.020628929138184,2,0,0
45.037447929382324,2,0,0
45.052915811538696,2,0,0
45.06928777694702,2,0,0
45.08586573600769,2,1,1
45.101585149765015,2,1,1
45.11743783950806,2,1,1
45.133201360702515,2,1,1
45.14944839477539,2,1,1
45.16805076599121,2,1,1
45.18464136123657,2,1,1
45.20055437088013,2,1,1
45.21612524986267,2,0,1
45.23255968093872,2,0,1
45.2480263710022,2,0,1
45.264737129211426,2,0,1
45.280879735946655,2,0,1
45.29738926887512,2,0,1
45.31298899650574,2,0,1
45.32922887802124,2,0,1
45.3453369140625,2,0,1
45.36101984977722,2,0,1
45.377387285232544,2,0,1
45.39303255081177,2,0,1
45.4089252948761,2,0,1
45.42546820640564,2,0,1
45.44161033630371,2,0,1
45.4598023891449,2,0,1
45.47628426551819,2,0,1
45.492008686065674,2,0,1
45.50811529159546,2,0,1
45.52443242073059,2,0,1
45.54109859466553,2,0,1
45.557642698287964,2,0,1
45.573200702667236,2,0,1
45.59245443344116,2,0,1
45.608012676239014,2,0,1
45.624672412872314,2,0,1
45.64085245132446,2,0,1
45.65722131729126,2,1,1
45.67331838607788,2,1,1
45.688947677612305,2,0,1
45.70545792579651,2,0,1
45.72468638420105,2,0,1
45.74061441421509,2,0,1
45.756120920181274,2,0,1
45.77254676818848,2,0,1
45.788532733917236,2,0,1
45.8048996925354,2,0,1
45.820838928222656,2,0,1
45.837453842163086,2,0,1
45.859636545181274,1,0,1
45.874594926834106,1,0,1
45.89069604873657,1,0,1
45.9068078994751,1,0,1
45.92601799964905,1,0,1
45.94878435134888,2,1,1
45.96371340751648,2,0,1
45.97984862327576,2,0,1
45.996187686920166,2,0,1
46.013423442840576,2,0,1
46.029552936553955,2,0,1
46.04573321342468,2,0,1
46.06209635734558,2,0,1
46.078057289123535,2,0,1
46.09458303451538,2,0,1
46.110249757766724,2,0,1
46.12628197669983,2,0,1
46.142096757888794,2,0,1
46.158721685409546,2,0,1
46.17525267601013,2,0,1
46.19136452674866,2,0,1
46.2071647644043,2,0,1
46.22347092628479,2,0,1
46.23897123336792,2,0,1
46.25593876838684,2,1,1
46.271400690078735,2,1,1
46.28677439689636,2,1,1
46.303062438964844,2,1,1
46.31946659088135,2,1,1
46.33544397354126,2,0,1
46.35104298591614,2,0,1
46.36728286743164,2,0,1
46.38535141944885,2,0,1
46.40170383453369,2,0,1
46.4182984828949,2,0,1
46.434624433517456,2,0,1
46.45118975639343,2,0,1
46.466930866241455,2,0,1
46.48342680931091,2,0,1
46.49890923500061,2,0,1
46.515076875686646,2,0,1
46.53136706352234,2,0,1
46.54806900024414,2,0,1
46.56444048881531,2,0,1
46.57983064651489,2,0,1
46.59806728363037,2,0,1
46.614325284957886,2,0,1
46.630085468292236,2,0,1
46.64655661582947,2,0,1
46.66209316253662,2,0,1
46.67848467826843,2,0,1
46.69379377365112,2,0,1
46.71058368682861,2,0,1
46.726696729660034,2,1,1
46.74249053001404,2,1,1
46.75879144668579,2,1,1
46.77516293525696,2,1,1
46.7909631729126,2,1,1
46.80742526054382,2,0,1
46.822943687438965,2,0,1
46.83928108215332,2,0,1
46.85566163063049,2,0,1
46.87131118774414,2,0,1
46.887436389923096,2,0,1
46.9030818939209,2,0,1
46.919615030288696,2,0,1
46.93532872200012,2,0,1
46.95735692977905,4,0,1
46.97207808494568,4,0,1
46.98851776123047,4,0,1
47.00555729866028,4,0,1
47.01998424530029,4,1,1
47.03731656074524,4,1,1
47.05382323265076,4,1,1
47.070467710494995,4,1,1
47.086002826690674,4,0,1
47.10205054283142,4,0,1
47.119147300720215,4,0,1
47.13555669784546,4,0,1
47.15104031562805,4,0,1
47.167540311813354,4,0,1
47.18283700942993,4,0,1
47.19876027107239,4,0,1
47.21519160270691,4,0,1
47.23156213760376,4,0,1
47.247795820236206,4,0,1
47.26403737068176,4,0,1
47.280479431152344,4,0,1
47.29660749435425,4,0,1
47.31296992301941,4,0,1
47.330127477645874,4,0,1
47.346585512161255,4,0,1
47.36229109764099,4,0,1
47.37834429740906,4,0,1
47.39457607269287,4,0,1
47.411147594451904,4,0,1
47.4268319606781,4,0,1
47.44302439689636,4,0,1
47.45896816253662,4,0,1
47.475165367126465,4,0,1
47.49156951904297,4,0,1
47.507925510406494,4,0,1
47.524020195007324,4,0,1
47.542362213134766,4,0,1
47.55867624282837,4,0,1
47.57498240470886,4,0,1
47.59085726737976,4,0,1
47.60691738128662,4,0,1
47.62345623970032,4,0,1
47.63882350921631,4,0,1
47.65519165992737,4,0,1
47.67106246948242,4,0,1
47.68698334693909,4,0,1
47.70354866981506,4,0,1
47.719223737716675,4,0,1
47.735469579696655,4,0,1
47.75140118598938,4,0,1
47.76745533943176,4,0,1
47.783241271972656,4,0,1
47.79874539375305,4,0,1
47.81515622138977,4,0,1
47.83081293106079,4,0,1
47.84728169441223,4,0,1
47.86341619491577,4,0,1
47.87892389297485,4,0,1
47.8956561088562,4,0,1
47.914830923080444,4,0,1
47.93156886100769,4,0,1
47.949419260025024,4,0,1
47.975330114364624,1,0,1
47.98979949951172,1,0,1
48.0064857006073,1,0,1
48.022897720336914,1,0,0
48.0391583442688,1,0,0
48.05534529685974,1,0,0
48.07168102264404,1,0,0
48.08796954154968,1,0,0
48.104296922683716,1,0,0
48.12362861633301,1,0,0
48.13970494270325,1,0,0
48.15588593482971,1,0,0
48.17203211784363,1,0,0
48.18833112716675,1,0,0
48.20389413833618,1,0,0
48.22000741958618,1,0,0
48.236238956451416,1,0,0
48.252320528030396,1,0,0
48.26844024658203,1,0,0
48.283849239349365,1,0,0
48.30004549026489,1,0,0
48.315826654434204,1,0,0
48.33426094055176,1,0,0
48.35027456283569,1,0,0
48.36649203300476,1,0,0
48.382416009902954,1,0,0
48.398468017578125,1,0,0
48.414660692214966,1,0,0
48.43141984939575,1,0,0
48.44757413864136,1,0,0
48.466047286987305,1,0,0
48.48191690444946,1,0,0
48.49800753593445,1,0,0
48.514228105545044,1,0,0
48.53026342391968,1,0,0
48.5475869178772,1,0,0
48.564613580703735,1,0,0
48.58157777786255,1,0,0
48.59752917289734,1,0,0
48.61316156387329,1,0,0
48.62960124015808,1,0,0
48.64579367637634,1,0,0
48.66166114807129,1,0,0
48.67859697341919,1,0,0
48.69473910331726,1,0,0
48.710681676864624,1,0,0
48.726786851882935,1,0,0
48.74282503128052,1,0,0
48.75896954536438,1,0,0
48.775078535079956,1,0,0
48.79118037223816,1,0,0
48.80827736854553,1,0,0
48.824188232421875,1,0,0
48.840306997299194,1,0,0
48.8562867641449,1,0,0
48.87229347229004,1,0,0
48.88846302032471,1,0,0
48.904420614242554,1,0,0
48.92017650604248,1,0,0
48.93600511550903,1,0,0
48.95197153091431,1,0,0
48.97958421707153,1,0,0
48.993151903152466,1,0,0
49.00963020324707,1,0,0
49.02606987953186,1,0,0
49.04237389564514,1,0,0
49.057798862457275,1,0,0
49.07414102554321,1,0,0
49.09040641784668,1,0,0
49.1056911945343,1,0,0
49.12193942070007,1,0,0
49.13819670677185,1,0,0
49.15442156791687,1,0,0
49.169655084609985,1,0,0
49.185851097106934,1,0,0
49.20214509963989,1,0,0
49.218353271484375,1,0,0
49.23377013206482,1,0,0
49.25007653236389,1,0,0
49.26642918586731,1,0,0
49.28174424171448,1,0,0
49.29764485359192,1,0,0
49.31397104263306,1,0,0
49.330602169036865,1,0,0
49.34707474708557,1,0,0
49.3631694316864,1,0,0
49.3794322013855,1,0,0
49.3947536945343,1,0,0
49.41101264953613,1,0,0
49.427268981933594,1,0,0