All stim.
[895, 896, 897, 898, 899, 900]
Reward stim.
[895, 897, 899]
PiReceivePC sync.
1553285551.7999268
PiSendPC sync.
1553285551.801354
time,whichstim,iftouch,ifreward,ifout
1553285551.8209472,0,0,0,0
1553285551.8554668,0,0,0,0
1553285551.8723505,0,0,0,0
1553285551.889141,0,0,0,0
1553285551.9059515,0,0,0,0
1553285551.9226835,0,0,0,0
1553285551.9394984,0,0,0,0
1553285551.956318,0,0,0,0
1553285551.9732034,0,0,0,0
1553285551.9901042,0,0,0,0
1553285552.0068994,0,0,0,0
1553285552.0236835,0,0,0,0
1553285552.0406036,0,0,0,0
1553285552.0573866,0,0,0,0
1553285552.0741255,0,0,0,0
1553285552.0909708,0,0,0,0
1553285552.1077452,0,0,0,0
1553285552.124558,0,0,0,0
1553285552.1424778,0,0,0,0
1553285552.1584697,0,0,0,0
1553285552.1753635,0,0,0,0
1553285552.1921477,0,0,0,0
1553285552.2090766,0,0,0,0
1553285552.226036,0,0,0,0
1553285552.2428093,0,0,0,0
1553285552.2597213,0,0,0,0
1553285552.2764904,0,0,0,0
1553285552.293362,0,0,0,0
1553285552.310292,0,0,0,0
1553285552.3271267,0,0,0,0
1553285552.3439004,0,0,0,0
1553285552.3607624,0,0,0,0
1553285552.3776186,0,0,0,0
1553285552.3944604,0,0,0,0
1553285552.4112077,0,0,0,0
1553285552.428023,0,0,0,0
1553285552.4449284,0,0,0,0
1553285552.4618053,0,0,0,0
1553285552.4786475,0,0,0,0
1553285552.4955742,0,0,0,0
1553285552.5125299,0,0,0,0
1553285552.529388,0,0,0,0
1553285552.5462725,0,0,0,0
1553285552.563085,0,0,0,0
1553285552.5799923,0,0,0,0
1553285552.5968688,0,0,0,0
1553285552.6137693,0,0,0,0
1553285552.630682,0,0,0,0
1553285552.6474917,0,0,0,0
1553285552.6643174,0,0,0,0
1553285552.681124,0,0,0,0
1553285552.6979809,0,0,0,0
1553285552.7148228,0,0,0,0
1553285552.7316287,0,0,0,0
1553285552.7485018,0,0,0,0
1553285552.7654626,0,0,0,0
1553285552.7823272,0,0,0,0
1553285552.7991893,0,0,0,0
1553285552.8160722,0,0,0,0
1553285552.8328393,0,0,0,0
1553285552.8497124,0,0,0,0
1553285552.8665047,0,0,0,0
1553285552.8832762,0,0,0,0
1553285552.900178,0,0,0,0
1553285552.9170759,0,0,0,0
1553285552.9339488,0,0,0,0
1553285552.950861,0,0,0,0
1553285552.9676883,0,0,0,0
1553285552.9845316,0,0,0,0
1553285553.001347,0,0,0,0
1553285553.0181742,0,0,0,0
1553285553.0350137,0,0,0,0
1553285553.0517821,0,0,0,0
1553285553.0685732,0,0,0,0
1553285553.085503,0,0,0,0
1553285553.1023245,0,0,0,0
1553285553.1192377,0,0,0,0
1553285553.1361482,0,0,0,0
1553285553.1528885,0,0,0,0
1553285553.1698122,0,0,0,0
1553285553.1866465,0,0,0,0
1553285553.2034104,0,0,0,0
1553285553.2202332,0,0,0,0
1553285553.2370892,0,0,0,0
1553285553.2539015,0,0,0,0
1553285553.2707567,0,0,0,0
1553285553.2875385,0,0,0,0
1553285553.3043728,0,0,0,0
1553285553.321123,0,0,0,0
1553285553.3379326,0,0,0,0
1553285553.3547242,0,0,0,0
1553285553.3714466,0,0,0,0
1553285553.3881986,0,0,0,0
1553285553.40512,0,0,0,0
1553285553.4219422,0,0,0,0
1553285553.438732,0,0,0,0
1553285553.4555993,0,0,0,0
1553285553.4723978,0,0,0,0
1553285553.489288,0,0,0,0
1553285553.5061371,0,0,0,0
1553285553.5228603,0,0,0,0
1553285553.5396852,0,0,0,0
1553285553.5564377,0,0,0,0
1553285553.5732837,0,0,0,0
1553285553.5901694,0,0,0,0
1553285553.6069827,0,0,0,0
1553285553.6237664,0,0,0,0
1553285553.6406498,0,0,0,0
1553285553.6574862,0,0,0,0
1553285553.674335,0,0,0,0
1553285553.6911356,0,0,0,0
1553285553.7079117,0,0,0,0
1553285553.7248924,0,0,0,0
1553285553.7417648,0,0,0,0
1553285553.7585807,0,0,0,0
1553285553.77545,0,0,0,0
1553285553.7922475,0,0,0,0
1553285553.809107,0,0,0,0
1553285553.8259988,0,0,0,0
1553285553.842788,0,0,0,0
1553285553.8596349,0,0,0,0
1553285553.8764338,0,0,0,0
1553285553.8933244,0,0,0,0
1553285553.910513,0,0,0,0
1553285553.9271615,0,0,0,0
1553285553.9439237,0,0,0,0
1553285553.960802,0,0,0,0
1553285553.9776235,0,0,0,0
1553285553.9944055,0,0,0,0
1553285554.0112002,0,0,0,0
1553285554.0280063,0,0,0,0
1553285554.0449147,0,0,0,0
1553285554.0617983,0,0,0,0
1553285554.078634,0,0,0,0
1553285554.095575,0,0,0,0
1553285554.1123703,0,0,0,0
1553285554.1292093,0,0,0,0
1553285554.146059,0,0,0,0
1553285554.1628058,0,0,0,0
1553285554.179636,0,0,0,0
1553285554.1964378,0,0,0,0
1553285554.2132773,0,0,0,0
1553285554.230191,0,0,0,0
1553285554.2470126,0,0,0,0
1553285554.2637632,0,0,0,0
1553285554.2806954,0,0,0,0
1553285554.2975245,0,0,0,0
1553285554.314369,0,0,0,0
1553285554.331115,0,0,0,0
1553285554.3478975,0,0,0,0
1553285554.3648067,0,0,0,0
1553285554.3816812,0,0,0,0
1553285554.3985558,0,0,0,0
1553285554.4155307,0,0,0,0
1553285554.4323566,0,0,0,0
1553285554.4492745,0,0,0,0
1553285554.4661217,0,0,0,0
1553285554.482897,0,0,0,0
1553285554.4997628,0,0,0,0
1553285554.5165439,0,0,0,0
1553285554.5334206,0,0,0,0
1553285554.5503306,0,0,0,0
1553285554.5671554,0,0,0,0
1553285554.5839036,0,0,0,0
1553285554.6008198,0,0,0,0
1553285554.6176374,0,0,0,0
1553285554.634452,0,0,0,0
1553285554.6511943,0,0,0,0
1553285554.6679711,0,0,0,0
1553285554.6848626,0,0,0,0
1553285554.7017207,0,0,0,0
1553285554.7185237,0,0,0,0
1553285554.7354212,0,0,0,0
1553285554.7522345,0,0,0,0
1553285554.7690632,0,0,0,0
1553285554.785921,0,0,0,0
1553285554.8026378,0,0,0,0
1553285554.819479,0,0,0,0
1553285554.836235,0,0,0,0
1553285554.8530579,0,0,0,0
1553285554.8699775,0,0,0,0
1553285554.8867626,0,0,0,0
1553285554.9035394,0,0,0,0
1553285554.9203992,0,0,0,0
1553285554.937224,0,0,0,0
1553285554.953979,0,0,0,0
1553285554.9708126,0,0,0,0
1553285554.9875915,0,0,0,0
1553285555.0043845,0,0,0,0
1553285555.0212407,0,0,0,0
1553285555.0381114,0,0,0,0
1553285555.0549161,0,0,0,0
1553285555.0716937,0,0,0,0
1553285555.0885046,0,0,0,0
1553285555.1053724,0,0,0,0
1553285555.1221392,0,0,0,0
1553285555.138928,0,0,0,0
1553285555.1557417,0,0,0,0
1553285555.172482,0,0,0,0
1553285555.1894386,0,0,0,0
1553285555.2063768,0,0,0,0
1553285555.2231638,0,0,0,0
1553285555.24006,0,0,0,0
1553285555.2568789,0,0,0,0
1553285555.2736769,0,0,0,0
1553285555.2905455,0,0,0,0
1553285555.3073375,0,0,0,0
1553285555.324075,0,0,0,0
1553285555.3409932,0,0,0,0
1553285555.357913,0,0,0,0
1553285555.374797,0,0,0,0
1553285555.3916054,0,0,0,0
1553285555.4084275,0,0,0,0
1553285555.425295,0,0,0,0
1553285555.4420907,0,0,0,0
1553285555.4589128,0,0,0,0
1553285555.4758222,0,0,0,0
1553285555.492565,0,0,0,0
1553285555.509459,0,0,0,0
1553285555.5264354,0,0,0,0
1553285555.5432184,0,0,0,0
1553285555.560146,0,0,0,0
1553285555.5770123,0,0,0,0
1553285555.593783,0,0,0,0
1553285555.6106431,0,0,0,0
1553285555.627447,0,0,0,0
1553285555.644268,0,0,0,0
1553285555.6610935,0,0,0,0
1553285555.6779878,0,0,0,0
1553285555.694872,0,0,0,0
1553285555.7116845,0,0,0,0
1553285555.728491,0,0,0,0
1553285555.7453873,0,0,0,0
1553285555.7621682,0,0,0,0
1553285555.778986,0,0,0,0
1553285555.795842,0,0,0,0
1553285555.8126094,0,0,0,0
1553285555.8295522,0,0,0,0
1553285555.8464766,0,0,0,0
1553285555.8632643,0,0,0,0
1553285555.8801556,0,0,0,0
1553285555.8969955,0,0,0,0
1553285555.9137905,0,0,0,0
1553285555.9306853,0,0,0,0
1553285555.9474754,0,0,0,0
1553285555.9643168,0,0,0,0
1553285555.9811518,0,0,0,0
1553285555.998046,0,0,0,0
1553285556.014934,0,0,0,0
1553285556.0317278,0,0,0,0
1553285556.0485637,0,0,0,0
1553285556.0655026,0,0,0,0
1553285556.0823143,0,0,0,0
1553285556.099189,0,0,0,0
1553285556.1160173,0,0,0,0
1553285556.1328735,0,0,0,0
1553285556.1498353,0,0,0,0
1553285556.1666472,0,0,0,0
1553285556.1834266,0,0,0,0
1553285556.2002919,0,0,0,0
1553285556.218164,0,0,0,0
1553285556.2349625,0,0,0,0
1553285556.252048,0,0,0,0
1553285556.268952,0,0,0,0
1553285556.2859435,0,0,0,0
1553285556.3027058,0,0,0,0
1553285556.3195326,0,0,0,0
1553285556.3363864,0,0,0,0
1553285655.6045465,0,0,0,0
1553285655.6212616,0,0,0,0
1553285655.6382072,0,0,0,0
1553285655.6551318,0,0,0,0
1553285655.6719062,0,0,0,0
1553285655.6887627,0,0,0,0
1553285655.7056935,0,0,0,0
1553285655.7225125,0,0,0,0
1553285655.739378,0,0,0,0
1553285655.7562394,0,0,0,0
1553285655.7729957,0,0,0,0
1553285655.7898312,0,0,0,0
1553285655.8066595,0,0,0,0
1553285655.8235033,0,0,0,0
1553285655.8404534,0,0,0,0
1553285655.8573072,0,0,0,0
1553285655.8741064,0,0,0,0
1553285655.8910239,0,0,0,0
1553285655.9078476,0,0,0,0
1553285655.9246943,0,0,0,0
1553285655.941555,0,0,0,0
1553285655.9583156,0,0,0,0
1553285655.9752474,0,0,0,0
1553285655.992126,0,0,0,0
1553285656.0089533,0,0,0,0
1553285656.0258908,0,0,0,0
1553285656.0426981,0,0,0,0
1553285656.0596464,0,0,0,0
1553285656.076495,0,0,0,0
1553285656.093276,0,0,0,0
1553285656.11029,0,0,0,0
1553285656.1271636,0,0,0,0
1553285656.1443129,0,0,0,0
1553285656.161284,0,0,0,0
1553285656.1781027,0,0,0,0
1553285656.194945,0,0,0,0
1553285656.2117746,0,0,0,0
1553285656.2286112,0,0,0,0
1553285656.245445,0,0,0,0
1553285656.2622113,0,0,0,0
1553285656.2790954,0,0,0,0
1553285656.296069,0,0,0,0
1553285656.3128965,0,0,0,0
1553285656.329807,0,0,0,0
1553285656.3467438,0,0,0,0
1553285656.363542,0,0,0,0
1553285656.3804967,0,0,0,0
1553285656.3972886,0,0,0,0
1553285656.414072,0,0,0,0
1553285656.431003,0,0,0,0
1553285656.4478722,0,0,0,0
1553285656.464685,0,0,0,0
1553285656.4815242,0,0,0,0
1553285656.4983659,0,0,0,0
1553285656.5152938,0,0,0,0
1553285656.532107,0,0,0,0
1553285656.5489724,0,0,0,0
1553285656.5657814,0,0,0,0
1553285656.5826063,0,0,0,0
1553285656.5995958,0,0,0,0
1553285656.616519,0,0,0,0
1553285656.6332848,0,0,0,0
1553285656.650144,0,0,0,0
1553285656.666981,0,0,0,0
1553285656.6837409,0,0,0,0
1553285656.7006311,0,0,0,0
1553285656.7174335,0,0,0,0
1553285656.7341866,0,0,0,0
1553285656.7511535,0,0,0,0
1553285656.7680283,0,0,0,0
1553285656.7848482,0,0,0,0
1553285656.8016498,0,0,0,0
1553285656.8184385,0,0,0,0
1553285656.8353043,0,0,0,0
1553285656.8520763,0,0,0,0
1553285656.868829,0,0,0,0
1553285656.8856564,0,0,0,0
1553285656.902421,0,0,0,0
1553285656.9193196,0,0,0,0
1553285656.9362483,0,0,0,0
1553285656.952993,0,0,0,0
1553285656.96986,0,0,0,0
1553285656.9867082,0,0,0,0
1553285657.0035357,0,0,0,0
1553285657.0204182,0,0,0,0
1553285657.037164,0,0,0,0
1553285657.0538993,0,0,0,0
1553285657.0707998,0,0,0,0
1553285657.0876446,0,0,0,0
1553285657.104548,0,0,0,0
1553285657.121351,0,0,0,0
1553285657.1381903,0,0,0,0
1553285657.1550906,0,0,0,0
1553285657.171894,0,0,0,0
1553285657.1887467,0,0,0,0
1553285657.205646,0,0,0,0
1553285657.2224345,0,0,0,0
1553285657.2393641,0,0,0,0
1553285657.2562928,0,0,0,0
1553285657.2730958,0,0,0,0
1553285657.289942,0,0,0,0
1553285657.306767,0,0,0,0
1553285657.3235466,0,0,0,0
1553285657.3404455,0,0,0,0
1553285657.3572497,0,0,0,0
1553285657.374016,0,0,0,0
1553285657.3909583,0,0,0,0
1553285657.407866,0,0,0,0
1553285657.424704,0,0,0,0
1553285657.4415247,0,0,0,0
1553285657.4583719,0,0,0,0
1553285657.4752421,0,0,0,0
1553285657.4920194,0,0,0,0
1553285657.5088253,0,0,0,0
1553285657.5257187,0,0,0,0
1553285657.542462,0,0,0,0
1553285657.5593429,0,0,0,0
1553285657.5762496,0,0,0,0
1553285657.5930262,0,0,0,0
1553285657.6099224,0,0,0,0
1553285657.6268115,0,0,0,0
1553285657.6436095,0,0,0,0
1553285657.6604857,0,0,0,0
1553285657.6773052,0,0,0,0
1553285657.6940246,0,0,0,0
1553285657.710877,0,0,0,0
1553285657.7277653,0,0,0,0
1553285657.7446802,0,0,0,0
1553285657.7614286,0,0,0,0
1553285657.7782764,0,0,0,0
1553285657.7951124,0,0,0,0
1553285657.8119407,0,0,0,0
1553285657.8287604,0,0,0,0
1553285657.8456361,0,0,0,0
1553285657.8624287,0,0,0,0
1553285657.879288,0,0,0,0
1553285657.8962123,0,0,0,0
1553285657.9129846,0,0,0,0
1553285657.929856,0,0,0,0
1553285657.9467978,0,0,0,0
1553285657.9636018,0,0,0,0
1553285657.9805222,0,0,0,0
1553285657.997317,0,0,0,0
1553285658.0140493,0,0,0,0
1553285658.030882,0,0,0,0
1553285658.0477893,0,0,0,0
1553285658.0646665,0,0,0,0
1553285658.0814822,0,0,0,0
1553285658.0983105,0,0,0,0
1553285658.115164,0,0,0,0
1553285658.1319659,0,0,0,0
1553285658.1487775,0,0,0,0
1553285658.165607,0,0,0,0
1553285658.1825151,0,0,0,0
1553285658.1992319,0,0,0,0
1553285658.216162,0,0,0,0
1553285658.2329035,0,0,0,0
1553285658.2497783,0,0,0,0
1553285658.2666442,0,0,0,0
1553285658.2834084,0,0,0,0
1553285658.3002899,0,0,0,0
1553285658.3170855,0,0,0,0
1553285658.3338442,0,0,0,0
1553285658.3507216,0,0,0,0
1553285658.3675613,0,0,0,0
1553285658.384416,0,0,0,0
1553285658.4012692,0,0,0,0
1553285658.418069,0,0,0,0
1553285658.4348938,0,0,0,0
1553285658.451669,0,0,0,0
1553285658.4684744,0,0,0,0
1553285658.4853396,0,0,0,0
1553285658.5024726,0,0,0,0
1553285658.5193765,0,0,0,0
1553285658.5362837,0,0,0,0
1553285658.5530703,0,0,0,0
1553285658.57,0,0,0,0
1553285658.5868468,0,0,0,0
1553285658.603641,0,0,0,0
1553285658.620553,0,0,0,0
1553285658.637351,0,0,0,0
1553285658.6541507,0,0,0,0
1553285658.6710727,0,0,0,0
1553285658.6879735,0,0,0,0
1553285658.704844,0,0,0,0
1553285658.7216654,0,0,0,0
1553285658.738472,0,0,0,0
1553285658.755316,0,0,0,0
1553285658.772134,0,0,0,0
1553285658.7889311,0,0,0,0
1553285658.8057792,0,0,0,0
1553285658.8225722,0,0,0,0
1553285658.8394854,0,0,0,0
1553285658.8564487,0,0,0,0
1553285658.8732321,0,0,0,0
1553285658.8901687,0,0,0,0
1553285658.90701,0,0,0,0
1553285658.9237962,0,0,0,0
1553285658.9407096,0,0,0,0
1553285658.957495,0,0,0,0
1553285658.9742665,0,0,0,0
1553285658.991156,0,0,0,0
1553285659.0080352,0,0,0,0
1553285659.0249183,0,0,0,0
1553285659.0417264,0,0,0,0
1553285659.0585568,0,0,0,0
1553285659.075452,0,0,0,0
1553285659.0922887,0,0,0,0
1553285659.1090915,0,0,0,0
1553285659.1259522,0,0,0,0
1553285659.142705,0,0,0,0
1553285659.159619,0,0,0,0
1553285659.176552,0,0,0,0
1553285659.193394,0,0,0,0
1553285659.210297,0,0,0,0
1553285659.2271454,0,0,0,0
1553285659.2438827,0,0,0,0
1553285659.2607596,0,0,0,0
1553285659.2775319,0,0,0,0
1553285659.2942784,0,0,0,0
1553285659.3112063,0,0,0,0
1553285659.328092,0,0,0,0
1553285659.3449154,0,0,0,0
1553285659.361721,0,0,0,0
1553285659.3785613,0,0,0,0
1553285659.395428,0,0,0,0
1553285659.4122396,0,0,0,0
1553285659.4290612,0,0,0,0
1553285659.445963,0,0,0,0
1553285659.4627056,0,0,0,0
1553285659.4796607,0,0,0,0
1553285659.4966133,0,0,0,0
1553285659.5133982,0,0,0,0
1553285659.5302908,0,0,0,0
1553285659.5471196,0,0,0,0
1553285659.5638833,0,0,0,0
1553285659.580767,0,0,0,0
1553285659.5975373,0,0,0,0
1553285659.6142824,0,0,0,0
1553285659.6310418,0,0,0,0
1553285659.6479328,0,0,0,0
1553285659.6648166,0,0,0,0
1553285659.6816554,0,0,0,0
1553285659.6984844,0,0,0,0
1553285659.7152994,0,0,0,0
1553285659.732101,0,0,0,0
1553285659.7489078,0,0,0,0
1553285659.7657278,0,0,0,0
1553285659.7824986,0,0,0,0
1553285659.7993724,0,0,0,0
1553285659.816284,0,0,0,0
1553285659.8330638,0,0,0,0
1553285659.8499413,0,0,0,0
1553285659.866774,0,0,0,0
1553285659.8835328,0,0,0,0
1553285659.900387,0,0,0,0
1553285659.9171464,0,0,0,0
1553285659.9338958,0,0,0,0
1553285659.9507294,0,0,0,0
1553285659.9676223,0,0,0,0
1553285659.9845288,0,0,0,0
1553285660.0013394,0,0,0,0
1553285660.0182116,0,0,0,0
1553285660.035019,0,0,0,0
1553285660.0518074,0,0,0,0
1553285660.068681,0,0,0,0
1553285660.0856152,0,0,0,0
1553285660.1024022,0,0,0,0
1553285660.1192644,0,0,0,0
1553285660.1362152,0,0,0,0
1553285660.1530147,0,0,0,0
1553285660.1699207,0,0,0,0
1553285660.1867278,0,0,0,0
1553285660.2035086,0,0,0,0
1553285660.2204158,0,0,0,0
1553285660.2372189,0,0,0,0
1553285660.2539425,0,0,0,0
1553285660.270857,0,0,0,0
1553285660.2877293,0,0,0,0
1553285660.3046474,0,0,0,0
1553285660.32141,0,0,0,0
1553285660.3382246,0,0,0,0
1553285660.3550944,0,0,0,0
1553285660.371873,0,0,0,0
1553285660.388738,0,0,0,0
1553285660.4056482,0,0,0,0
1553285660.4223826,0,0,0,0
1553285660.439239,0,0,0,0
1553285660.4561388,0,0,0,0
1553285660.4729178,0,0,0,0
1553285660.489796,0,0,0,0
1553285660.506697,0,0,0,0
1553285660.5235012,0,0,0,0
1553285660.5403948,0,0,0,0
1553285660.5572135,0,0,0,0
1553285660.574007,0,0,0,0
1553285660.5908453,0,0,0,0
1553285660.607789,0,0,0,0
1553285660.6246657,0,0,0,0
1553285660.6415029,0,0,0,0
1553285660.6583278,0,0,0,0
1553285660.6751862,0,0,0,0
1553285660.69199,0,0,0,0
1553285660.7087908,0,0,0,0
1553285660.7257361,0,0,0,0
1553285660.7425172,0,0,0,0
1553285660.7594244,0,0,0,0
1553285660.7763402,0,0,0,0
1553285660.7931519,0,0,0,0
1553285660.8100147,0,0,0,0
1553285660.8268728,0,0,0,0
1553285660.8436744,0,0,0,0
1553285660.8605967,0,0,0,0
1553285660.8773847,0,0,0,0
1553285660.8941064,0,0,0,0
1553285660.9110208,0,0,0,0
1553285660.9278905,0,0,0,0
1553285660.9447656,0,0,0,0
1553285660.9616191,0,0,0,0
1553285660.978445,0,0,0,0
1553285660.9952915,0,0,0,0
1553285661.012067,0,0,0,0
1553285661.0288641,0,0,0,0
1553285661.0457711,0,0,0,0
1553285661.062515,0,0,0,0
1553285661.0794015,0,0,0,0
1553285661.0963163,0,0,0,0
1553285661.1131098,0,0,0,0
1553285661.1299362,0,0,0,0
1553285661.1467562,0,0,0,0
1553285661.1635218,0,0,0,0
1553285661.1803992,0,0,0,0
1553285661.1971912,0,0,0,0
1553285661.213937,0,0,0,0
1553285661.2308168,0,0,0,0
1553285661.2476876,0,0,0,0
1553285661.2645643,0,0,0,0
1553285661.2813535,0,0,0,0
1553285661.2981622,0,0,0,0
1553285661.3153238,0,0,0,0
1553285661.3321111,0,0,0,0
1553285661.3489695,0,0,0,0
1553285661.365778,0,0,0,0
1553285661.3824959,0,0,0,0
1553285661.3993897,0,0,0,0
1553285661.4162803,0,0,0,0
1553285661.4330692,0,0,0,0
1553285661.449901,0,0,0,0
1553285661.4667344,0,0,0,0
1553285661.483529,0,0,0,0
1553285661.50042,0,0,0,0
1553285661.51727,0,0,0,0
1553285661.5339952,0,0,0,0
1553285661.5508966,0,0,0,0
1553285661.5677724,0,0,0,0
1553285661.5846403,0,0,0,0
1553285661.6014326,0,0,0,0
1553285661.6182358,0,0,0,0
1553285661.635084,0,0,0,0
1553285661.6518865,0,0,0,0
1553285661.668747,0,0,0,0
1553285661.685605,0,0,0,0
1553285661.702359,0,0,0,0
1553285661.7192655,0,0,0,0
1553285661.7361693,0,0,0,0
1553285661.7529962,0,0,0,0
1553285661.7700307,0,0,0,0
1553285661.7868524,0,0,0,0
1553285661.8036149,0,0,0,0
1553285661.8205264,0,0,0,0
1553285661.837291,0,0,0,0
1553285661.854069,0,0,0,0
1553285661.8710132,0,0,0,0
1553285661.887933,0,0,0,0
1553285661.9047666,0,0,0,0
1553285661.9215744,0,0,0,0
1553285661.938392,0,0,0,0
1553285661.9552696,0,0,0,0
1553285661.972079,0,0,0,0
1553285661.9889545,0,0,0,0
1553285662.005869,0,0,0,0
1553285662.0226295,0,0,0,0
1553285662.0395982,0,0,0,0
1553285662.0565102,0,0,0,0
1553285662.0732965,0,0,0,0
1553285662.0902565,0,0,0,0
1553285662.1075754,0,0,0,0
1553285662.124715,0,0,0,0
1553285662.1425807,0,0,0,0
1553285662.1586006,0,0,0,0
1553285662.1755123,0,0,0,0
1553285662.192366,0,0,0,0
1553285662.2092168,0,0,0,0
1553285662.2260933,0,0,0,0
1553285662.2428956,0,0,0,0
1553285662.2597616,0,0,0,0
1553285662.2766376,0,0,0,0
1553285662.293386,0,0,0,0
1553285662.3102994,0,0,0,0
1553285662.3271446,0,0,0,0
1553285662.3439786,0,0,0,0
1553285662.3609102,0,0,0,0
1553285662.37774,0,0,0,0
1553285662.394572,0,0,0,0
1553285662.4113443,0,0,0,0
1553285662.4282298,0,0,0,0
1553285662.445019,0,0,0,0
1553285662.4617662,0,0,0,0
1553285662.4785175,0,0,0,0
1553285662.4954233,0,0,0,0
1553285662.5123155,0,0,0,0
1553285662.5291586,0,0,0,0
1553285662.5460498,0,0,0,0
1553285662.5628307,0,0,0,0
1553285662.579731,0,0,0,0
1553285662.5966408,0,0,0,0
1553285662.61336,0,0,0,0
1553285662.630267,0,0,0,0
1553285662.647118,0,0,0,0
1553285662.6639476,0,0,0,0
1553285662.6808295,0,0,0,0
1553285662.6976228,0,0,0,0
1553285662.7143652,0,0,0,0
1553285662.7311766,0,0,0,0
1553285662.748007,0,0,0,0
1553285662.764718,0,0,0,0
1553285662.7815058,0,0,0,0
1553285662.7982802,0,0,0,0
1553285662.8151627,0,0,0,0
1553285662.8319924,0,0,0,0
1553285662.8488204,0,0,0,0
1553285662.8656855,0,0,0,0
1553285662.8824525,0,0,0,0
1553285662.8992956,0,0,0,0
1553285662.9162204,0,0,0,0
1553285662.932956,0,0,0,0
1553285662.949841,0,0,0,0
1553285662.9666593,0,0,0,0
1553285662.9835372,0,0,0,0
1553285663.000456,0,0,0,0
1553285663.017302,0,0,0,0
1553285663.034073,0,0,0,0
1553285663.050969,0,0,0,0
1553285663.0677981,0,0,0,0
1553285663.0846522,0,0,0,0
1553285663.101375,0,0,0,0
1553285663.118171,0,0,0,0
1553285663.1350653,0,0,0,0
1553285663.1519237,0,0,0,0
1553285663.1688037,0,0,0,0
1553285663.1857283,0,0,0,0
1553285663.202545,0,0,0,0
1553285663.219396,0,0,0,0
1553285663.2362876,0,0,0,0
1553285663.253029,0,0,0,0
1553285663.2698543,0,0,0,0
1553285663.286662,0,0,0,0
1553285663.3035538,0,0,0,0
1553285663.32052,0,0,0,0
1553285663.3373914,0,0,0,0
1553285663.354168,0,0,0,0
1553285663.3710415,0,0,0,0
1553285663.38788,0,0,0,0
1553285663.4047148,0,0,0,0
1553285663.4214592,0,0,0,0
1553285663.4382632,0,0,0,0
1553285663.4551284,0,0,0,0
1553285663.4719982,0,0,0,0
1553285663.4888701,0,0,0,0
1553285663.5057595,0,0,0,0
1553285663.5225787,0,0,0,0
1553285663.5394316,0,0,0,0
1553285663.5563781,0,0,0,0
1553285663.5731587,0,0,0,0
1553285663.5900092,0,0,0,0
1553285663.6067889,0,0,0,0
1553285663.6236258,0,0,0,0
1553285663.6405766,0,0,0,0
1553285663.6574042,0,0,0,0
1553285663.6742036,0,0,0,0
1553285663.691085,0,0,0,0
1553285663.707934,0,0,0,0
1553285663.7247171,0,0,0,0
1553285663.7415626,0,0,0,0
1553285663.7583692,0,0,0,0
1553285663.7754805,0,0,0,0
1553285663.7923613,0,0,0,0
1553285663.8092284,0,0,0,0
1553285663.826121,0,0,0,0
1553285663.8429284,0,0,0,0
1553285663.8598087,0,0,0,0
1553285663.876752,0,0,0,0
1553285663.8935273,0,0,0,0
1553285663.9104111,0,0,0,0
1553285663.9272542,0,0,0,0
1553285663.9441154,0,0,0,0
1553285663.9610004,0,0,0,0
1553285663.9777908,0,0,0,0
1553285663.9946353,0,0,0,0
1553285664.01142,0,0,0,0
1553285664.0282087,0,0,0,0
1553285664.0451055,0,0,0,0
1553285664.0618339,0,0,0,0
1553285664.0785863,0,0,0,0
1553285664.0954714,0,0,0,0
1553285664.1122925,0,0,0,0
1553285664.1290998,0,0,0,0
1553285664.1459439,0,0,0,0
1553285664.1627321,0,0,0,0
1553285664.179583,0,0,0,0
1553285664.1964405,0,0,0,0
1553285664.2131739,0,0,0,0
1553285664.229985,0,0,0,0
1553285664.2467623,0,0,0,0
1553285664.2635815,0,0,0,0
1553285664.2805004,0,0,0,0
1553285664.2972944,0,0,0,0
1553285664.3140604,0,0,0,0
1553285664.330935,0,0,0,0
1553285664.347728,0,0,0,0
1553285664.3645406,0,0,0,0
1553285664.3813155,0,0,0,0
1553285664.3980987,0,0,0,0
1553285664.4149137,0,0,0,0
1553285664.4317808,0,0,0,0
1553285664.4486623,0,0,0,0
1553285664.4655852,0,0,0,0
1553285664.4823928,0,0,0,0
1553285664.4993074,0,0,0,0
1553285664.516172,0,0,0,0
1553285664.5329385,0,0,0,0
1553285664.5498264,0,0,0,0
1553285664.5666432,0,0,0,0
1553285664.5834758,0,0,0,0
1553285664.6003911,0,0,0,0
1553285664.617279,0,0,0,0
1553285664.6340735,0,0,0,0
1553285664.6510005,0,0,0,0
1553285664.667822,0,0,0,0
1553285664.6846585,0,0,0,0
1553285664.7014632,0,0,0,0
1553285664.7182639,0,0,0,0
1553285664.7351525,0,0,0,0
1553285664.7520194,0,0,0,0
1553285664.7688596,0,0,0,0
1553285664.785749,0,0,0,0
1553285664.8025594,0,0,0,0
1553285664.819416,0,0,0,0
1553285664.8362873,0,0,0,0
1553285664.8530734,0,0,0,0
1553285664.8699484,0,0,0,0
1553285664.8867624,0,0,0,0
1553285664.9036126,0,0,0,0
1553285664.9205635,0,0,0,0
1553285664.937414,0,0,0,0
1553285664.9541872,0,0,0,0
1553285664.971074,0,0,0,0
1553285664.987914,0,0,0,0
1553285665.0046833,0,0,0,0
1553285665.0214605,0,0,0,0
1553285665.0382662,0,0,0,0
1553285665.0551865,0,0,0,0
1553285665.072048,0,0,0,0
1553285665.0888786,0,0,0,0
1553285665.105773,0,0,0,0
1553285665.1225898,0,0,0,0
1553285665.1405296,0,0,0,0
1553285665.1565955,0,0,0,0
1553285665.1733553,0,0,0,0
1553285665.190234,0,0,0,0
1553285665.2070887,0,0,0,0
1553285665.223929,0,0,0,0
1553285665.240858,0,0,0,0
1553285665.2576933,0,0,0,0
1553285665.274553,0,0,0,0
1553285665.2913642,0,0,0,0
1553285665.308224,0,0,0,0
1553285665.3250866,0,0,0,0
1553285665.3418362,0,0,0,0
1553285665.3586047,0,0,0,0
1553285665.375521,0,0,0,0
1553285665.3923635,0,0,0,0
1553285665.4092097,0,0,0,0
1553285665.426064,0,0,0,0
1553285665.4428575,0,0,0,0
1553285665.4597309,0,0,0,0
1553285665.4765964,0,0,0,0
1553285665.493335,0,0,0,0
1553285665.5101407,0,0,0,0
1553285665.5269418,0,0,0,0
1553285665.543785,0,0,0,0
1553285665.560648,0,0,0,0
1553285665.5774484,0,0,0,0
1553285665.594257,0,0,0,0
1553285665.611168,0,0,0,0
1553285665.6279397,0,0,0,0
1553285665.6447244,0,0,0,0
1553285665.6615098,0,0,0,0
1553285665.6782646,0,0,0,0
1553285665.6951356,0,0,0,0
1553285665.7119522,0,0,0,0
1553285665.7287667,0,0,0,0
1553285665.7456512,0,0,0,0
1553285665.7624128,0,0,0,0
1553285665.7792172,0,0,0,0
1553285665.7960727,0,0,0,0
1553285665.8128195,0,0,0,0
1553285665.8296316,0,0,0,0
1553285665.8464427,0,0,0,0
1553285665.8632555,0,0,0,0
1553285665.880172,0,0,0,0
1553285665.8970196,0,0,0,0
1553285665.9138398,0,0,0,0
1553285665.9307811,0,0,0,0
1553285665.9475913,0,0,0,0
1553285665.9643838,0,0,0,0
1553285665.9812305,0,0,0,0
1553285665.9980342,0,0,0,0
1553285666.0147443,0,0,0,0
1553285666.0315802,0,0,0,0
1553285666.0484533,0,0,0,0
1553285666.0653112,0,0,0,0
1553285666.0821397,0,0,0,0
1553285666.0990117,0,0,0,0
1553285666.115884,0,0,0,0
1553285666.1326826,0,0,0,0
1553285666.1495402,0,0,0,0
1553285666.1664035,0,0,0,0
1553285666.183237,0,0,0,0
1553285666.2001781,0,0,0,0
1553285666.2170055,0,0,0,0
1553285666.233825,0,0,0,0
1553285666.2507367,0,0,0,0
1553285666.2676048,0,0,0,0
1553285666.2843616,0,0,0,0
1553285666.3012443,0,0,0,0
1553285666.3180451,0,0,0,0
1553285666.334864,0,0,0,0
1553285666.351769,0,0,0,0
1553285666.3686583,0,0,0,0
1553285666.3854947,0,0,0,0
1553285666.4023247,0,0,0,0
1553285666.419192,0,0,0,0
1553285666.4360704,0,0,0,0
1553285666.4528208,0,0,0,0
1553285666.4696963,0,0,0,0
1553285666.4868565,0,0,0,0
1553285666.5037072,0,0,0,0
1553285666.520627,0,0,0,0
1553285666.5374606,0,0,0,0
1553285666.5542512,0,0,0,0
1553285666.5711482,0,0,0,0
1553285666.5879767,0,0,0,0
1553285666.6047966,0,0,0,0
1553285666.621622,0,0,0,0
1553285666.6384273,0,0,0,0
1553285666.6553345,0,0,0,0
1553285666.6721935,0,0,0,0
1553285666.6890733,0,0,0,0
1553285666.70592,0,0,0,0
1553285666.7227194,0,0,0,0
1553285666.7395952,0,0,0,0
1553285666.7564948,0,0,0,0
1553285666.773313,0,0,0,0
1553285666.7901537,0,0,0,0
1553285666.806975,0,0,0,0
1553285666.8238277,0,0,0,0
1553285666.840755,0,0,0,0
1553285666.8575566,0,0,0,0
1553285666.8742907,0,0,0,0
1553285666.891172,0,0,0,0
1553285666.9080055,0,0,0,0
1553285666.9247732,0,0,0,0
1553285666.941557,0,0,0,0
1553285666.9583359,0,0,0,0
1553285666.975264,0,0,0,0
1553285666.99209,0,0,0,0
1553285667.0089068,0,0,0,0
1553285667.02577,0,0,0,0
1553285667.0425134,0,0,0,0
1553285667.0593708,0,0,0,0
1553285667.076206,0,0,0,0
1553285667.0929768,0,0,0,0
1553285667.109837,0,0,0,0
1553285667.1266472,0,0,0,0
1553285667.1434848,0,0,0,0
1553285667.1604054,0,0,0,0
1553285667.177301,0,0,0,0
1553285667.1940277,0,0,0,0
1553285667.2109222,0,0,0,0
1553285667.227796,0,0,0,0
1553285667.244608,0,0,0,0
1553285667.2613356,0,0,0,0
1553285667.2781026,0,0,0,0
1553285667.2949107,0,0,0,0
1553285667.3117363,0,0,0,0
1553285667.3285925,0,0,0,0
1553285667.3454525,0,0,0,0
1553285667.3622253,0,0,0,0
1553285667.3790488,0,0,0,0
1553285667.3959556,0,0,0,0
1553285667.41273,0,0,0,0
1553285667.4295874,0,0,0,0
1553285667.4464562,0,0,0,0
1553285667.463364,0,0,0,0
1553285667.480358,0,0,0,0
1553285667.4976518,0,0,0,0
1553285667.5149157,0,0,0,0
1553285667.532106,0,0,0,0
1553285667.5493417,0,0,0,0
1553285667.5666,0,0,0,0
1553285667.5838776,0,0,0,0
1553285667.6011558,0,0,0,0
1553285667.6183858,0,0,0,0
1553285667.6357207,0,0,0,0
1553285667.6529229,0,0,0,0
1553285667.6701925,0,0,0,0
1553285667.6875198,0,0,0,0
1553285667.704714,0,0,0,0
1553285667.721947,0,0,0,0
1553285667.7391808,0,0,0,0
1553285667.756426,0,0,0,0
1553285667.7735937,0,0,0,0
1553285667.7908828,0,0,0,0
1553285667.808169,0,0,0,0
1553285667.8254824,0,0,0,0
1553285667.8426452,0,0,0,0
1553285667.8598723,0,0,0,0
1553285667.8770866,0,0,0,0
1553285667.8942661,0,0,0,0
1553285667.9116192,0,0,0,0
1553285667.9288664,0,0,0,0
1553285667.946257,0,0,0,0
1553285667.9634302,0,0,0,0
1553285667.9807405,0,0,0,0
1553285667.9979656,0,0,0,0
1553285668.0153382,0,0,0,0
1553285668.0326536,0,0,0,0
1553285668.04999,0,0,0,0
1553285668.0672119,0,0,0,0
1553285668.0844119,0,0,0,0
1553285668.1016738,0,0,0,0
1553285668.11888,0,0,0,0
1553285668.1362064,0,0,0,0
1553285668.153438,0,0,0,0
1553285668.1707687,0,0,0,0
1553285668.1880183,0,0,0,0
1553285668.205334,0,0,0,0
1553285668.2224996,0,0,0,0
1553285668.239863,0,0,0,0
1553285668.2570682,0,0,0,0
1553285668.2742395,0,0,0,0
1553285668.2915385,0,0,0,0
1553285668.3087428,0,0,0,0
1553285668.3259802,0,0,0,0
1553285668.3432708,0,0,0,0
1553285668.3605914,0,0,0,0
1553285668.377859,0,0,0,0
1553285668.3951201,0,0,0,0
1553285668.4123466,0,0,0,0
1553285668.4296184,0,0,0,0
1553285668.4468005,0,0,0,0
1553285668.4640565,0,0,0,0
1553285668.4813335,0,0,0,0
1553285668.4985929,0,0,0,0
1553285668.515913,0,0,0,0
1553285668.5331404,0,0,0,0
1553285668.550447,0,0,0,0
1553285668.567729,0,0,0,0
1553285668.58508,0,0,0,0
1553285668.6022747,0,0,0,0
1553285668.6195564,0,0,0,0
1553285668.6368346,0,0,0,0
1553285668.6540887,0,0,0,0
1553285668.671418,0,0,0,0
1553285668.6887746,0,0,0,0
1553285668.7060728,0,0,0,0
1553285668.7232485,0,0,0,0
1553285668.7404823,0,0,0,0
1553285668.757651,0,0,0,0
1553285668.7748637,0,0,0,0
1553285668.792065,0,0,0,0
1553285668.8092897,0,0,0,0
1553285668.826543,0,0,0,0
1553285668.8437445,0,0,0,0
1553285668.8610716,0,0,0,0
1553285668.878365,0,0,0,0
1553285668.895732,0,0,0,0
1553285668.9129632,0,0,0,0
1553285668.9302917,0,0,0,0
1553285668.9472632,0,0,0,0
1553285668.9640467,0,0,0,0
1553285668.9809296,0,0,0,0
1553285668.9977152,0,0,0,0
1553285669.0143998,0,0,0,0
1553285669.0313182,0,0,0,0
1553285669.0481915,0,0,0,0
1553285669.0650682,0,0,0,0
1553285669.0818768,0,0,0,0
1553285669.0987327,0,0,0,0
1553285669.1155865,0,0,0,0
1553285669.1334727,0,0,0,0
1553285669.1495316,0,0,0,0
1553285669.1663673,0,0,0,0
1553285669.1832461,0,0,0,0
1553285669.2001712,0,0,0,0
1553285669.2170067,0,0,0,0
1553285669.2337937,0,0,0,0
1553285669.2507067,0,0,0,0
1553285669.2675433,0,0,0,0
1553285669.2843215,0,0,0,0
1553285669.301193,0,0,0,0
1553285669.3179927,0,0,0,0
1553285669.334776,0,0,0,0
1553285669.351659,0,0,0,0
1553285669.3685265,0,0,0,0
1553285669.3853981,0,0,0,0
1553285669.402191,0,0,0,0
1553285669.4190366,0,0,0,0
1553285669.4360256,0,0,0,0
1553285669.452808,0,0,0,0
1553285669.4697423,0,0,0,0
1553285669.486555,0,0,0,0
1553285669.5033965,0,0,0,0
1553285669.520361,0,0,0,0
1553285669.537184,0,0,0,0
1553285669.553956,0,0,0,0
1553285669.5708282,0,0,0,0
1553285669.5876741,0,0,0,0
1553285669.6045537,0,0,0,0
1553285669.6213303,0,0,0,0
1553285669.6381357,0,0,0,0
1553285669.6549695,0,0,0,0
1553285669.6718452,0,0,0,0
1553285669.6887345,0,0,0,0
1553285669.7056155,0,0,0,0
1553285669.7223864,0,0,0,0
1553285669.7392325,0,0,0,0
1553285669.7560568,0,0,0,0
1553285669.7727792,0,0,0,0
1553285669.789705,0,0,0,0
1553285669.8064835,0,0,0,0
1553285669.823317,0,0,0,0
1553285669.8402247,0,0,0,0
1553285669.8570607,0,0,0,0
1553285669.8738675,0,0,0,0
1553285669.8907342,0,0,0,0
1553285669.907541,0,0,0,0
1553285669.9243073,0,0,0,0
1553285669.941159,0,0,0,0
1553285669.9579246,0,0,0,0
1553285669.9747198,0,0,0,0
1553285669.9915445,0,0,0,0
1553285670.0083556,0,0,0,0
1553285670.0251951,0,0,0,0
1553285670.041954,0,0,0,0
1553285670.058777,0,0,0,0
1553285670.0756257,0,0,0,0
1553285670.0924058,0,0,0,0
1553285670.1092422,0,0,0,0
1553285670.1260827,0,0,0,0
1553285670.1428323,0,0,0,0
1553285670.1597364,0,0,0,0
1553285670.1766253,0,0,0,0
1553285670.1934419,0,0,0,0
1553285670.210338,0,0,0,0
1553285670.2271922,0,0,0,0
1553285670.244001,0,0,0,0
1553285670.2608593,0,0,0,0
1553285670.2776823,0,0,0,0
1553285670.2944455,0,0,0,0
1553285670.3113923,0,0,0,0
1553285670.3282692,0,0,0,0
1553285670.3451524,0,0,0,0
1553285670.3619435,0,0,0,0
1553285670.3787668,0,0,0,0
1553285670.3956754,0,0,0,0
1553285670.4124756,0,0,0,0
1553285670.4293709,0,0,0,0
1553285670.4462113,0,0,0,0
1553285670.463095,0,0,0,0
1553285670.4800386,0,0,0,0
1553285670.4968994,0,0,0,0
1553285670.5136056,0,0,0,0
1553285670.5304508,0,0,0,0
1553285670.5472994,0,0,0,0
1553285670.5640662,0,0,0,0
1553285670.580982,0,0,0,0
1553285670.5978124,0,0,0,0
1553285670.6146328,0,0,0,0
1553285670.631461,0,0,0,0
1553285670.6483083,0,0,0,0
1553285670.66519,0,0,0,0
1553285670.6820455,0,0,0,0
1553285670.6988752,0,0,0,0
1553285670.7157683,0,0,0,0
1553285670.7325497,0,0,0,0
1553285670.7493813,0,0,0,0
1553285670.766218,0,0,0,0
1553285670.783027,0,0,0,0
1553285670.7999272,0,0,0,0
1553285670.8168125,0,0,0,0
1553285670.8336177,0,0,0,0
1553285670.85053,0,0,0,0
1553285670.8673697,0,0,0,0
1553285670.8841693,0,0,0,0
1553285670.9010797,0,0,0,0
1553285670.9178772,0,0,0,0
1553285670.9347165,0,0,0,0
1553285670.9515643,0,0,0,0
1553285670.9684258,0,0,0,0
1553285670.9853284,0,0,0,0
1553285671.0021298,0,0,0,0
1553285671.0189655,0,0,0,0
1553285671.0358624,0,0,0,0
1553285671.0526638,0,0,0,0
1553285671.0695279,0,0,0,0
1553285671.08634,0,0,0,0
1553285671.1031754,0,0,0,0
1553285671.1201181,0,0,0,0
1553285671.1369543,0,0,0,0
1553285671.1537542,0,0,0,0
1553285671.170637,0,0,0,0
1553285671.1874835,0,0,0,0
1553285671.2042294,0,0,0,0
1553285671.2210612,0,0,0,0
1553285671.2378347,0,0,0,0
1553285671.2546282,0,0,0,0
1553285671.2714345,0,0,0,0
1553285671.2882273,0,0,0,0
1553285671.3050368,0,0,0,0
1553285671.321815,0,0,0,0
1553285671.3386054,0,0,0,0
1553285671.3554547,0,0,0,0
1553285671.372233,0,0,0,0
1553285671.389059,0,0,0,0
1553285671.4058926,0,0,0,0
1553285671.4226174,0,0,0,0
1553285671.4395084,0,0,0,0
1553285671.456416,0,0,0,0
1553285671.4731698,0,0,0,0
1553285671.4900444,0,0,0,0
1553285671.5068614,0,0,0,0
1553285671.5236084,0,0,0,0
1553285671.5405178,0,0,0,0
1553285671.557277,0,0,0,0
1553285671.5740256,0,0,0,0
1553285671.5908592,0,0,0,0
1553285671.6077054,0,0,0,0
1553285671.6245859,0,0,0,0
1553285671.6413324,0,0,0,0
1553285671.6581397,0,0,0,0
1553285671.6749222,0,0,0,0
1553285671.7541127,0,0,0,0
1553285671.7709973,0,0,0,0
1553285671.7877877,0,0,0,0
1553285671.8046207,0,0,0,0
1553285671.821349,0,0,0,0
1553285671.8381135,0,0,0,0
1553285671.8548803,0,0,0,0
1553285671.8717105,0,0,0,0
1553285671.8885398,0,0,0,0
1553285671.9053593,0,0,0,0
1553285671.9221315,0,0,0,0
1553285671.938951,0,0,0,0
1553285671.9558375,0,0,0,0
1553285671.9726107,0,0,0,0
1553285671.9894404,0,0,0,0
1553285672.0063047,0,0,0,0
1553285672.0231068,0,0,0,0
1553285672.0400276,0,0,0,0
1553285672.0568128,0,0,0,0
1553285672.0735447,0,0,0,0
1553285672.0904448,0,0,0,0
1553285672.1072679,0,0,0,0
1553285672.1240172,0,0,0,0
1553285672.140878,0,0,0,0
1553285672.157691,0,0,0,0
1553285672.1744447,0,0,0,0
1553285672.1913855,0,0,0,0
1553285672.2082438,0,0,0,0
1553285672.225139,0,0,0,0
1553285672.2419424,0,0,0,0
1553285672.2587705,0,0,0,0
1553285672.2756739,0,0,0,0
1553285672.292463,0,0,0,0
1553285672.3093545,0,0,0,0
1553285672.3261583,0,0,0,0
1553285672.3429155,0,0,0,0
1553285672.359863,0,0,0,0
1553285672.3767397,0,0,0,0
1553285672.3935306,0,0,0,0
1553285672.4104064,0,0,0,0
1553285672.4272828,0,0,0,0
1553285672.4440877,0,0,0,0
1553285672.4609854,0,0,0,0
1553285672.4777637,0,0,0,0
1553285672.4945846,0,0,0,0
1553285672.5114198,0,0,0,0
1553285672.5283182,0,0,0,0
1553285672.5452237,0,0,0,0
1553285672.56203,0,0,0,0
1553285672.5788639,0,0,0,0
1553285672.5958302,0,0,0,0
1553285672.6126251,0,0,0,0
1553285672.629512,0,0,0,0
1553285672.6463451,0,0,0,0
1553285672.663196,0,0,0,0
1553285672.6801345,0,0,0,0
1553285672.696981,0,0,0,0
1553285672.7137723,0,0,0,0
1553285672.7306726,0,0,0,0
1553285672.7475224,0,0,0,0
1553285672.7642856,0,0,0,0
1553285672.78112,0,0,0,0
1553285672.7979186,0,0,0,0
1553285672.8146892,0,0,0,0
1553285672.8315585,0,0,0,0
1553285672.8484452,0,0,0,0
1553285672.8653023,0,0,0,0
1553285672.8821187,0,0,0,0
1553285672.8989496,0,0,0,0
1553285672.9158103,0,0,0,0
1553285672.9325984,0,0,0,0
1553285672.949491,0,0,0,0
1553285672.966338,0,0,0,0
1553285672.9832253,0,0,0,0
1553285673.0002062,0,0,0,0
1553285673.0170538,0,0,0,0
1553285673.0338445,0,0,0,0
1553285673.0507085,0,0,0,0
1553285673.0675507,0,0,0,0
1553285673.084291,0,0,0,0
1553285673.1011405,0,0,0,0
1553285673.1179392,0,0,0,0
1553285673.1346693,0,0,0,0
1553285673.1515245,0,0,0,0
1553285673.1683922,0,0,0,0
1553285673.1852677,0,0,0,0
1553285673.2020519,0,0,0,0
1553285673.2188623,0,0,0,0
1553285673.2357547,0,0,0,0
1553285673.2525365,0,0,0,0
1553285673.2693563,0,0,0,0
1553285673.2861948,0,0,0,0
1553285673.3029795,0,0,0,0
1553285673.3198898,0,0,0,0
1553285673.3367286,0,0,0,0
1553285673.353518,0,0,0,0
1553285673.370397,0,0,0,0
1553285673.3872154,0,0,0,0
1553285673.403987,0,0,0,0
1553285673.42085,0,0,0,0
1553285673.437611,0,0,0,0
1553285673.4543376,0,0,0,0
1553285673.4713027,0,0,0,0
1553285673.4881377,0,0,0,0
1553285673.5049753,0,0,0,0
1553285673.5217438,0,0,0,0
1553285673.5385318,0,0,0,0
1553285673.5553854,0,0,0,0
1553285673.572159,0,0,0,0
1553285673.5889747,0,0,0,0
1553285673.605805,0,0,0,0
1553285673.6225486,0,0,0,0
1553285673.6394303,0,0,0,0
1553285673.6563375,0,0,0,0
1553285673.6731079,0,0,0,0
1553285673.6899593,0,0,0,0
1553285673.7067943,0,0,0,0
1553285673.7235863,0,0,0,0
1553285673.7405262,0,0,0,0
1553285673.7573104,0,0,0,0
1553285673.7740808,0,0,0,0
1553285673.7909665,0,0,0,0
1553285673.807831,0,0,0,0
1553285673.824717,0,0,0,0
1553285673.8414938,0,0,0,0
1553285673.8583136,0,0,0,0
1553285673.8751683,0,0,0,0
1553285673.8919816,0,0,0,0
1553285673.9087918,0,0,0,0
1553285673.9256241,0,0,0,0
1553285673.9423761,0,0,0,0
1553285673.9592614,0,0,0,0
1553285673.9762137,0,0,0,0
1553285673.9930177,0,0,0,0
1553285674.0099144,0,0,0,0
1553285674.026787,0,0,0,0
1553285674.043593,0,0,0,0
1553285674.0604584,0,0,0,0
1553285674.0772595,0,0,0,0
1553285674.0940084,0,0,0,0
1553285674.1109507,0,0,0,0
1553285674.127837,0,0,0,0
1553285674.1447196,0,0,0,0
1553285674.16154,0,0,0,0
1553285674.1783898,0,0,0,0
1553285674.1953077,0,0,0,0
1553285674.212137,0,0,0,0
1553285674.2289855,0,0,0,0
1553285674.2458313,0,0,0,0
1553285674.2625856,0,0,0,0
1553285674.279525,0,0,0,0
1553285674.29642,0,0,0,0
1553285674.3132033,0,0,0,0
1553285674.3301086,0,0,0,0
1553285674.3469577,0,0,0,0
1553285674.3637373,0,0,0,0
1553285674.3806446,0,0,0,0
1553285674.3974402,0,0,0,0
1553285674.41418,0,0,0,0
1553285674.4311702,0,0,0,0
1553285674.448063,0,0,0,0
1553285674.464929,0,0,0,0
1553285674.481719,0,0,0,0
1553285674.4985516,0,0,0,0
1553285674.5154145,0,0,0,0
1553285674.5322258,0,0,0,0
1553285674.5490444,0,0,0,0
1553285674.5658913,0,0,0,0
1553285674.5826466,0,0,0,0
1553285674.5995216,0,0,0,0
1553285674.6164167,0,0,0,0
1553285674.6331937,0,0,0,0
1553285674.6500938,0,0,0,0
1553285674.6669395,0,0,0,0
1553285674.6837406,0,0,0,0
1553285674.7006586,0,0,0,0
1553285674.7174914,0,0,0,0
1553285674.7342222,0,0,0,0
1553285674.751118,0,0,0,0
1553285674.7679787,0,0,0,0
1553285674.7848592,0,0,0,0
1553285674.801638,0,0,0,0
1553285674.8184607,0,0,0,0
1553285674.8353283,0,0,0,0
1553285674.8521202,0,0,0,0
1553285674.8689256,0,0,0,0
1553285674.8857765,0,0,0,0
1553285674.9025033,0,0,0,0
1553285674.919366,0,0,0,0
1553285674.936269,0,0,0,0
1553285674.9530356,0,0,0,0
1553285674.9699278,0,0,0,0
1553285674.9866912,0,0,0,0
1553285675.0034451,0,0,0,0
1553285675.0202732,0,0,0,0
1553285675.0370235,0,0,0,0
1553285675.0537412,0,0,0,0
1553285675.0705755,0,0,0,0
1553285675.0874336,0,0,0,0
1553285675.1042583,0,0,0,0
1553285675.1211228,0,0,0,0
1553285675.1379313,0,0,0,0
1553285675.1547046,0,0,0,0
1553285675.1715271,0,0,0,0
1553285675.1883395,0,0,0,0
1553285675.2051756,0,0,0,0
1553285675.2219584,0,0,0,0
1553285675.2387557,0,0,0,0
1553285675.2556636,0,0,0,0
1553285675.2725203,0,0,0,0
1553285675.2894075,0,0,0,0
1553285675.3063118,0,0,0,0
1553285675.3230884,0,0,0,0
1553285675.3400233,0,0,0,0
1553285675.3568218,0,0,0,0
1553285675.373616,0,0,0,0
1553285675.390557,0,0,0,0
1553285675.40742,0,0,0,0
1553285675.4242837,0,0,0,0
1553285675.4411807,0,0,0,0
1553285675.4580395,0,0,0,0
1553285675.4748952,0,0,0,0
1553285675.4916887,0,0,0,0
1553285675.508527,0,0,0,0
1553285675.5253308,0,0,0,0
1553285675.5421128,0,0,0,0
1553285675.558866,0,0,0,0
1553285675.5758214,0,0,0,0
1553285675.5926917,0,0,0,0
1553285675.6096017,0,0,0,0
1553285675.6265683,0,0,0,0
1553285675.6433465,0,0,0,0
1553285675.6602302,0,0,0,0
1553285675.6770291,0,0,0,0
1553285675.6938171,0,0,0,0
1553285675.7107239,0,0,0,0
1553285675.7276084,0,0,0,0
1553285675.7444446,0,0,0,0
1553285675.7613025,0,0,0,0
1553285675.7781262,0,0,0,0
1553285675.794936,0,0,0,0
1553285675.8117306,0,0,0,0
1553285675.8285713,0,0,0,0
1553285675.8454003,0,0,0,0
1553285675.862182,0,0,0,0
1553285675.879007,0,0,0,0
1553285675.89592,0,0,0,0
1553285675.9128287,0,0,0,0
1553285675.929704,0,0,0,0
1553285675.9466002,0,0,0,0
1553285675.9634008,0,0,0,0
1553285675.9803028,0,0,0,0
1553285675.9970572,0,0,0,0
1553285676.0138195,0,0,0,0
1553285676.0306795,0,0,0,0
1553285676.0475495,0,0,0,0
1553285676.0643916,0,0,0,0
1553285676.081248,0,0,0,0
1553285676.0980961,0,0,0,0
1553285676.1149256,0,0,0,0
1553285676.1317632,0,0,0,0
1553285676.1486793,0,0,0,0
1553285676.1655157,0,0,0,0
1553285676.1822875,0,0,0,0
1553285676.199151,0,0,0,0
1553285676.216082,0,0,0,0
1553285676.2328777,0,0,0,0
1553285676.2497737,0,0,0,0
1553285676.2666192,0,0,0,0
1553285676.2833798,0,0,0,0
1553285676.3002598,0,0,0,0
1553285676.3170154,0,0,0,0
1553285676.3337715,0,0,0,0
1553285676.3506255,0,0,0,0
1553285676.3674822,0,0,0,0
1553285676.3843026,0,0,0,0
1553285676.4011812,0,0,0,0
1553285676.4180253,0,0,0,0
1553285676.4348567,0,0,0,0
1553285676.4516613,0,0,0,0
1553285676.468465,0,0,0,0
1553285676.4852824,0,0,0,0
1553285676.5020447,0,0,0,0
1553285676.5187485,0,0,0,0
1553285676.5357122,0,0,0,0
1553285676.5525165,0,0,0,0
1553285676.5693536,0,0,0,0
1553285676.5862627,0,0,0,0
1553285676.6030214,0,0,0,0
1553285676.6198988,0,0,0,0
1553285676.6367342,0,0,0,0
1553285676.6534517,0,0,0,0
1553285676.670323,0,0,0,0
1553285676.6871874,0,0,0,0
1553285676.7040217,0,0,0,0
1553285676.7209156,0,0,0,0
1553285676.7377493,0,0,0,0
1553285676.75458,0,0,0,0
1553285676.7714,0,0,0,0
1553285676.7882698,0,0,0,0
1553285676.805132,0,0,0,0
1553285676.8218894,0,0,0,0
1553285676.8386612,0,0,0,0
1553285676.8556,0,0,0,0
1553285676.8724766,0,0,0,0
1553285676.889327,0,0,0,0
1553285676.9062617,0,0,0,0
1553285676.9253993,0,0,0,0
1553285676.9422133,0,0,0,0
1553285676.9590814,0,0,0,0
1553285676.9760356,0,0,0,0
1553285676.9928412,0,0,0,0
1553285677.0097299,0,0,0,0
1553285677.0266244,0,0,0,0
1553285677.0433824,0,0,0,0
1553285677.0602942,0,0,0,0
1553285677.0771027,0,0,0,0
1553285677.093885,0,0,0,0
1553285677.1107795,0,0,0,0
1553285677.1276689,0,0,0,0
1553285677.144561,0,0,0,0
1553285677.1614168,0,0,0,0
1553285677.178268,0,0,0,0
1553285677.19513,0,0,0,0
1553285677.2119484,0,0,0,0
1553285677.228838,0,0,0,0
1553285677.2456934,0,0,0,0
1553285677.2624652,0,0,0,0
1553285677.2793376,0,0,0,0
1553285677.2962732,0,0,0,0
1553285677.3130822,0,0,0,0
1553285677.3300016,0,0,0,0
1553285677.3468387,0,0,0,0
1553285677.3636465,0,0,0,0
1553285677.3805637,0,0,0,0
1553285677.3973634,0,0,0,0
1553285677.4141314,0,0,0,0
1553285677.431,0,0,0,0
1553285677.4478939,0,0,0,0
1553285677.4647045,0,0,0,0
1553285677.4815104,0,0,0,0
1553285677.4983373,0,0,0,0
1553285677.515177,0,0,0,0
1553285677.5319846,0,0,0,0
1553285677.548807,0,0,0,0
1553285677.565669,0,0,0,0
1553285677.5824208,0,0,0,0
1553285677.599252,0,0,0,0
1553285677.6161976,0,0,0,0
1553285677.6329863,0,0,0,0
1553285677.649828,0,0,0,0
1553285677.6666837,0,0,0,0
1553285677.6834552,0,0,0,0
1553285677.700365,0,0,0,0
1553285677.717165,0,0,0,0
1553285677.733896,0,0,0,0
1553285677.750753,0,0,0,0
1553285677.7675967,0,0,0,0
1553285677.7844124,0,0,0,0
1553285677.8012557,0,0,0,0
1553285677.8180678,0,0,0,0
1553285677.8348813,0,0,0,0
1553285677.8516743,0,0,0,0
1553285677.8684864,0,0,0,0
1553285677.8852978,0,0,0,0
1553285677.9021213,0,0,0,0
1553285677.9194047,0,0,0,0
1553285677.936751,0,0,0,0
1553285677.9540153,0,0,0,0
1553285677.9712424,0,0,0,0
1553285677.9884777,0,0,0,0
1553285678.0057218,0,0,0,0
1553285678.0228782,0,0,0,0
1553285678.0402806,0,0,0,0
1553285678.0575197,0,0,0,0
1553285678.0747714,0,0,0,0
1553285678.0920517,0,0,0,0
1553285678.1092706,0,0,0,0
1553285678.126563,0,0,0,0
1553285678.1438212,0,0,0,0
1553285678.1608667,0,0,0,0
1553285678.1777112,0,0,0,0
1553285678.1945658,0,0,0,0
1553285678.2113812,0,0,0,0
1553285678.2282412,0,0,0,0
1553285678.245082,0,0,0,0
1553285678.2619123,0,0,0,0
1553285678.2786767,0,0,0,0
1553285678.2956338,0,0,0,0
1553285678.3124928,0,0,0,0
1553285678.3293247,0,0,0,0
1553285678.3464649,0,0,0,0
1553285678.363313,0,0,0,0
1553285678.3800337,0,0,0,0
1553285678.3968658,0,0,0,0
1553285678.4136596,0,0,0,0
1553285678.4306715,0,0,0,0
1553285678.4475768,0,0,0,0
1553285678.4642093,0,0,0,0
1553285678.4808443,0,0,0,0
1553285678.4976668,0,0,0,0
1553285678.5144253,0,0,0,0
1553285678.5312538,0,0,0,0
1553285678.5481327,0,0,0,0
1553285678.5649033,0,0,0,0
1553285678.581648,0,0,0,0
1553285678.5984192,0,0,0,0
1553285678.6153564,0,0,0,0
1553285678.6322162,0,0,0,0
1553285678.649032,0,0,0,0
1553285678.665915,0,0,0,0
1553285678.6826756,0,0,0,0
1553285678.6994984,0,0,0,0
1553285678.7163339,0,0,0,0
1553285678.7330794,0,0,0,0
1553285678.7499094,0,0,0,0
1553285678.7666717,0,0,0,0
1553285678.7834935,0,0,0,0
1553285678.8004634,0,0,0,0
1553285678.8172581,0,0,0,0
1553285678.8340268,0,0,0,0
1553285678.8509276,0,0,0,0
1553285678.8677442,0,0,0,0
1553285678.8845716,0,0,0,0
1553285678.9013348,0,0,0,0
1553285678.9181054,0,0,0,0
1553285678.9349298,0,0,0,0
1553285678.9517488,0,0,0,0
1553285678.9685574,0,0,0,0
1553285678.9854262,0,0,0,0
1553285679.00223,0,0,0,0
1553285679.0190887,0,0,0,0
1553285679.035945,0,0,0,0
1553285679.0527103,0,0,0,0
1553285679.0695825,0,0,0,0
1553285679.0864189,0,0,0,0
1553285679.1032646,0,0,0,0
1553285679.1202118,0,0,0,0
1553285679.1370254,0,0,0,0
1553285679.1538064,0,0,0,0
1553285679.1706867,0,0,0,0
1553285679.187513,0,0,0,0
1553285679.2042828,0,0,0,0
1553285679.2211523,0,0,0,0
1553285679.2379892,0,0,0,0
1553285679.254824,0,0,0,0
1553285679.2716808,0,0,0,0
1553285679.2885714,0,0,0,0
1553285679.3054585,0,0,0,0
1553285679.3222623,0,0,0,0
1553285679.3390908,0,0,0,0
1553285679.3560045,0,0,0,0
1553285679.37279,0,0,0,0
1553285679.3896413,0,0,0,0
1553285679.4064965,0,0,0,0
1553285679.4233425,0,0,0,0
1553285679.4403367,0,0,0,0
1553285679.45723,0,0,0,0
1553285679.4740133,0,0,0,0
1553285679.490928,0,0,0,0
1553285679.5077772,0,0,0,0
1553285679.524632,0,0,0,0
1553285679.5414324,0,0,0,0
1553285679.558208,0,0,0,0
1553285679.5751398,0,0,0,0
1553285679.5920205,0,0,0,0
1553285679.6088638,0,0,0,0
1553285679.6257465,0,0,0,0
1553285679.6425335,0,0,0,0
1553285679.6593685,0,0,0,0
1553285679.6762555,0,0,0,0
1553285679.6930423,0,0,0,0
1553285679.7099245,0,0,0,0
1553285679.726741,0,0,0,0
1553285679.7436059,0,0,0,0
1553285679.7605212,0,0,0,0
1553285679.7773793,0,0,0,0
1553285679.7941883,0,0,0,0
1553285679.8110654,0,0,0,0
1553285679.827892,0,0,0,0
1553285679.8447175,0,0,0,0
1553285679.8615806,0,0,0,0
1553285679.8783684,0,0,0,0
1553285679.8952868,0,0,0,0
1553285679.9121892,0,0,0,0
1553285679.9290059,0,0,0,0
1553285679.9459283,0,0,0,0
1553285679.9627182,0,0,0,0
1553285679.979577,0,0,0,0
1553285679.996429,0,0,0,0
1553285680.013163,0,0,0,0
1553285680.029987,0,0,0,0
1553285680.0467153,0,0,0,0
1553285680.0635376,0,0,0,0
1553285680.0804706,0,0,0,0
1553285680.0973144,0,0,0,0
1553285680.1140854,0,0,0,0
1553285680.1309419,0,0,0,0
1553285680.1477942,0,0,0,0
1553285680.1646292,0,0,0,0
1553285680.1813853,0,0,0,0
1553285680.1981664,0,0,0,0
1553285680.214972,0,0,0,0
1553285680.231844,0,0,0,0
1553285680.24865,0,0,0,0
1553285680.265637,0,0,0,0
1553285680.2823873,0,0,0,0
1553285680.2992132,0,0,0,0
1553285680.316072,0,0,0,0
1553285680.3328006,0,0,0,0
1553285680.3496315,0,0,0,0
1553285680.3664267,0,0,0,0
1553285680.383252,0,0,0,0
1553285680.4001625,0,0,0,0
1553285680.4170687,0,0,0,0
1553285680.4338481,0,0,0,0
1553285680.4507384,0,0,0,0
1553285680.4676068,0,0,0,0
1553285680.484373,0,0,0,0
1553285680.5012412,0,0,0,0
1553285680.518028,0,0,0,0
1553285680.5348377,0,0,0,0
1553285680.5517213,0,0,0,0
1553285680.5685844,0,0,0,0
1553285680.5855088,0,0,0,0
1553285680.6023293,0,0,0,0
1553285680.6191828,0,0,0,0
1553285680.636117,0,0,0,0
1553285680.6528633,0,0,0,0
1553285680.6697826,0,0,0,0
1553285680.6866071,0,0,0,0
1553285680.703437,0,0,0,0
1553285680.7203884,0,0,0,0
1553285680.7372394,0,0,0,0
1553285680.7540271,0,0,0,0
1553285680.7709944,0,0,0,0
1553285680.7878382,0,0,0,0
1553285680.8046968,0,0,0,0
1553285680.82151,0,0,0,0
1553285680.8383017,0,0,0,0
1553285680.8552134,0,0,0,0
1553285680.8721008,0,0,0,0
1553285680.8889403,0,0,0,0
1553285680.9058387,0,0,0,0
1553285680.9226096,0,0,0,0
1553285680.9395027,0,0,0,0
1553285680.9563665,0,0,0,0
1553285680.9731271,0,0,0,0
1553285680.9900098,0,0,0,0
1553285681.006775,0,0,0,0
1553285681.0236094,0,0,0,0
1553285681.040817,0,1,0,0
1553285681.0410368,899,0,0,0
1553285681.072698,899,0,0,0
1553285681.0892467,899,0,0,0
1553285681.1047552,899,0,0,0
1553285681.1211407,899,0,0,0
1553285681.1385741,899,0,0,0
1553285681.1551297,899,0,0,0
1553285681.1712441,899,0,0,0
1553285681.1866925,899,0,0,0
1553285681.2031848,899,0,0,0
1553285681.2187183,899,0,0,0
1553285681.2351775,899,0,0,0
1553285681.2506297,899,0,0,0
1553285681.2671134,899,0,0,0
1553285681.2826283,899,0,0,0
1553285681.2992685,899,0,0,0
1553285681.314772,899,0,0,0
1553285681.331249,899,0,0,0
1553285681.3467207,899,0,0,0
1553285681.363249,899,0,0,0
1553285681.378791,899,0,0,0
1553285681.3953044,899,0,0,0
1553285681.4107852,899,0,0,0
1553285681.4272788,899,0,0,0
1553285681.442806,899,0,0,0
1553285681.4593697,899,0,0,0
1553285681.4748476,899,0,0,0
1553285681.4913359,899,0,0,0
1553285681.5068665,899,0,0,0
1553285681.523368,899,0,0,0
1553285681.5388758,899,0,0,0
1553285681.5553694,899,0,0,0
1553285681.5708272,899,0,0,0
1553285681.5873091,899,0,0,0
1553285681.602828,899,0,0,0
1553285681.6193767,899,0,0,0
1553285681.634794,899,0,0,0
PiStop sync.
1553285694.442778