time,whichstim,iftouch,ifreward,ifout
0.008489131927490234,4,0,0,0
0.02057623863220215,4,0,0,0
0.03692173957824707,4,0,0,0
0.05231070518493652,4,0,0,0
0.06851506233215332,4,0,0,0
0.08509540557861328,4,0,0,0
0.10064125061035156,4,0,0,0
0.11960959434509277,4,0,0,0
0.13554906845092773,4,0,0,0
0.15111804008483887,4,0,0,0
0.16785001754760742,4,0,0,0
0.18338942527770996,4,0,0,0
0.19951772689819336,4,0,0,0
0.2156834602355957,4,0,0,0
0.23337483406066895,4,0,0,0
0.24973511695861816,4,0,0,0
0.26604604721069336,4,0,0,0
0.2814042568206787,4,0,0,0
0.298067569732666,4,0,0,0
0.3139951229095459,4,0,0,0
0.33016085624694824,4,0,0,0
0.34665513038635254,4,0,0,0
0.36231017112731934,4,0,0,0
0.3782994747161865,4,0,0,0
0.39434266090393066,4,0,0,0
0.4101269245147705,4,0,0,0
0.42659783363342285,4,0,0,0
0.44275450706481934,4,0,0,0
0.4590952396392822,4,0,0,0
0.47556495666503906,4,0,0,0
0.491898775100708,4,0,0,0
0.5079026222229004,4,0,0,0
0.5232839584350586,4,0,0,0
0.5391643047332764,4,0,0,0
0.5556690692901611,4,0,0,0
0.5716426372528076,4,0,0,0
0.5916321277618408,4,0,0,0
0.6079597473144531,4,0,0,0
0.6221311092376709,4,0,0,0
0.6382622718811035,4,0,0,0
0.6548700332641602,4,0,0,0
0.6710543632507324,4,0,0,0
0.686821699142456,4,0,0,0
0.7028810977935791,4,0,0,0
0.7187068462371826,4,0,0,0
0.7345879077911377,4,0,0,0
0.7503147125244141,4,0,0,0
0.7666897773742676,4,0,0,0
0.7827475070953369,4,0,0,0
0.7989170551300049,4,0,0,0
0.8148081302642822,4,0,0,0
0.8308303356170654,4,0,0,0
0.8469088077545166,4,0,0,0
0.8624699115753174,4,0,0,0
0.8795795440673828,4,1,0,1
0.8954513072967529,4,1,0,1
0.9118216037750244,4,1,0,1
0.9272134304046631,4,1,0,1
0.9438951015472412,4,1,0,1
0.9596483707427979,4,1,0,1
0.9759418964385986,4,1,0,1
0.9915082454681396,4,1,0,1
1.0077180862426758,4,1,0,1
1.0235271453857422,4,1,0,1
1.039905071258545,4,0,0,1
1.055410385131836,4,0,0,1
1.071375846862793,4,0,0,1
1.0880308151245117,4,0,0,1
1.1050596237182617,4,0,0,1
1.1203398704528809,4,0,0,1
1.136094331741333,4,0,0,1
1.1531789302825928,4,0,0,1
1.1699693202972412,4,0,0,1
1.1852290630340576,4,0,0,1
1.2015302181243896,4,0,0,1
1.2172434329986572,4,0,0,1
1.2336153984069824,4,0,0,1
1.249337911605835,4,0,0,1
1.2654333114624023,4,0,0,1
1.2820730209350586,4,0,0,1
1.2978157997131348,4,0,0,1
1.3137257099151611,4,0,0,1
1.329601526260376,4,0,0,1
1.3458259105682373,4,0,0,1
1.3620672225952148,4,0,0,1
1.3776271343231201,4,0,0,1
1.393855094909668,4,0,0,1
1.4098377227783203,4,0,0,1
1.4255194664001465,4,0,0,1
1.4421143531799316,4,0,0,1
1.4580776691436768,4,0,0,1
1.4743058681488037,4,0,0,1
1.490638256072998,4,0,0,1
1.5068273544311523,4,0,0,1
1.5225894451141357,4,0,0,1
1.538649082183838,4,0,0,1
1.5549731254577637,4,0,0,1
1.5704314708709717,4,0,0,1
1.586336374282837,4,0,0,1
1.6028094291687012,4,0,0,1
1.6187217235565186,4,0,0,1
1.634873628616333,4,0,0,1
1.6503021717071533,4,0,0,1
1.66640305519104,4,0,0,1
1.6828112602233887,4,0,0,1
1.698845624923706,4,0,0,1
1.7145681381225586,4,0,0,1
1.7305889129638672,4,0,0,1
1.7467708587646484,4,0,0,1
1.762432336807251,4,0,0,1
1.7783689498901367,4,0,0,1
1.7942895889282227,4,0,0,1
1.8108720779418945,4,0,0,1
1.8269422054290771,4,0,0,1
1.8429203033447266,4,0,0,1
1.8589835166931152,4,0,0,1
1.8748741149902344,4,0,0,1
1.8903436660766602,4,0,0,1
1.906198263168335,4,0,0,1
1.9222607612609863,4,0,0,1
1.9390695095062256,4,0,0,1
1.9560582637786865,4,0,0,1
1.972015380859375,4,0,0,1
1.9880189895629883,4,0,0,1
2.004128932952881,4,0,0,1
2.021026849746704,4,0,0,1
2.036484479904175,4,0,0,1
2.0526833534240723,4,0,0,1
2.0687849521636963,4,0,0,1
2.084157943725586,4,0,0,1
2.1007065773010254,4,0,0,1
2.1162495613098145,4,0,0,1
2.132845640182495,4,0,0,1
2.148845672607422,4,0,0,1
2.1649556159973145,4,0,0,1
2.180209159851074,4,0,0,1
2.1961827278137207,4,0,0,1
2.2129600048065186,4,0,0,1
2.2293601036071777,4,0,0,1
2.245483160018921,4,0,0,1
2.2613162994384766,4,0,0,1
2.277831792831421,4,0,0,1
2.293841600418091,4,0,0,1
2.3095967769622803,4,0,0,1
2.3256497383117676,4,0,0,1
2.3414649963378906,4,0,0,1
2.358093738555908,4,0,0,1
2.3738462924957275,4,0,0,1
2.389514446258545,4,0,0,1
2.4056830406188965,4,0,0,1
2.4217002391815186,4,0,0,1
2.4374115467071533,4,0,0,1
2.4540839195251465,4,0,0,1
2.470714569091797,4,0,0,1
2.4863007068634033,4,0,0,1
2.50281023979187,4,0,0,1
2.5182106494903564,4,0,0,1
2.534850597381592,4,0,0,1
2.550781726837158,4,0,0,1
2.5666749477386475,4,0,0,1
2.5831265449523926,4,0,0,1
2.5997965335845947,4,0,0,1
2.6159632205963135,4,0,0,1
2.6321604251861572,4,0,0,1
2.6485674381256104,4,0,0,1
2.664994716644287,4,0,0,1
2.6808717250823975,4,0,0,1
2.696747064590454,4,0,0,1
2.71270489692688,4,0,0,1
2.7285287380218506,4,0,0,1
2.7450151443481445,4,0,0,1
2.7608718872070312,4,0,0,1
2.7766308784484863,4,0,0,1
2.7929911613464355,4,0,0,1
2.8091537952423096,4,0,0,1
2.8256804943084717,4,0,0,1
2.8413636684417725,4,0,0,1
2.8580234050750732,4,0,0,1
2.873544931411743,4,0,0,1
2.889286994934082,4,0,0,0
2.9155194759368896,4,0,0,0
2.927968978881836,4,0,0,0
2.943925380706787,4,0,0,0
2.9602324962615967,4,0,0,0
2.9769973754882812,4,0,0,0
2.99288010597229,4,0,0,0
3.008488893508911,4,0,0,0
3.0249545574188232,4,0,0,0
3.0418267250061035,4,0,0,0
3.0591392517089844,4,0,0,0
3.0758824348449707,4,0,0,0
3.0939409732818604,4,0,0,0
3.11019229888916,4,0,0,0
3.127044916152954,4,0,0,0
3.142256736755371,4,0,0,0
3.1588211059570312,4,0,0,0
3.175241708755493,4,0,0,0
3.192030429840088,4,0,0,0
3.2081410884857178,4,0,0,0
3.2235805988311768,4,0,0,0
3.2394497394561768,4,0,0,0
3.2552571296691895,4,0,0,0
3.2718420028686523,4,0,0,0
3.288081645965576,4,0,0,0
3.3042123317718506,4,0,0,0
3.3194990158081055,4,0,0,0
3.335704803466797,4,0,0,0
3.351325035095215,4,0,0,0
3.367598295211792,4,0,0,0
3.384185552597046,4,0,0,0
3.400388240814209,4,0,0,0
3.416180372238159,4,0,0,0
3.4327406883239746,4,0,0,0
3.448195457458496,4,0,0,0
3.4645638465881348,4,0,0,0
3.480872392654419,4,0,0,0
3.4968202114105225,4,0,0,0
3.513087749481201,4,0,0,0
3.529768943786621,4,0,0,0
3.545830726623535,4,0,0,0
3.561872720718384,4,0,0,0
3.5779151916503906,4,0,0,0
3.5940041542053223,4,0,0,0
3.609927177429199,4,0,0,0
3.626197338104248,4,0,0,0
3.6422128677368164,4,0,0,0
3.6590576171875,4,0,0,0
3.675433874130249,4,0,0,0
3.6917974948883057,4,0,0,0
3.7077503204345703,4,0,0,0
3.723551034927368,4,0,0,0
3.739701747894287,4,0,0,0
3.7558467388153076,4,0,0,0
3.7712721824645996,4,0,0,0
3.7874348163604736,4,0,0,0
3.803312063217163,4,0,0,0
3.8196122646331787,4,0,0,0
3.8374557495117188,4,0,0,0
3.8538601398468018,4,0,0,0
3.8725383281707764,4,0,0,0
3.8912224769592285,4,0,0,0
3.9214677810668945,5,0,0,0
3.9305551052093506,5,0,0,0
3.9466822147369385,5,0,0,0
3.9626646041870117,5,0,0,0
3.978574752807617,5,0,0,0
3.994927406311035,5,0,0,0
4.010908842086792,5,0,0,0
4.026672124862671,5,0,0,0
4.043972492218018,5,0,0,0
4.060031890869141,5,0,0,0
4.076340198516846,5,0,0,0
4.092712163925171,5,0,0,0
4.108473539352417,5,0,0,0
4.124634504318237,5,0,0,0
4.1404900550842285,5,0,0,0
4.156968593597412,5,0,0,0
4.172628402709961,5,0,0,0
4.188374042510986,5,0,0,0
4.204589605331421,5,0,0,0
4.221008062362671,5,0,0,0
4.236950635910034,5,0,0,0
4.252347469329834,5,0,0,0
4.268287897109985,5,0,0,0
4.28454327583313,5,0,0,0
4.3009865283966064,5,0,0,0
4.316149950027466,5,0,0,0
4.3324668407440186,5,0,0,0
4.349061965942383,5,0,0,0
4.365355491638184,5,0,0,0
4.381797552108765,5,0,0,0
4.397775411605835,5,0,0,0
4.414094924926758,5,0,0,0
4.430108547210693,5,0,0,0
4.446648836135864,5,0,0,0
4.462585210800171,5,0,0,0
4.478241443634033,5,0,0,0
4.4949657917022705,5,0,0,0
4.510619401931763,5,0,0,0
4.527143239974976,5,0,0,0
4.543606281280518,5,0,0,0
4.559269905090332,5,0,0,0
4.575701475143433,5,0,0,0
4.591961145401001,5,0,0,0
4.60760760307312,5,0,0,0
4.623048305511475,5,0,0,0
4.640205383300781,5,0,0,0
4.664777040481567,5,0,0,0
4.682457208633423,5,0,0,0
4.698866367340088,5,0,0,0
4.718369483947754,5,0,0,0
4.734732151031494,5,0,0,0
4.750654458999634,5,0,0,0
4.766315698623657,5,0,0,0
4.783057928085327,5,0,0,0
4.800071954727173,5,0,0,0
4.816434860229492,5,0,0,0
4.83257269859314,5,0,0,0
4.849048614501953,5,0,0,0
4.864645719528198,5,0,0,0
4.880643606185913,5,0,0,0
4.896981954574585,5,0,0,0
4.92087721824646,2,0,0,0
4.930096864700317,2,0,0,0
4.946681976318359,2,0,0,0
4.962565660476685,2,0,0,0
4.978429317474365,2,0,0,0
4.994273662567139,2,0,0,0
5.010297060012817,2,0,0,0
5.026547193527222,2,0,0,0
5.043171644210815,2,0,0,0
5.060024261474609,2,0,0,0
5.0753724575042725,2,0,0,0
5.092091083526611,2,0,0,0
5.10807991027832,2,0,0,0
5.124943733215332,2,0,0,0
5.140766620635986,2,0,0,0
5.156638860702515,2,0,0,0
5.173115491867065,2,0,0,0
5.1892571449279785,2,0,0,0
5.205982685089111,2,0,0,0
5.222066879272461,2,0,0,0
5.237159490585327,2,0,0,0
5.2536070346832275,2,0,0,0
5.26938009262085,2,0,0,0
5.285803318023682,2,0,0,0
5.301258087158203,2,0,0,0
5.317490816116333,2,0,0,0
5.3339385986328125,2,0,0,0
5.349434852600098,2,0,0,0
5.365581035614014,2,0,0,0
5.3812408447265625,2,0,0,0
5.397738933563232,2,0,0,0
5.414109468460083,2,0,0,0
5.4308552742004395,2,0,0,0
5.447420835494995,2,0,0,0
5.4636759757995605,2,0,0,0
5.481094837188721,2,0,0,0
5.499710559844971,2,0,0,0
5.516152858734131,2,0,0,0
5.533640146255493,2,0,0,0
5.549846649169922,2,0,0,0
5.565198183059692,2,0,0,0
5.582080125808716,2,0,0,0
5.598452091217041,2,0,0,0
5.614990711212158,2,0,0,0
5.6307289600372314,2,0,0,0
5.646097421646118,2,0,0,0
5.6630775928497314,2,0,0,0
5.6794703006744385,2,0,0,0
5.695987224578857,2,0,0,0
5.711695671081543,2,0,0,0
5.727838039398193,2,0,0,0
5.743584871292114,2,0,0,0
5.760091781616211,2,0,0,0
5.7751359939575195,2,0,0,0
5.7917866706848145,2,0,0,0
5.807198762893677,2,0,0,0
5.823280096054077,2,0,0,0
5.839757442474365,2,0,0,0
5.8554792404174805,2,0,0,0
5.871449708938599,2,0,0,0
5.887439250946045,2,0,0,0
5.903879642486572,2,0,0,0
5.928886413574219,1,0,0,0
5.937445402145386,1,0,0,0
5.953466415405273,1,0,0,0
5.9697346687316895,1,0,0,0
5.985763072967529,1,0,0,0
6.001539945602417,1,0,0,0
6.017332077026367,1,0,0,0
6.033350944519043,1,0,0,0
6.0498480796813965,1,0,0,0
6.065852165222168,1,0,0,0
6.081408739089966,1,0,0,0
6.097695350646973,1,0,0,0
6.113321304321289,1,0,0,0
6.129589796066284,1,0,0,0
6.1454644203186035,1,0,0,0
6.161974668502808,1,0,0,0
6.177492141723633,1,0,0,0
6.193988800048828,1,0,0,0
6.2093822956085205,1,0,0,0
6.226308822631836,1,0,0,0
6.242877244949341,1,0,0,0
6.261837482452393,1,0,0,0
6.286286354064941,1,0,0,0
6.302191972732544,1,0,0,0
6.320873975753784,1,0,0,0
6.338266134262085,1,0,0,0
6.354844808578491,1,0,0,0
6.370565891265869,1,0,0,0
6.387057065963745,1,0,0,0
6.402778148651123,1,0,0,0
6.418612718582153,1,0,0,0
6.434244394302368,1,0,0,0
6.450474977493286,1,0,0,0
6.466282367706299,1,0,0,0
6.482192039489746,1,0,0,0
6.499028205871582,1,0,0,0
6.515952110290527,1,0,0,0
6.53162693977356,1,0,0,0
6.547609567642212,1,0,0,0
6.56409215927124,1,0,0,0
6.580970287322998,1,0,0,0
6.596811771392822,1,0,0,0
6.6112494468688965,1,0,0,0
6.627749681472778,1,0,0,0
6.643191814422607,1,0,0,0
6.659600496292114,1,0,0,0
6.67569637298584,1,0,0,0
6.691657066345215,1,0,0,0
6.7075276374816895,1,0,0,0
6.723627090454102,1,0,0,0
6.740084171295166,1,0,0,0
6.756252765655518,1,0,0,0
6.773003101348877,1,0,0,0
6.788675546646118,1,0,0,0
6.805069208145142,1,0,0,0
6.821950197219849,1,0,0,0
6.837298154830933,1,0,0,0
6.862674951553345,2,1,1,0
6.8712286949157715,2,1,1,0
6.887452840805054,2,1,1,0
6.903743267059326,2,0,0,0
6.919827222824097,2,0,0,0
6.9358203411102295,2,0,0,0
6.951473236083984,2,0,0,0
6.967707633972168,2,0,0,0
6.98330283164978,2,0,0,0
6.9999470710754395,2,0,0,0
7.0155699253082275,2,0,0,0
7.031576633453369,2,0,0,0
7.049145221710205,2,0,0,0
7.065955877304077,2,0,0,0
7.081825494766235,2,0,0,0
7.0976808071136475,2,0,0,0
7.119620323181152,2,0,0,0
7.1359710693359375,2,0,0,0
7.151247501373291,2,0,0,0
7.1678290367126465,2,0,0,0
7.183811187744141,2,0,0,0
7.199374437332153,2,0,0,0
7.21552586555481,2,0,0,0
7.231637239456177,2,0,0,0
7.247711420059204,2,0,0,0
7.263242244720459,2,0,0,0
7.279799461364746,2,0,0,0
7.295902252197266,2,0,0,0
7.3126466274261475,2,0,0,0
7.328908205032349,2,0,0,0
7.3444249629974365,2,0,0,0
7.360514879226685,2,0,0,0
7.376782178878784,2,0,0,0
7.392459154129028,2,0,0,0
7.4083616733551025,2,0,0,0
7.4243998527526855,2,0,0,0
7.440352439880371,2,0,0,0
7.456417560577393,2,0,0,0
7.473107099533081,2,0,0,0
7.489609718322754,2,0,0,0
7.506028175354004,2,0,0,0
7.5218727588653564,2,0,0,0
7.537179708480835,2,0,0,0
7.553323984146118,2,0,0,0
7.569664001464844,2,0,0,0
7.585195302963257,2,0,0,0
7.601651668548584,2,0,0,0
7.616962194442749,2,0,0,0
7.632078409194946,2,0,0,0
7.64890718460083,2,0,0,0
7.6643149852752686,2,0,0,0
7.680553913116455,2,0,0,0
7.697021722793579,2,0,0,0
7.712085485458374,2,0,0,0
7.72834324836731,2,0,0,0
7.744836330413818,2,0,0,0
7.760174989700317,2,0,0,0
7.777848720550537,2,1,0,1
7.792954921722412,2,1,0,1
7.809064149856567,2,1,0,1
7.824154853820801,2,1,0,1
7.8404645919799805,2,1,0,1
7.856545448303223,2,0,0,1
7.872412443161011,2,0,0,1
7.888499736785889,2,0,0,1
7.904525995254517,2,0,0,1
7.921090364456177,2,0,0,1
7.937242031097412,2,0,0,1
7.953200817108154,2,0,0,1
7.969926357269287,2,0,0,1
7.985838413238525,2,0,0,1
8.002165079116821,2,0,0,1
8.01796269416809,2,0,0,1
8.033306360244751,2,0,0,1
8.04975438117981,2,0,0,1
8.065746307373047,2,0,0,1
8.081946611404419,2,0,0,1
8.097906827926636,2,0,0,1
8.114228248596191,2,0,0,1
8.13071060180664,2,0,0,1
8.147191286087036,2,0,0,1
8.162534475326538,2,0,0,1
8.178738117218018,2,0,0,1
8.194332361221313,2,0,0,1
8.210443019866943,2,0,0,1
8.22629189491272,2,0,0,1
8.242253303527832,2,0,0,1
8.258167743682861,2,0,0,1
8.274658441543579,2,0,0,1
8.291266918182373,2,0,0,1
8.306421756744385,2,0,0,1
8.322673559188843,2,0,0,1
8.338630676269531,2,0,0,1
8.354262113571167,2,0,0,1
8.370862483978271,2,0,0,1
8.386217832565308,2,0,0,1
8.402248859405518,2,0,0,1
8.418856859207153,2,0,0,1
8.434393405914307,2,0,0,1
8.451172351837158,2,0,0,1
8.466754674911499,2,0,0,1
8.482385873794556,2,0,0,1
8.4986572265625,2,0,0,1
8.514281749725342,2,0,0,1
8.530943870544434,2,0,0,1
8.546369314193726,2,0,0,1
8.562248468399048,2,0,0,1
8.578545808792114,2,0,0,1
8.59458303451538,2,0,0,1
8.610707998275757,2,0,0,1
8.627023696899414,2,0,0,1
8.642987489700317,2,0,0,1
8.658826112747192,2,0,0,1
8.674717664718628,2,0,0,1
8.691217184066772,2,0,0,1
8.70751428604126,2,0,0,1
8.724021911621094,2,0,0,1
8.74004864692688,2,0,0,1
8.755208969116211,2,0,0,1
8.771560430526733,2,0,0,1
8.787741661071777,2,0,0,1
8.80403733253479,2,0,0,1
8.819377660751343,2,0,0,1
8.836525678634644,2,0,0,1
8.85281229019165,2,0,0,1
8.868834733963013,2,0,0,1
8.88495421409607,2,0,0,1
8.901005506515503,2,0,0,1
8.916791439056396,2,0,0,1
8.933179140090942,2,0,0,1
8.948299884796143,2,0,0,1
8.965921878814697,2,0,0,1
8.98219347000122,2,0,0,1
8.997761011123657,2,0,0,1
9.01392412185669,2,0,0,1
9.02943229675293,2,0,0,1
9.046818494796753,2,0,0,1
9.062792539596558,2,0,0,1
9.079115152359009,2,0,0,1
9.096062898635864,2,0,0,1
9.113287448883057,2,0,0,1
9.129607677459717,2,0,0,1
9.145376443862915,2,0,0,1
9.161327600479126,2,0,0,1
9.177186489105225,2,0,0,1
9.193980693817139,2,0,0,1
9.209434270858765,2,0,0,1
9.22528886795044,2,0,0,1
9.24191665649414,2,0,0,1
9.2577383518219,2,0,0,1
9.273660898208618,2,0,0,1
9.289103269577026,2,0,0,1
9.306013584136963,2,0,0,1
9.321375131607056,2,0,0,1
9.337429523468018,2,0,0,1
9.353632688522339,2,0,0,1
9.370023965835571,2,0,0,1
9.385990142822266,2,0,0,1
9.40197205543518,2,0,0,1
9.417389154434204,2,0,0,1
9.433260202407837,2,0,0,1
9.449569463729858,2,0,0,1
9.465529680252075,2,0,0,1
9.4819495677948,2,0,0,1
9.49819016456604,2,0,0,1
9.514790773391724,2,0,0,1
9.531005144119263,2,0,0,1
9.553404331207275,2,0,0,1
9.571298837661743,2,0,0,1
9.58805775642395,2,0,0,1
9.604982614517212,2,0,0,1
9.619354963302612,2,0,0,1
9.63517165184021,2,0,0,1
9.651368856430054,2,0,0,1
9.667409896850586,2,0,0,1
9.683265209197998,2,0,0,1
9.699378490447998,2,0,0,1
9.715688228607178,2,0,0,1
9.731963634490967,2,0,0,1
9.74797511100769,2,0,0,1
9.764111995697021,2,0,0,1
9.780812978744507,2,0,0,0
9.80577826499939,5,0,0,0
9.814688682556152,5,0,0,0
9.830439805984497,5,0,0,0
9.850771427154541,5,0,0,0
9.867088317871094,5,0,0,0
9.883977174758911,5,0,0,0
9.900200843811035,5,0,0,0
9.916393280029297,5,0,0,0
9.932391166687012,5,0,0,0
9.949064254760742,5,0,0,0
9.966144800186157,5,0,0,0
9.981200218200684,5,0,0,0
9.99745798110962,5,0,0,0
10.013859272003174,5,0,0,0
10.02983546257019,5,0,0,0
10.04625391960144,5,0,0,0
10.062163591384888,5,0,0,0
10.078227758407593,5,0,0,0
10.095080614089966,5,0,0,0
10.11196756362915,5,0,0,0
10.127440929412842,5,0,0,0
10.144154787063599,5,0,0,0
10.15963077545166,5,0,0,0
10.175410747528076,5,0,0,0
10.19170331954956,5,0,0,0
10.208307981491089,5,0,0,0
10.224831819534302,5,0,0,0
10.240523099899292,5,0,0,0
10.256756067276001,5,0,0,0
10.272336721420288,5,0,0,0
10.288531303405762,5,0,0,0
10.305343389511108,5,0,0,0
10.32156252861023,5,0,0,0
10.337899446487427,5,0,0,0
10.35335397720337,5,0,0,0
10.369755506515503,5,0,0,0
10.385996341705322,5,0,0,0
10.401709794998169,5,0,0,0
10.417747020721436,5,0,0,0
10.43328595161438,5,0,0,0
10.4495370388031,5,0,0,0
10.466035604476929,5,0,0,0
10.481653213500977,5,0,0,0
10.498013734817505,5,0,0,0
10.513407468795776,5,0,0,0
10.529193639755249,5,0,0,0
10.5454261302948,5,0,0,0
10.56200909614563,5,0,0,0
10.577671527862549,5,0,0,0
10.594064712524414,5,0,0,0
10.610289335250854,5,0,0,0
10.626829624176025,5,0,0,0
10.6425039768219,5,0,0,0
10.658779621124268,5,0,0,0
10.674506425857544,5,0,0,0
10.690343618392944,5,0,0,0
10.70685601234436,5,0,0,0
10.722403764724731,5,0,0,0
10.738121747970581,5,0,0,0
10.754890441894531,5,0,0,0
10.77057409286499,5,0,0,0
10.786800861358643,5,0,0,0
10.810433864593506,4,0,0,0
10.818828821182251,4,0,0,0
10.835103988647461,4,0,0,0
10.851879596710205,4,0,0,0
10.867341756820679,4,0,0,0
10.883389234542847,4,0,0,0
10.899373292922974,4,0,0,0
10.91513729095459,4,0,0,0
10.932103633880615,4,0,0,0
10.948347568511963,4,0,0,0
10.964998245239258,4,0,0,0
10.98049807548523,4,0,0,0
10.996391773223877,4,0,0,0
11.01601266860962,4,0,0,0
11.031182289123535,4,0,0,0
11.0489182472229,4,0,0,0
11.068129777908325,4,0,0,0
11.08452820777893,4,0,0,0
11.100836038589478,4,0,0,0
11.116245746612549,4,0,0,0
11.132484436035156,4,0,0,0
11.149251222610474,4,0,0,0
11.16529655456543,4,0,0,0
11.181761503219604,4,0,0,0
11.19759488105774,4,0,0,0
11.213791608810425,4,0,0,0
11.229745388031006,4,0,0,0
11.24544906616211,4,0,0,0
11.2616286277771,4,0,0,0
11.278152227401733,4,0,0,0
11.29445767402649,4,0,0,0
11.310460090637207,4,0,0,0
11.326339483261108,4,0,0,0
11.343156099319458,4,0,0,0
11.359719038009644,4,0,0,0
11.37607479095459,4,0,0,0
11.391223430633545,4,0,0,0
11.408288955688477,4,0,0,0
11.424515724182129,4,0,0,0
11.440363645553589,4,0,0,0
11.457035541534424,4,0,0,0
11.473433494567871,4,0,0,0
11.4900381565094,4,0,0,0
11.505983591079712,4,0,0,0
11.521179676055908,4,0,0,0
11.537830114364624,4,0,0,0
11.553820133209229,4,0,0,0
11.56981635093689,4,0,0,0
11.585517168045044,4,0,0,0
11.601150751113892,4,0,0,0
11.616320848464966,4,0,0,0
11.632221460342407,4,0,0,0
11.648603677749634,4,0,0,0
11.66502332687378,4,0,0,0
11.681219339370728,4,0,0,0
11.698032855987549,4,0,0,0
11.713946342468262,4,0,0,0
11.72995662689209,4,0,0,0
11.74599552154541,4,0,0,0
11.761790752410889,4,0,0,0
11.777803182601929,4,0,0,0
11.793742656707764,4,0,0,0
11.827303171157837,4,0,0,0
11.842535257339478,4,0,0,0
11.858846664428711,4,0,0,0
11.87470293045044,4,0,0,0
11.890411615371704,4,0,0,0
11.906623363494873,4,0,0,0
11.922751426696777,4,0,0,0
11.938689947128296,4,0,0,0
11.954274415969849,4,0,0,0
11.970310688018799,4,0,0,0
11.986472129821777,4,0,0,0
12.002612590789795,4,0,0,0
12.01851201057434,4,0,0,0
12.035085439682007,4,0,0,0
12.051459550857544,4,0,0,0
12.067479610443115,4,0,0,0
12.083449602127075,4,0,0,0
12.099473714828491,4,0,0,0
12.115915536880493,4,0,0,0
12.131242036819458,4,0,0,0
12.147268533706665,4,0,0,0
12.163264274597168,4,0,0,0
12.185308933258057,4,0,0,0
12.201250791549683,4,0,0,0
12.217541933059692,4,0,0,0
12.233822345733643,4,0,0,0
12.24986457824707,4,0,0,0
12.265231847763062,4,0,0,0
12.281517505645752,4,0,0,0
12.298071146011353,4,0,0,0
12.316114664077759,4,0,0,0
12.331961154937744,4,0,0,0
12.348037004470825,4,0,0,0
12.364874124526978,4,0,0,0
12.380891799926758,4,0,0,0
12.397104501724243,4,0,0,0
12.413399934768677,4,0,0,0
12.429334878921509,4,0,0,0
12.445796489715576,4,0,0,0
12.461211919784546,4,0,0,0
12.477647304534912,4,0,0,0
12.494019031524658,4,0,0,0
12.509720802307129,4,0,0,0
12.525657653808594,4,0,0,0
12.541616439819336,4,0,0,0
12.557411193847656,4,0,0,0
12.574058055877686,4,0,0,0
12.590957880020142,4,0,0,0
12.608419418334961,4,0,0,0
12.624889612197876,4,0,0,0
12.642438173294067,4,0,0,0
12.661730527877808,4,0,0,0
12.677532196044922,4,0,0,0
12.6936674118042,4,0,0,0
12.709493398666382,4,0,0,0
12.725559711456299,4,0,0,0
12.741380214691162,4,0,0,0
12.7575204372406,4,0,0,0
12.773995876312256,4,0,0,0
12.789767742156982,4,0,0,0
12.805919408798218,4,0,0,0
12.829408645629883,2,0,0,0
12.838258028030396,2,0,0,0
12.854300737380981,2,0,0,0
12.870830535888672,2,0,0,0
12.886666536331177,2,0,0,0
12.902819395065308,2,0,0,0
12.918376445770264,2,0,0,0
12.93512749671936,2,0,0,0
12.951375484466553,2,0,0,0
12.967312097549438,2,0,0,0
12.98429274559021,2,0,0,0
13.000980377197266,2,0,0,0
13.016902446746826,2,0,0,0
13.033087730407715,2,0,0,0
13.049145698547363,2,0,0,0
13.065490245819092,2,0,0,0
13.08176064491272,2,0,0,0
13.098032474517822,2,0,0,0
13.114466905593872,2,0,0,0
13.13017463684082,2,0,0,0
13.146501302719116,2,0,0,0
13.1630277633667,2,0,0,0
13.179815292358398,2,0,0,0
13.19530701637268,2,0,0,0
13.211242437362671,2,0,0,0
13.227225542068481,2,0,0,0
13.24411654472351,2,0,0,0
13.260496377944946,2,0,0,0
13.277060747146606,2,0,0,0
13.292983055114746,2,0,0,0
13.30834174156189,2,0,0,0
13.324779987335205,2,0,0,0
13.340110301971436,2,0,0,0
13.356552124023438,2,0,0,0
13.372516632080078,2,0,0,0
13.388432025909424,2,0,0,0
13.405041933059692,2,0,0,0
13.422069311141968,2,0,0,0
13.439363956451416,2,0,0,0
13.456431150436401,2,0,0,0
13.473680019378662,2,0,0,0
13.490988492965698,2,0,0,0
13.506162405014038,2,0,0,0
13.522843837738037,2,0,0,0
13.538382291793823,2,0,0,0
13.554790258407593,2,0,0,0
13.570631742477417,2,0,0,0
13.586228370666504,2,0,0,0
13.60221529006958,2,0,0,0
13.61733865737915,2,0,0,0
13.633727550506592,2,0,0,0
13.649357795715332,2,0,0,0
13.665152549743652,2,0,0,0
13.681400775909424,2,0,0,0
13.697920322418213,2,0,0,0
13.713140726089478,2,0,0,0
13.729902744293213,2,0,0,0
13.745663404464722,2,0,0,0
13.761990308761597,2,0,0,0
13.777496099472046,2,0,0,0
13.793784141540527,2,0,0,0
13.809322118759155,2,0,0,0
13.832887887954712,5,0,0,0
13.844080448150635,5,0,0,0
13.86038851737976,5,0,0,0
13.87624478340149,5,0,0,0
13.89229154586792,5,0,0,0
13.908942937850952,5,0,0,0
13.924931287765503,5,0,0,0
13.940446138381958,5,0,0,0
13.95622444152832,5,0,0,0
13.972871541976929,5,0,0,0
13.988536596298218,5,0,0,0
14.004856586456299,5,0,0,0
14.020444869995117,5,0,0,0
14.037004709243774,5,0,0,0
14.052204847335815,5,0,0,0
14.068710565567017,5,0,0,0
14.08426022529602,5,0,0,0
14.100977182388306,5,0,0,0
14.116781234741211,5,0,0,0
14.132823705673218,5,0,0,0
14.148435115814209,5,0,0,0
14.16504454612732,5,0,0,0
14.182064533233643,5,0,0,0
14.19777536392212,5,0,0,0
14.213582992553711,5,0,0,0
14.235526323318481,5,0,0,0
14.253397941589355,5,0,0,0
14.270383358001709,5,0,0,0
14.290754079818726,5,0,0,0
14.30663013458252,5,0,0,0
14.322599172592163,5,0,0,0
14.338865518569946,5,0,0,0
14.354714155197144,5,0,0,0
14.370622634887695,5,0,0,0
14.38669228553772,5,0,0,0
14.402307748794556,5,0,0,0
14.418561458587646,5,0,0,0
14.434337854385376,5,0,0,0
14.451200485229492,5,0,0,0
14.466946840286255,5,0,0,0
14.482428550720215,5,0,0,0
14.498887062072754,5,0,0,0
14.51436161994934,5,0,0,0
14.530216217041016,5,0,0,0
14.546608209609985,5,0,0,0
14.562682390213013,5,0,0,0
14.578911066055298,5,0,0,0
14.59464693069458,5,0,0,0
14.610390663146973,5,0,0,0
14.626328229904175,5,0,0,0
14.64289379119873,5,0,0,0
14.659095525741577,5,0,0,0
14.675848007202148,5,0,0,0
14.691991090774536,5,0,0,0
14.707500457763672,5,0,0,0
14.72345757484436,5,0,0,0
14.739384412765503,5,0,0,0
14.756054162979126,5,0,0,0
14.771178007125854,5,0,0,0
14.787256717681885,5,0,0,0
14.803901672363281,5,0,0,0
14.819790363311768,5,0,0,0
14.842464208602905,3,0,0,0
14.852065086364746,3,0,0,0
14.867602348327637,3,0,0,0
14.883589506149292,3,0,0,0
14.899197101593018,3,0,0,0
14.915767669677734,3,0,0,0
14.931278467178345,3,0,0,0
14.947736263275146,3,0,0,0
14.96354365348816,3,0,0,0
14.979185104370117,3,0,0,0
14.995737075805664,3,0,0,0
15.011992692947388,3,0,0,0
15.03600525856018,3,0,0,0
15.056743144989014,3,0,0,0
15.072980403900146,3,0,0,0
15.091625928878784,3,0,0,0
15.107228755950928,3,0,0,0
15.12389063835144,3,0,0,0
15.139285564422607,3,0,0,0
15.155359506607056,3,0,0,0
15.171354055404663,3,0,0,0
15.188028573989868,3,0,0,0
15.203998327255249,3,0,0,0
15.219638347625732,3,0,0,0
15.235247135162354,3,0,0,0
15.25142216682434,3,0,0,0
15.267977714538574,3,0,0,0
15.283630609512329,3,0,0,0
15.299172163009644,3,0,0,0
15.315754175186157,3,0,0,0
15.331363677978516,3,0,0,0
15.347670078277588,3,0,0,0
15.3635094165802,3,0,0,0
15.379975080490112,3,0,0,0
15.395654439926147,3,0,0,0
15.41155481338501,3,0,0,0
15.427911520004272,3,0,0,0
15.44385576248169,3,0,0,0
15.459164142608643,3,0,0,0
15.475388050079346,3,0,0,0
15.49144959449768,3,0,0,0
15.507683515548706,3,0,0,0
15.523181438446045,3,0,0,0
15.539695024490356,3,0,0,0
15.556009531021118,3,0,0,0
15.571824789047241,3,0,0,0
15.588040351867676,3,0,0,0
15.603920936584473,3,0,0,0
15.618865728378296,3,0,0,0
15.634436130523682,3,0,0,0
15.650272130966187,3,0,0,0
15.6669340133667,3,0,0,0
15.683163404464722,3,0,0,0
15.698869705200195,3,0,0,0
15.714982509613037,3,0,0,0
15.730762243270874,3,0,0,0
15.747115850448608,3,0,0,0
15.763630867004395,3,0,0,0
15.780048847198486,3,0,0,0
15.795812129974365,3,0,0,0
15.811456203460693,3,0,0,0
15.831641912460327,3,0,0,0
15.865469455718994,2,0,0,0
15.887510061264038,2,1,0,1
15.902064085006714,2,1,0,1
15.917862892150879,2,1,0,1
15.933509588241577,2,1,0,1
15.949406623840332,2,1,0,1
15.965945959091187,2,1,0,1
15.981731653213501,2,1,0,1
15.998080015182495,2,1,0,1
16.01336121559143,2,0,0,1
16.02971315383911,2,0,0,1
16.046159982681274,2,0,0,1
16.06284475326538,2,0,0,1
16.07896637916565,2,0,0,1
16.094163179397583,2,0,0,1
16.110814809799194,2,0,0,1
16.12611413002014,2,0,0,1
16.142990350723267,2,0,0,1
16.158204793930054,2,0,0,1
16.174421072006226,2,0,0,1
16.190828800201416,2,0,0,1
16.206814765930176,2,0,0,1
16.222956657409668,2,0,0,1
16.238258838653564,2,0,0,1
16.254321336746216,2,0,0,1
16.270251274108887,2,0,0,1
16.28672957420349,2,0,0,1
16.30302357673645,2,0,0,1
16.318458557128906,2,0,0,1
16.3349289894104,2,0,0,1
16.350951194763184,2,0,0,1
16.366447925567627,2,0,0,1
16.382198333740234,2,0,0,1
16.399051427841187,2,0,0,1
16.415672779083252,2,0,0,1
16.43182897567749,2,0,0,1
16.447333097457886,2,0,0,1
16.463703870773315,2,0,0,1
16.479918718338013,2,0,0,1
16.495133638381958,2,0,0,1
16.511298894882202,2,0,0,1
16.527891159057617,2,0,0,1
16.543869018554688,2,0,0,1
16.559974431991577,2,0,0,1
16.57529354095459,2,0,0,1
16.591979265213013,2,0,0,1
16.607325553894043,2,0,0,1
16.622981786727905,2,0,0,1
16.638384342193604,2,0,0,1
16.654526948928833,2,0,0,1
16.670647859573364,2,0,0,1
16.686335802078247,2,0,0,1
16.702509880065918,2,0,0,1
16.719092845916748,2,0,0,1
16.734469890594482,2,0,0,1
16.750561714172363,2,0,0,1
16.766573667526245,2,0,0,1
16.78309941291809,2,0,0,1
16.79994511604309,2,0,0,1
16.815353870391846,2,0,0,1
16.831793069839478,2,0,0,1
16.84762716293335,2,0,0,1
16.863484621047974,2,0,0,1
16.87964177131653,2,0,0,1
16.896158933639526,2,0,0,1
16.91306710243225,2,0,0,1
16.929010152816772,2,0,0,1
16.944472789764404,2,0,0,1
16.960663318634033,2,0,0,1
16.976945400238037,2,0,0,1
16.992505311965942,2,0,0,1
17.00924825668335,2,0,0,1
17.02552056312561,2,0,0,1
17.042231798171997,2,0,0,1
17.059128284454346,2,0,0,1
17.075855493545532,2,0,0,1
17.09182834625244,2,0,0,1
17.1077561378479,2,0,0,1
17.12335467338562,2,0,0,1
17.139201641082764,2,0,0,1
17.15560293197632,2,0,0,1
17.171520471572876,2,0,0,1
17.187634468078613,2,0,0,1
17.2032368183136,2,0,0,1
17.219558000564575,2,0,0,1
17.235963106155396,2,0,0,1
17.251916646957397,2,0,0,1
17.26781678199768,2,0,0,1
17.28357172012329,2,0,0,1
17.299690008163452,2,0,0,1
17.31565284729004,2,0,0,1
17.331863164901733,2,0,0,1
17.348088264465332,2,0,0,1
17.363298416137695,2,0,0,1
17.379854917526245,2,0,0,1
17.395358085632324,2,0,0,1
17.41161584854126,2,0,0,1
17.427340984344482,2,0,0,1
17.44369387626648,2,0,0,1
17.459848165512085,2,0,0,1
17.479369401931763,2,0,0,1
17.49608612060547,2,0,0,1
17.51208233833313,2,0,0,1
17.52815008163452,2,0,0,1
17.543338775634766,2,0,0,1
17.560302734375,2,0,0,1
17.576394081115723,2,0,0,1
17.592357635498047,2,0,0,1
17.60892629623413,2,0,0,1
17.624231576919556,2,0,0,1
17.63947582244873,2,0,0,1
17.655611753463745,2,0,0,1
17.671974182128906,2,0,0,1
17.687711715698242,2,0,0,1
17.703730821609497,2,0,0,1
17.720630168914795,2,0,0,1
17.73604679107666,2,0,0,1
17.751410722732544,2,0,0,1
17.76818609237671,2,0,0,1
17.784255027770996,2,0,0,1
17.800318241119385,2,0,0,1
17.816495895385742,2,0,0,1
17.832956314086914,2,0,0,1
17.849086046218872,2,0,0,1
17.864142417907715,2,0,0,1
17.880964279174805,2,0,0,1
17.896963596343994,2,0,0,0
17.91971731185913,3,0,0,0
17.928696393966675,3,0,0,0
17.944881677627563,3,0,0,0
17.960630178451538,3,0,0,0
17.979054927825928,3,0,0,0
17.995393991470337,3,0,0,0
18.01362419128418,3,0,0,0
18.027997255325317,3,0,0,0
18.045027017593384,3,0,0,0
18.061174154281616,3,0,0,0
18.07689642906189,3,0,0,0
18.092906713485718,3,0,0,0
18.108283758163452,3,0,0,0
18.125130653381348,3,0,0,0
18.14217758178711,3,0,0,0
18.15793776512146,3,0,0,0
18.173847198486328,3,0,0,0
18.189499139785767,3,0,0,0
18.205225944519043,3,0,0,0
18.22150158882141,3,0,0,0
18.237674474716187,3,0,0,0
18.25383234024048,3,0,0,0
18.270190954208374,3,0,0,0
18.287389993667603,3,0,0,0
18.305755138397217,3,0,0,0
18.32840633392334,3,0,0,0
18.34455394744873,3,0,0,0
18.360884189605713,3,0,0,0
18.376474618911743,3,0,0,0
18.39276385307312,3,0,0,0
18.40812087059021,3,0,0,0
18.424980401992798,3,0,0,0
18.440568208694458,3,0,0,0
18.45622229576111,3,0,0,0
18.47280979156494,3,0,0,0
18.488105535507202,3,0,0,0
18.504911184310913,3,0,0,0
18.52109384536743,3,0,0,0
18.538094520568848,3,0,0,0
18.554423093795776,3,0,0,0
18.570283889770508,3,0,0,0
18.58710026741028,3,0,0,0
18.603309392929077,3,0,0,0
18.618614673614502,3,0,0,0
18.634833335876465,3,0,0,0
18.650977849960327,3,0,0,0
18.666123151779175,3,0,0,0
18.682749032974243,3,0,0,0
18.69893980026245,3,0,0,0
18.714220762252808,3,0,0,0
18.73030424118042,3,0,0,0
18.74705934524536,3,0,0,0
18.762118577957153,3,0,0,0
18.77877950668335,3,0,0,0
18.794750690460205,3,0,0,0
18.810887098312378,3,0,0,0
18.826899528503418,3,0,0,0
18.842815399169922,3,0,0,0
18.8589506149292,3,0,0,0
18.87446427345276,3,0,0,0
18.890543222427368,3,0,0,0
18.90628218650818,3,0,0,0
18.92917490005493,3,0,0,0
18.938730716705322,3,0,0,0
18.954447031021118,3,0,0,0
18.970715761184692,3,0,0,0
18.986479997634888,3,0,0,0
19.00258731842041,3,0,0,0
19.019017696380615,3,0,0,0
19.034372091293335,3,0,0,0
19.051161527633667,3,0,0,0
19.06626009941101,3,0,0,0
19.08410406112671,3,0,0,0
19.09970450401306,3,0,0,0
19.115886211395264,3,0,0,0
19.132164239883423,3,0,0,0
19.148593425750732,3,0,0,0
19.165155172348022,3,0,0,0
19.18031597137451,3,0,0,0
19.19631338119507,3,0,0,0
19.21218991279602,3,0,0,0
19.228415966033936,3,0,0,0
19.244470357894897,3,0,0,0
19.260571241378784,3,0,0,0
19.27660584449768,3,0,0,0
19.29274868965149,3,0,0,0
19.308598041534424,3,0,0,0
19.324766874313354,3,0,0,0
19.34083890914917,3,0,0,0
19.357043743133545,3,0,0,0
19.3728187084198,3,0,0,0
19.38824462890625,3,0,0,0
19.40514898300171,3,0,0,0
19.42152428627014,3,0,0,0
19.437360286712646,3,0,0,0
19.45333433151245,3,0,0,0
19.470008373260498,3,0,0,0
19.48543620109558,3,1,0,1
19.50142478942871,3,1,0,1
19.517262935638428,3,1,0,1
19.53381896018982,3,1,0,1
19.549890518188477,3,1,0,1
19.565471172332764,3,1,0,1
19.58133578300476,3,1,0,1
19.60087537765503,3,1,0,1
19.615397453308105,3,1,0,1
19.631353616714478,3,1,0,1
19.64755940437317,3,1,0,1
19.663642406463623,3,1,0,1
19.679219961166382,3,1,0,1
19.69628071784973,3,1,0,1
19.71241044998169,3,1,0,1
19.728749990463257,3,1,0,1
19.744685649871826,3,1,0,1
19.76041841506958,3,1,0,1
19.777055025100708,3,0,0,1
19.79296326637268,3,0,0,1
19.808919191360474,3,0,0,1
19.82487678527832,3,0,0,1
19.841171264648438,3,0,0,1
19.858060121536255,3,0,0,1
19.874217987060547,3,0,0,1
19.891847848892212,3,0,0,1
19.90830945968628,3,0,0,1
19.924498319625854,3,0,0,1
19.94023633003235,3,0,0,1
19.95708990097046,3,0,0,1
19.973886013031006,3,0,0,1
19.989306449890137,3,0,0,1
20.00542187690735,3,0,0,1
20.02143406867981,3,0,0,1
20.03803777694702,3,0,0,1
20.054158210754395,3,0,0,1
20.070903062820435,3,0,0,1
20.086485624313354,3,0,0,1
20.10303235054016,3,0,0,1
20.118538856506348,3,0,0,1
20.134204387664795,3,0,0,1
20.1505024433136,3,0,0,1
20.16649603843689,3,0,0,1
20.182957410812378,3,0,0,1
20.199126720428467,3,0,0,1
20.215961933135986,3,0,0,1
20.231224298477173,3,0,0,1
20.24741291999817,3,0,0,1
20.264122009277344,3,0,0,1
20.2808256149292,3,0,0,1
20.296940565109253,3,0,0,1
20.312828063964844,3,0,0,1
20.328965663909912,3,0,0,1
20.34474015235901,3,0,0,1
20.360379457473755,3,0,0,1
20.376612424850464,3,0,0,1
20.392334938049316,3,0,0,1
20.408650875091553,3,0,0,1
20.424365043640137,3,0,0,1
20.440277338027954,3,0,0,1
20.456866979599,3,0,0,1
20.472460985183716,3,0,0,1
20.488847255706787,3,0,0,1
20.50429606437683,3,0,0,1
20.520790576934814,3,0,0,1
20.53677487373352,3,0,0,1
20.552972555160522,3,0,0,1
20.56833815574646,3,0,0,1
20.584577560424805,3,0,0,1
20.600801944732666,3,0,0,1
20.616182327270508,3,0,0,1
20.63252353668213,3,0,0,1
20.6489417552948,3,0,0,1
20.665184259414673,3,0,0,1
20.681758165359497,3,0,0,1
20.69793391227722,3,0,0,1
20.713397979736328,3,0,0,1
20.729222536087036,3,0,0,1
20.745346069335938,3,0,0,1
20.761456966400146,3,0,0,1
20.777390241622925,3,0,0,1
20.793730974197388,3,0,0,1
20.80983281135559,3,0,0,1
20.825814962387085,3,0,0,1
20.841769695281982,3,0,0,1
20.85769820213318,3,0,0,1
20.87396764755249,3,0,0,1
20.889865159988403,3,0,0,1
20.905439376831055,3,0,0,1
20.92132306098938,3,0,0,1
20.938119173049927,3,0,0,1
20.954920530319214,3,0,0,1
20.970945119857788,3,0,0,1
20.986947298049927,3,0,0,1
21.002843379974365,3,0,0,1
21.01824641227722,3,0,0,1
21.034801244735718,3,0,0,1
21.0508131980896,3,0,0,1
21.06630778312683,3,0,0,1
21.08225727081299,3,0,0,1
21.098179817199707,3,0,0,1
21.114119052886963,3,0,0,1
21.13034701347351,3,0,0,1
21.146798133850098,3,0,0,1
21.16279172897339,3,0,0,1
21.178675889968872,3,0,0,1
21.194735527038574,3,0,0,1
21.210705757141113,3,0,0,1
21.226564168930054,3,0,0,1
21.242431640625,3,0,0,1
21.258293390274048,3,0,0,1
21.274853944778442,3,0,0,1
21.290913105010986,3,0,0,1
21.306309461593628,3,0,0,1
21.322368383407593,3,0,0,1
21.33831238746643,3,0,0,1
21.354519844055176,3,0,0,1
21.370636463165283,3,0,0,1
21.386245012283325,3,0,0,1
21.402112007141113,3,0,0,1
21.418890714645386,3,0,0,1
21.434242963790894,3,0,0,1
21.45110058784485,3,0,0,1
21.46745467185974,3,0,0,1
21.483197450637817,3,0,0,1
21.499146699905396,3,0,0,0
21.523908138275146,4,0,0,0
21.53436303138733,4,0,0,0
21.551037311553955,4,0,0,0
21.567410707473755,4,0,0,0
21.58352017402649,4,0,0,0
21.59916853904724,4,0,0,0
21.615687608718872,4,0,0,0
21.63138437271118,4,0,0,0
21.647749185562134,4,0,0,0
21.663439512252808,4,0,0,0
21.67998242378235,4,0,0,0
21.69542932510376,4,0,0,0
21.711800575256348,4,0,0,0
21.72739839553833,4,0,0,0
21.743485927581787,4,0,0,0
21.75990390777588,4,0,0,0
21.775312900543213,4,0,0,0
21.791831016540527,4,0,0,0
21.807425022125244,4,0,0,0
21.82401752471924,4,0,0,0
21.839492321014404,4,0,0,0
21.855814695358276,4,0,0,0
21.87116003036499,4,0,0,0
21.887951612472534,4,0,0,0
21.903484106063843,4,0,0,0
21.919251203536987,4,0,0,0
21.935369968414307,4,0,0,0
21.951194047927856,4,0,0,0
21.967992782592773,4,0,0,0
21.983478784561157,4,0,0,0
21.99929928779602,4,0,0,0
22.01570439338684,4,0,0,0
22.031577587127686,4,0,0,0
22.04851722717285,4,0,0,0
22.064985275268555,4,0,0,0
22.081112146377563,4,0,0,0
22.096314430236816,4,0,0,0
22.113248348236084,4,0,0,0
22.128873109817505,4,0,0,0
22.144411087036133,4,0,0,0
22.161195516586304,4,0,0,0
22.179441213607788,4,0,0,0
22.195350885391235,4,0,0,0
22.211320400238037,4,0,0,0
22.232465505599976,4,0,0,0
22.24824357032776,4,0,0,0
22.26506233215332,4,0,0,0
22.280258417129517,4,0,0,0
22.29671597480774,4,0,0,0
22.31278705596924,4,0,0,0
22.32917618751526,4,0,0,0
22.34456777572632,4,0,0,0
22.36094307899475,4,0,0,0
22.376972913742065,4,0,0,0
22.393224477767944,4,0,0,0
22.409061431884766,4,0,0,0
22.425125122070312,4,0,0,0
22.44046974182129,4,0,0,0
22.45638346672058,4,0,0,0
22.472334384918213,4,0,0,0
22.488616228103638,4,0,0,0
22.50440549850464,4,0,0,0
22.527530193328857,5,0,0,0
22.536633253097534,5,0,0,0
22.552318334579468,5,0,0,0
22.569226026535034,5,0,0,0
22.58478093147278,5,0,0,0
22.600778102874756,5,0,0,0
22.61524748802185,5,0,0,0
22.631422758102417,5,0,0,0
22.648244380950928,5,0,0,0
22.664811372756958,5,0,0,0
22.68030095100403,5,0,0,0
22.696852445602417,5,0,0,0
22.712529182434082,5,0,0,0
22.728955030441284,5,0,0,0
22.74490737915039,5,0,0,0
22.760639905929565,5,0,0,0
22.77652072906494,5,0,0,0
22.79339909553528,5,0,0,0
22.810083389282227,5,0,0,0
22.82671046257019,5,0,0,0
22.842374324798584,5,0,0,0
22.858427047729492,5,0,0,0
22.874635934829712,5,0,0,0
22.890662908554077,5,0,0,0
22.907238721847534,5,0,0,0
22.92330765724182,5,0,0,0
22.940123558044434,5,0,0,0
22.95567560195923,5,0,0,0
22.971177101135254,5,0,0,0
22.98938226699829,5,0,0,0
23.008535623550415,5,0,0,0
23.024434089660645,5,0,0,0
23.042019367218018,5,0,0,0
23.06025218963623,5,0,0,0
23.07704758644104,5,0,0,0
23.09390902519226,5,0,0,0
23.111246585845947,5,0,0,0
23.12700080871582,5,0,0,0
23.142170667648315,5,0,0,0
23.1586012840271,5,0,0,0
23.174862146377563,5,0,0,0
23.19103693962097,5,0,0,0
23.2063090801239,5,0,0,0
23.22223210334778,5,0,0,0
23.239600658416748,5,0,0,0
23.255313396453857,5,0,0,0
23.271446704864502,5,0,0,0
23.288092613220215,5,0,0,0
23.304272174835205,5,0,0,0
23.321075201034546,5,0,0,0
23.337996244430542,5,0,0,0
23.354123830795288,5,0,0,0
23.37046766281128,5,0,0,0
23.386465787887573,5,0,0,0
23.40283489227295,5,0,0,0
23.418880939483643,5,0,0,0
23.43498420715332,5,0,0,0
23.45040988922119,5,0,0,0
23.466522455215454,5,0,0,0
23.482954025268555,5,0,0,0
23.498682260513306,5,0,0,0
23.514166116714478,5,0,0,0
23.539398431777954,4,0,0,0
23.547932863235474,4,0,0,0
23.56333827972412,4,0,0,0
23.579740285873413,4,0,0,0
23.595503091812134,4,0,0,0
23.611196517944336,4,0,0,0
23.627307891845703,4,0,0,0
23.643562078475952,4,0,0,0
23.66008758544922,4,0,0,0
23.676461696624756,4,0,0,0
23.69212532043457,4,0,0,0
23.708425283432007,4,0,0,0
23.724964141845703,4,0,0,0
23.741048097610474,4,0,0,0
23.757458686828613,4,0,0,0
23.773411512374878,4,0,0,0
23.789730548858643,4,0,0,0
23.81433916091919,4,0,0,0
23.83045196533203,4,0,0,0
23.85314655303955,4,0,0,0
23.869168281555176,4,0,0,0
23.88532018661499,4,0,0,0
23.90116548538208,4,0,0,0
23.91798496246338,4,0,0,0
23.933361768722534,4,0,0,0
23.949162006378174,4,0,0,0
23.96574068069458,4,0,0,0
23.98167872428894,4,0,0,0
23.997565746307373,4,0,0,0
24.013890743255615,4,0,0,0
24.029211282730103,4,0,0,0
24.046208381652832,4,0,0,0
24.062865495681763,4,0,0,0
24.078649520874023,4,0,0,0
24.094738006591797,4,0,0,0
24.110204696655273,4,0,0,0
24.126452207565308,4,0,0,0
24.1430766582489,4,0,0,0
24.159218549728394,4,0,0,0
24.17528986930847,4,0,0,0
24.191930770874023,4,0,0,0
24.207834005355835,4,0,0,0
24.22354507446289,4,0,0,0
24.239880561828613,4,0,0,0
24.255751848220825,4,0,0,0
24.272053718566895,4,0,0,0
24.288955688476562,4,0,0,0
24.304495811462402,4,0,0,0
24.320986032485962,4,0,0,0
24.3364896774292,4,0,0,0
24.352731943130493,4,0,0,0
24.36898684501648,4,0,0,0
24.38448405265808,4,0,0,0
24.400910139083862,4,0,0,0
24.41714882850647,4,0,0,0
24.43412494659424,4,0,0,0
24.450833559036255,4,0,0,0
24.466837644577026,4,0,0,0
24.48302125930786,4,0,0,0
24.499101877212524,4,0,0,0
24.515321254730225,4,0,0,0
24.539100170135498,2,0,0,0
24.55110239982605,2,0,0,0
24.56649374961853,2,0,0,0
24.582820177078247,2,0,0,0
24.599066019058228,2,0,0,0
24.61365294456482,2,0,0,0
24.632405519485474,2,0,0,0
24.648473978042603,2,0,0,0
24.666313648223877,2,0,0,0
24.68230390548706,2,0,0,0
24.698808193206787,2,0,0,0
24.714630842208862,2,0,0,0
24.73114848136902,2,0,0,0
24.747183084487915,2,0,0,0
24.763219833374023,2,0,0,0
24.7792546749115,2,0,0,0
24.79527187347412,2,0,0,0
24.811711311340332,2,0,0,0
24.827736139297485,2,0,0,0
24.843934774398804,2,0,0,0
24.85946035385132,2,0,0,0
24.87570810317993,2,0,0,0
24.89182949066162,2,0,0,0
24.9074923992157,2,0,0,0
24.923661947250366,2,0,0,0
24.93986988067627,2,0,0,0
24.955987691879272,2,0,0,0
24.971895694732666,2,0,0,0
24.987691402435303,2,0,0,0
25.00337243080139,2,0,0,0
25.01993751525879,2,0,0,0
25.03595495223999,2,0,0,0
25.052321195602417,2,0,0,0
25.067802667617798,2,0,0,0
25.083632230758667,2,0,0,0
25.100079774856567,2,0,0,0
25.116239070892334,2,0,0,0
25.133062839508057,2,0,0,0
25.148926496505737,2,0,0,0
25.165054082870483,2,0,0,0
25.181654691696167,2,0,0,0
25.197301387786865,2,0,0,0
25.21381115913391,2,0,0,0
25.22965359687805,2,0,0,0
25.245606899261475,2,0,0,0
25.26180148124695,2,0,0,0
25.277621269226074,2,0,0,0
25.293802976608276,2,0,0,0
25.310134887695312,2,0,0,0
25.32655382156372,2,0,0,0
25.342834949493408,2,0,0,0
25.35846781730652,2,0,0,0
25.37476873397827,2,0,0,0
25.391603708267212,2,0,0,0
25.408486366271973,2,0,0,0
25.429567575454712,2,0,0,0
25.446178674697876,2,0,0,0
25.462490558624268,2,0,0,0
25.47984528541565,2,0,0,0
25.49534773826599,2,0,0,0
25.51191473007202,2,0,0,0
25.52761435508728,2,0,0,0
25.551751613616943,4,0,0,0
25.563450813293457,4,0,0,0
25.579890489578247,4,0,0,0
25.595144748687744,4,0,0,0
25.611703395843506,4,0,0,0
25.628023624420166,4,0,0,0
25.643217086791992,4,0,0,0
25.659544229507446,4,0,0,0
25.678537368774414,4,0,0,0
25.694860458374023,4,0,0,0
25.710798740386963,4,0,0,0
25.726237773895264,4,0,0,0
25.74306058883667,4,0,0,0
25.759706497192383,4,0,0,0
25.775171279907227,4,0,0,0
25.792023181915283,4,0,0,0
25.808510780334473,4,0,0,0
25.824273586273193,4,0,0,0
25.840575456619263,4,0,0,0
25.856231451034546,4,0,0,0
25.87216877937317,4,0,0,0
25.888428211212158,4,0,0,0
25.90501379966736,4,0,0,0
25.92083764076233,4,0,0,0
25.936203241348267,4,0,0,0
25.95268964767456,4,0,0,0
25.96872043609619,4,0,0,0
25.985066890716553,4,0,0,0
26.001281261444092,4,0,0,0
26.0174241065979,4,0,0,0
26.034094095230103,4,0,0,0
26.050568103790283,4,0,0,0
26.066669940948486,4,0,0,0
26.082403898239136,4,0,0,0
26.098986387252808,4,0,0,0
26.1145441532135,4,0,0,0
26.13096284866333,4,0,0,0
26.146148204803467,4,0,0,0
26.162317991256714,4,0,0,0
26.178887605667114,4,0,0,0
26.195002555847168,4,0,0,0
26.210246086120605,4,0,0,0
26.23682737350464,4,0,0,0
26.253016471862793,4,0,0,0
26.274828672409058,4,0,0,0
26.290193557739258,4,0,0,0
26.306272506713867,4,0,0,0
26.32224416732788,4,0,0,0
26.33865213394165,4,0,0,0
26.354350566864014,4,0,0,0
26.370590448379517,4,0,0,0
26.387085437774658,4,0,0,0
26.403382301330566,4,0,0,0
26.419203758239746,4,0,0,0
26.435475826263428,4,0,0,0
26.45124387741089,4,0,0,0
26.468175411224365,4,0,0,0
26.484379529953003,4,0,0,0
26.500962257385254,4,0,0,0
26.516310214996338,4,0,0,0
26.53305721282959,4,0,0,0
26.556978464126587,2,0,0,0
26.569869995117188,2,0,0,0
26.58583950996399,2,0,0,0
26.60153365135193,2,0,0,0
26.61712336540222,2,0,0,0
26.6322762966156,2,0,0,0
26.648189067840576,2,0,0,0
26.66437005996704,2,0,0,0
26.68031358718872,2,0,0,0
26.69697093963623,2,0,0,0
26.712816953659058,2,0,0,0
26.7283935546875,2,0,0,0
26.744288682937622,2,0,0,0
26.760859489440918,2,0,0,0
26.776553630828857,2,0,0,0
26.792919158935547,2,0,0,0
26.808903694152832,2,0,0,0
26.824722051620483,2,0,0,0
26.840848207473755,2,0,0,0
26.856576442718506,2,0,0,0
26.872424125671387,2,0,0,0
26.888954162597656,2,0,0,0
26.9049813747406,2,0,0,0
26.920870780944824,2,0,0,0
26.936869382858276,2,0,0,0
26.953028917312622,2,0,0,0
26.968279600143433,2,0,0,0
26.984641551971436,2,0,0,0
27.000863075256348,2,0,0,0
27.018615245819092,2,0,0,0
27.03520631790161,2,0,0,0
27.05222773551941,2,0,0,0
27.070976972579956,2,0,0,0
27.087382793426514,2,0,0,0
27.104435920715332,2,0,0,0
27.120938301086426,2,0,0,0
27.136427640914917,2,0,0,0
27.15292525291443,2,0,0,0
27.168945789337158,2,0,0,0
27.185042142868042,2,0,0,0
27.201369762420654,2,0,0,0
27.217877626419067,2,0,0,0
27.233872652053833,2,0,0,0
27.249252319335938,2,0,0,0
27.265508890151978,2,0,0,0
27.28190779685974,2,0,0,0
27.297515153884888,2,0,0,0
27.31371760368347,2,0,0,0
27.329227924346924,2,0,0,0
27.34559941291809,2,0,0,0
27.36125922203064,2,0,0,0
27.377798795700073,2,0,0,0
27.393893241882324,2,0,0,0
27.409281730651855,2,0,0,0
27.42598819732666,2,0,0,0
27.44125270843506,2,0,0,0
27.45792865753174,2,0,0,0
27.474461317062378,2,0,0,0
27.490915060043335,2,0,0,0
27.50637650489807,2,0,0,0
27.52268075942993,2,0,0,0
27.53862762451172,2,0,0,0
27.561333417892456,5,0,0,0
27.57358455657959,5,0,0,0
27.589672565460205,5,0,0,0
27.605509519577026,5,0,0,0
27.620506286621094,5,0,0,0
27.63662028312683,5,0,0,0
27.652571439743042,5,0,0,0
27.669066905975342,5,0,0,0
27.685853004455566,5,0,0,0
27.701793909072876,5,0,0,0
27.717467546463013,5,0,0,0
27.733779668807983,5,0,0,0
27.749502420425415,5,0,0,0
27.765709400177002,5,0,0,0
27.781824350357056,5,0,0,0
27.7979793548584,5,0,0,0
27.820358514785767,5,0,0,0
27.836597204208374,5,0,0,0
27.852925539016724,5,0,0,0
27.87267780303955,5,0,0,0
27.88864803314209,5,0,0,0
27.90429186820984,5,0,0,0
27.92025113105774,5,0,0,0
27.9369900226593,5,0,0,0
27.953379154205322,5,0,0,0
27.96949315071106,5,0,0,0
27.985674381256104,5,0,0,0
28.00252914428711,5,0,0,0
28.01864004135132,5,0,0,0
28.034315824508667,5,0,0,0
28.05113458633423,5,0,0,0
28.06743311882019,5,0,0,0
28.083245277404785,5,0,0,0
28.099858283996582,5,0,0,0
28.116145133972168,5,0,0,0
28.133001565933228,5,0,0,0
28.148141622543335,5,0,0,0
28.164361715316772,5,0,0,0
28.180963277816772,5,0,0,0
28.196205139160156,5,0,0,0
28.2131130695343,5,0,0,0
28.22931957244873,5,0,0,0
28.2461154460907,5,0,0,0
28.26850199699402,5,0,0,0
28.284165620803833,5,0,0,0
28.30077362060547,5,0,0,0
28.31616759300232,5,0,0,0
28.332253217697144,5,0,0,0
28.34834885597229,5,0,0,0
28.36412000656128,5,0,0,0
28.380943775177002,5,0,0,0
28.396321773529053,5,0,0,0
28.412307500839233,5,0,0,0
28.42848038673401,5,0,0,0
28.444636583328247,5,0,0,0
28.46035647392273,5,0,0,0
28.47710871696472,5,0,0,0
28.493133068084717,5,0,0,0
28.5095055103302,5,0,0,0
28.525917053222656,5,0,0,0
28.541433572769165,5,0,0,0
28.56562304496765,4,0,0,0
28.57428765296936,4,0,0,0
28.590537309646606,4,0,0,0
28.60674214363098,4,0,0,0
28.6250901222229,4,0,0,0
28.64052128791809,4,0,0,0
28.65714168548584,4,0,0,0
28.681410312652588,4,0,0,0
28.69760274887085,4,0,0,0
28.71348524093628,4,0,0,0
28.72979426383972,4,0,0,0
28.745248317718506,4,0,0,0
28.76137137413025,4,0,0,0
28.77761721611023,4,0,0,0
28.79363489151001,4,0,0,0
28.809908151626587,4,0,0,0
28.825395822525024,4,0,0,0
28.842150926589966,4,0,0,0
28.858908653259277,4,0,0,0
28.874643087387085,4,0,0,0
28.890992403030396,4,0,0,0
28.906440496444702,4,0,0,0
28.922346115112305,4,0,0,0
28.939080476760864,4,0,0,0
28.955304622650146,4,0,0,0
28.9717218875885,4,0,0,0
28.98715829849243,4,0,0,0
29.004024505615234,4,0,0,0
29.01968026161194,4,0,0,0
29.035786390304565,4,0,0,0
29.05143690109253,4,0,0,0
29.067739009857178,4,0,0,0
29.08357572555542,4,0,0,0
29.099978923797607,4,0,0,0
29.11567211151123,4,0,0,0
29.13161563873291,4,0,0,0
29.14806318283081,4,0,0,0
29.1649169921875,4,0,0,0
29.180433750152588,4,0,0,0
29.196234464645386,4,0,0,0
29.212262392044067,4,0,0,0
29.22871732711792,4,0,0,0
29.24481964111328,4,0,0,0
29.26027226448059,4,0,0,0
29.277069807052612,4,0,0,0
29.29359531402588,4,0,0,0
29.309176921844482,4,0,0,0
29.32527232170105,4,0,0,0
29.341660499572754,4,0,0,0
29.358136892318726,4,0,0,0
29.375104188919067,4,0,0,0
29.390454530715942,4,0,0,0
29.406495571136475,4,0,0,0
29.42520260810852,4,0,0,0
29.441253900527954,4,0,0,0
29.457743167877197,4,0,0,0
29.476344108581543,4,0,0,0
29.49231243133545,4,0,0,0
29.508281469345093,4,0,0,0
29.525113582611084,4,0,0,0
29.542206048965454,4,0,0,0
29.564345598220825,3,0,0,0
29.573988676071167,3,0,0,0
29.58919644355774,3,0,0,0
29.605977296829224,3,0,0,0
29.62085270881653,3,0,0,0
29.636716604232788,3,0,0,0
29.65260934829712,3,0,0,0
29.668667793273926,3,0,0,0
29.68457293510437,3,0,0,0
29.700322151184082,3,0,0,0
29.71688199043274,3,0,0,0
29.733163595199585,3,0,0,0
29.750054597854614,3,0,0,0
29.765443325042725,3,0,0,0
29.78161907196045,3,0,0,0
29.797653913497925,3,0,0,0
29.813652276992798,3,0,0,0
29.82931637763977,3,0,0,0
29.845479488372803,3,0,0,0
29.86213207244873,3,0,0,0
29.878147840499878,3,0,0,0
29.894737243652344,3,0,0,0
29.91089153289795,3,0,0,0
29.926291704177856,3,0,0,0
29.943087577819824,3,0,0,0
29.95955753326416,3,0,0,0
29.976024627685547,3,0,0,0
29.991382837295532,3,0,0,0
30.008063316345215,3,0,0,0
30.024040699005127,3,0,0,0
30.04177713394165,3,0,0,0
30.057549238204956,3,0,0,0
30.073737621307373,3,0,0,0
30.089779138565063,3,0,0,0
30.105787992477417,3,0,0,0
30.121764183044434,3,0,0,0
30.137253522872925,3,0,0,0
30.153810024261475,3,0,0,0
30.169522285461426,3,0,0,0
30.18541407585144,3,0,0,0
30.201952934265137,3,0,0,0
30.218132495880127,3,0,0,0
30.234583616256714,3,0,0,0
30.250967502593994,3,0,0,0
30.267014980316162,3,0,0,0
30.282660007476807,3,0,0,0
30.298621892929077,3,0,0,0
30.31484079360962,3,0,0,0
30.330976009368896,3,0,0,0
30.346848726272583,3,0,0,0
30.362738370895386,3,0,0,0
30.378748178482056,3,0,0,0
30.394168615341187,3,0,0,0
30.410440683364868,3,0,0,0
30.4271240234375,3,0,0,0
30.443928241729736,3,0,0,0
30.459433794021606,3,0,0,0
30.475866317749023,3,0,0,0
30.49203586578369,3,0,0,0
30.507930040359497,3,0,0,0
30.523619651794434,3,0,0,0
30.539339065551758,3,0,0,0
30.556126832962036,3,0,0,0
30.57845664024353,3,0,0,0
30.591044187545776,3,0,0,0
30.6077401638031,3,0,0,0
30.622671842575073,3,0,0,0
30.638697624206543,3,0,0,0
30.65428066253662,3,0,0,0
30.670337200164795,3,0,0,0
30.686575174331665,3,0,0,0
30.703160762786865,3,0,0,0
30.719225883483887,3,0,0,0
30.736130475997925,3,0,0,0
30.752323627471924,3,0,0,0
30.76855993270874,3,0,0,0
30.78481364250183,3,0,0,0
30.800881147384644,3,0,0,0
30.81680941581726,3,0,0,0
30.832453966140747,3,0,0,0
30.8507821559906,3,0,0,0
30.866496562957764,3,0,0,0
30.883143186569214,3,0,0,0
30.89817452430725,3,0,0,0
30.91478204727173,3,0,0,0
30.93021559715271,3,0,0,0
30.947211503982544,3,0,0,0
30.967251539230347,3,0,0,0
30.98372530937195,3,0,0,0
31.01136612892151,3,0,0,0
31.02727961540222,3,0,0,0
31.0446355342865,3,0,0,0
31.06085181236267,3,0,0,0
31.077374935150146,3,0,0,0
31.093343019485474,3,0,0,0
31.109307289123535,3,0,0,0
31.126219034194946,3,0,0,0
31.14270281791687,3,0,0,0
31.1583354473114,3,0,0,0
31.174399852752686,3,0,0,0
31.19103193283081,3,0,0,0
31.206993341445923,3,0,0,0
31.222350120544434,3,0,0,0
31.238697290420532,3,0,0,0
31.25486922264099,3,0,0,0
31.270559787750244,3,0,0,0
31.28712487220764,3,0,0,0
31.303151845932007,3,0,0,0
31.31951069831848,3,0,0,0
31.335691452026367,3,0,0,0
31.351973295211792,3,0,0,0
31.367408990859985,3,0,0,0
31.383173942565918,3,0,0,0
31.399927854537964,3,0,0,0
31.416091918945312,3,0,0,0
31.432576656341553,3,0,0,0
31.44900393486023,3,0,0,0
31.46418309211731,3,0,0,0
31.481008529663086,3,0,0,0
31.497055053710938,3,0,0,0
31.51231622695923,3,0,0,0
31.529139041900635,3,0,0,0
31.54518222808838,3,0,0,0
31.56164526939392,3,0,0,0
31.585123777389526,2,0,0,0
31.593240976333618,2,0,0,0
31.609699487686157,2,0,0,0
31.626030683517456,2,0,0,0
31.642035722732544,2,0,0,0
31.65782403945923,2,0,0,0
31.673638343811035,2,0,0,0
31.689871072769165,2,0,0,0
31.705621480941772,2,0,0,0
31.72213625907898,2,1,0,1
31.7375431060791,2,1,0,1
31.754518508911133,2,1,0,1
31.77104377746582,2,1,0,1
31.78693413734436,2,1,0,1
31.80251407623291,2,1,0,1
31.818727493286133,2,1,0,1
31.83441138267517,2,1,0,1
31.850207567214966,2,1,0,1
31.86712884902954,2,1,0,1
31.882988691329956,2,1,0,1
31.898871898651123,2,1,0,1
31.915419578552246,2,0,0,1
31.93131136894226,2,0,0,1
31.947346687316895,2,0,0,1
31.96352505683899,2,0,0,1
31.979809522628784,2,0,0,1
31.99610424041748,2,0,0,1
32.01182556152344,2,0,0,1
32.02778363227844,2,0,0,1
32.04492473602295,2,0,0,1
32.060542821884155,2,0,0,1
32.07709527015686,2,0,0,1
32.092695474624634,2,0,0,1
32.10896277427673,2,0,0,1
32.124409437179565,2,0,0,1
32.14104700088501,2,0,0,1
32.15633010864258,2,0,0,1
32.17295432090759,2,0,0,1
32.18849158287048,2,0,0,1
32.20471262931824,2,0,0,1
32.220651149749756,2,0,0,1
32.236226081848145,2,0,0,1
32.25255537033081,2,0,0,1
32.26840662956238,2,0,0,1
32.28481459617615,2,0,0,1
32.300708532333374,2,0,0,1
32.3161518573761,2,0,0,1
32.3326416015625,2,0,0,1
32.34866690635681,2,0,0,1
32.36502122879028,2,0,0,1
32.38073706626892,2,0,0,1
32.397072076797485,2,0,0,1
32.41336178779602,2,0,0,1
32.42988109588623,2,0,0,1
32.445401430130005,2,0,0,1
32.46168303489685,2,0,0,1
32.47816038131714,2,0,0,1
32.49403738975525,2,0,0,1
32.509259939193726,2,0,0,1
32.52570152282715,2,0,0,1
32.541297912597656,2,0,0,1
32.55725336074829,2,0,0,1
32.57318305969238,2,0,0,1
32.58954405784607,2,0,0,1
32.60597538948059,2,0,0,1
32.62061166763306,2,0,0,1
32.6366970539093,2,0,0,1
32.653019189834595,2,0,0,1
32.668729066848755,2,0,0,1
32.685219287872314,2,0,0,1
32.70094084739685,2,0,0,1
32.71700668334961,2,0,0,1
32.732266664505005,2,0,0,1
32.74865198135376,2,0,0,1
32.765241861343384,2,0,0,1
32.781368017196655,2,0,0,1
32.79817843437195,2,0,0,1
32.81483030319214,2,0,0,1
32.83036279678345,2,0,0,1
32.84679341316223,2,0,0,1
32.86264705657959,2,0,0,1
32.87901258468628,2,0,0,1
32.8950469493866,2,0,0,1
32.910563230514526,2,0,0,1
32.92664694786072,2,0,0,1
32.94252967834473,2,0,0,1
32.958473443984985,2,0,0,1
32.974414587020874,2,0,0,1
32.99072289466858,2,0,0,1
33.0068883895874,2,0,0,1
33.02249765396118,2,0,0,1
33.0381395816803,2,0,0,1
33.05499529838562,2,0,0,1
33.0710928440094,2,0,0,1
33.08805274963379,2,0,0,1
33.10508489608765,2,0,0,1
33.12112736701965,2,0,0,1
33.13804030418396,2,0,0,1
33.153618574142456,2,0,0,1
33.169541120529175,2,0,0,1
33.185713052749634,2,0,0,1
33.201462745666504,2,0,0,1
33.217411279678345,2,0,0,1
33.23372268676758,2,0,0,1
33.24946618080139,2,0,0,1
33.26577091217041,2,0,0,1
33.28133583068848,2,0,0,1
33.297741413116455,2,0,0,1
33.31399607658386,2,0,0,1
33.32961320877075,2,0,0,1
33.345799922943115,2,0,0,1
33.36139464378357,2,0,0,1
33.377999782562256,2,0,0,1
33.39349055290222,2,0,0,1
33.40976095199585,2,0,0,1
33.42558264732361,2,0,0,1
33.44153380393982,2,0,0,1
33.458391189575195,2,0,0,1
33.47480034828186,2,0,0,1
33.490596771240234,2,0,0,1
33.507041454315186,2,0,0,1
33.52287745475769,2,0,0,1
33.538299798965454,2,0,0,1
33.555044651031494,2,0,0,1
33.57127404212952,2,0,0,1
33.5873498916626,2,0,0,1
33.60326957702637,2,0,0,1
33.61968278884888,2,0,0,1
33.63609981536865,2,0,0,1
33.6518714427948,2,0,0,1
33.674755334854126,2,0,0,1
33.6908540725708,2,0,0,1
33.70612668991089,2,0,0,1
33.72302031517029,2,0,0,0
33.746785402297974,4,0,0,0
33.75608444213867,4,0,0,0
33.77231287956238,4,0,0,0
33.78817677497864,4,0,0,0
33.80467438697815,4,0,0,0
33.82017755508423,4,0,0,0
33.8365957736969,4,0,0,0
33.853039264678955,4,0,0,0
33.870994567871094,4,0,0,0
33.88618087768555,4,0,0,0
33.90253496170044,4,0,0,0
33.918782234191895,4,0,0,0
33.934191942214966,4,0,0,0
33.950477600097656,4,0,0,0
33.96679663658142,4,0,0,0
33.982279539108276,4,0,0,0
33.998226165771484,4,0,0,0
34.014631271362305,4,0,0,0
34.03103256225586,4,0,0,0
34.04768085479736,4,0,0,0
34.06752896308899,4,0,0,0
34.086103677749634,4,0,0,0
34.10315775871277,4,0,0,0
34.12076711654663,4,0,0,0
34.138779640197754,4,0,0,0
34.15429210662842,4,0,0,0
34.170276165008545,4,0,0,0
34.18645644187927,4,0,0,0
34.202828884124756,4,0,0,0
34.21844959259033,4,0,0,0
34.23434233665466,4,0,0,0
34.25058174133301,4,0,0,0
34.26640200614929,4,0,0,0
34.282962799072266,4,0,0,0
34.30060386657715,4,0,0,0
34.31633710861206,4,0,0,0
34.33218431472778,4,0,0,0
34.34818410873413,4,0,0,0
34.36505317687988,4,0,0,0
34.381213426589966,4,0,0,0
34.398130655288696,4,0,0,0
34.41443848609924,4,0,0,0
34.43091893196106,4,0,0,0
34.4468731880188,4,0,0,0
34.46295404434204,4,0,0,0
34.47905516624451,4,0,0,0
34.49420785903931,4,0,0,0
34.51025390625,4,0,0,0
34.52636647224426,4,0,0,0
34.54218053817749,4,0,0,0
34.55907940864563,4,0,0,0
34.57533860206604,4,0,0,0
34.59134078025818,4,0,0,0
34.607829570770264,4,0,0,0
34.62240743637085,4,0,0,0
34.638712882995605,4,0,0,0
34.65464735031128,4,0,0,0
34.67089557647705,4,0,0,0
34.68696308135986,4,0,0,0
34.70244574546814,4,0,0,0
34.72095322608948,4,0,0,0
34.73614573478699,4,0,0,0
34.76018404960632,3,0,0,0
34.77204155921936,3,0,0,0
34.78795623779297,3,0,0,0
34.80322289466858,3,0,0,0
34.81955575942993,3,0,0,0
34.83614921569824,3,0,0,0
34.85191512107849,3,0,0,0
34.867708683013916,3,0,0,0
34.88353610038757,3,0,0,0
34.89949297904968,3,0,0,0
34.9159619808197,3,0,0,0
34.93124270439148,3,0,0,0
34.947322845458984,3,0,0,0
34.96318483352661,3,0,0,0
34.979732275009155,3,0,0,0
34.99560880661011,3,0,0,0
35.011775493621826,3,0,0,0
35.027405738830566,3,0,0,0
35.044981479644775,3,0,0,0
35.06021046638489,3,0,0,0
35.077001333236694,3,0,0,0
35.09254336357117,3,0,0,0
35.108911991119385,3,0,0,0
35.12502336502075,3,0,0,0
35.14078664779663,3,0,0,0
35.15633964538574,3,0,0,0
35.17233657836914,3,0,0,0
35.1886248588562,3,0,0,0
35.20512318611145,3,0,0,0
35.221383571624756,3,0,0,0
35.23732662200928,3,0,0,0
35.25419020652771,3,0,0,0
35.270320892333984,3,0,0,0
35.286720514297485,3,0,0,0
35.30295181274414,3,0,0,0
35.31837344169617,3,0,0,0
35.334195375442505,3,0,0,0
35.35100746154785,3,0,0,0
35.36646246910095,3,0,0,0
35.38253116607666,3,0,0,0
35.3987832069397,3,0,0,0
35.41450905799866,3,0,0,0
35.43106198310852,3,0,0,0
35.44790005683899,3,0,0,0
35.463204860687256,3,0,0,0
35.47999334335327,3,0,0,0
35.4954514503479,3,0,0,0
35.51184582710266,3,0,0,0
35.527557373046875,3,0,0,0
35.543617725372314,3,0,0,0
35.55968356132507,3,0,0,0
35.579418659210205,3,0,0,0
35.60003352165222,3,0,0,0
35.61664533615112,3,0,0,0
35.63582229614258,3,0,0,0
35.65260362625122,3,0,0,0
35.66873383522034,3,0,0,0
35.68425393104553,3,0,0,0
35.700369358062744,3,0,0,0
35.71658515930176,3,0,0,0
35.73295545578003,3,0,0,0
35.74815130233765,3,0,0,0
35.7721803188324,4,0,0,0
35.78242516517639,4,0,0,0
35.79906105995178,4,0,0,0
35.814751386642456,4,0,0,0
35.83027148246765,4,0,0,0
35.847097873687744,4,0,0,0
35.863224267959595,4,0,0,0
35.87961483001709,4,0,0,0
35.8958044052124,4,0,0,0
35.912041902542114,4,0,0,0
35.92724585533142,4,0,0,0
35.94357347488403,4,0,0,0
35.95973825454712,4,0,0,0
35.975646018981934,4,0,0,0
35.99131727218628,4,0,0,0
36.00768256187439,4,0,0,0
36.02330040931702,4,0,0,0
36.04097604751587,4,0,0,0
36.05688142776489,4,0,0,0
36.073081731796265,4,0,0,0
36.089207887649536,4,0,0,0
36.10545492172241,4,0,0,0
36.12184000015259,4,0,0,0
36.13801383972168,4,0,0,0
36.15318465232849,4,0,0,0
36.16946482658386,4,0,0,0
36.18612480163574,4,0,0,0
36.20302867889404,4,0,0,0
36.22004294395447,4,0,0,0
36.23536944389343,4,0,0,0
36.251883029937744,4,0,0,0
36.26805520057678,4,0,0,0
36.28331112861633,4,0,0,0
36.29953694343567,4,0,0,0
36.315998554229736,4,0,0,0
36.33195161819458,4,0,0,0
36.347482442855835,4,0,0,0
36.363566637039185,4,0,0,0
36.3844051361084,4,0,0,0
36.41042494773865,4,0,0,0
36.428213119506836,4,0,0,0
36.446715116500854,4,0,0,0
36.46283006668091,4,0,0,0
36.47910761833191,4,0,0,0
36.4954092502594,4,0,0,0
36.51156282424927,4,0,0,0
36.52774500846863,4,0,0,0
36.54334807395935,4,0,0,0
36.5595121383667,4,0,0,0
36.575968742370605,4,0,0,0
36.59142875671387,4,0,0,0
36.607128381729126,4,0,0,0
36.623063802719116,4,0,0,0
36.63928580284119,4,0,0,0
36.65588688850403,4,0,0,0
36.67134189605713,4,0,0,0
36.69015717506409,4,0,0,0
36.706841468811035,4,0,0,0
36.723010301589966,4,0,0,0
36.738712787628174,4,0,0,0
36.754680156707764,4,0,0,0
36.778204917907715,5,0,0,0
36.786789894104004,5,0,0,0
36.80254602432251,5,0,0,0
36.81836938858032,5,0,0,0
36.83478021621704,5,0,0,0
36.850932598114014,5,0,0,0
36.866459608078,5,0,0,0
36.88283038139343,5,0,0,0
36.89907383918762,5,0,0,0
36.915950775146484,5,0,0,0
36.9312047958374,5,0,0,0
36.947187185287476,5,0,0,0
36.96342873573303,5,0,0,0
36.98007321357727,5,0,0,0
36.99616718292236,5,0,0,0
37.01236581802368,5,0,0,0
37.02913451194763,5,0,0,0
37.04666495323181,5,0,0,0
37.06215047836304,5,0,0,0
37.0784125328064,5,0,0,0
37.094555616378784,5,0,0,0
37.110227823257446,5,0,0,0
37.12647199630737,5,0,0,0
37.14267086982727,5,0,0,0
37.15831112861633,5,0,0,0
37.183427810668945,5,0,0,0
37.204774141311646,5,0,0,0
37.22075176239014,5,0,0,0
37.23702526092529,5,0,0,0
37.25798535346985,5,0,0,0
37.27363085746765,5,0,0,0
37.289939403533936,5,0,0,0
37.305254220962524,5,0,0,0
37.321635723114014,5,0,0,0
37.33729934692383,5,0,0,0
37.35378122329712,5,0,0,0
37.36943507194519,5,0,0,0
37.385231256484985,5,0,0,0
37.40184140205383,5,0,0,0
37.417216777801514,5,0,0,0
37.43371534347534,5,0,0,0
37.44931507110596,5,0,0,0
37.46547603607178,5,0,0,0
37.48168897628784,5,0,0,0
37.49720215797424,5,0,0,0
37.51354265213013,5,0,0,0
37.52995300292969,5,0,0,0
37.54538941383362,5,0,0,0
37.56139826774597,5,0,0,0
37.5771598815918,5,0,0,0
37.5931339263916,5,0,0,0
37.6098108291626,5,0,0,0
37.62528896331787,5,0,0,0
37.64169526100159,5,0,0,0
37.65730547904968,5,0,0,0
37.6738646030426,5,0,0,0
37.689340114593506,5,0,0,0
37.706324100494385,5,0,0,0
37.722469329833984,5,0,0,0
37.7390923500061,5,0,0,0
37.75454783439636,5,0,0,0
37.77054524421692,5,0,0,0
37.79295873641968,3,0,0,0
37.80302929878235,3,0,0,0
37.8197968006134,3,0,0,0
37.83581328392029,3,0,0,0
37.85190033912659,3,0,0,0
37.86724805831909,3,0,0,0
37.88363027572632,3,0,0,0
37.899418592453,3,0,0,0
37.91586112976074,3,0,0,0
37.931745767593384,3,0,0,0
37.94755148887634,3,0,0,0
37.96357774734497,3,0,0,0
37.979790449142456,3,0,0,0
37.995280265808105,3,0,0,0
38.01278495788574,3,0,0,0
38.03214883804321,3,0,0,0
38.048189878463745,3,0,0,0
38.06477499008179,3,0,0,0
38.08039903640747,3,0,0,0
38.097092628479004,3,0,0,0
38.11221647262573,3,0,0,0
38.12844157218933,3,0,0,0
38.14431142807007,3,0,0,0
38.16099739074707,3,0,0,0
38.176949977874756,3,0,0,0
38.19240593910217,3,0,0,0
38.20834565162659,3,0,0,0
38.224169969558716,3,0,0,0
38.24039578437805,3,0,0,0
38.256847620010376,3,0,0,0
38.27256941795349,3,0,0,0
38.28853797912598,3,0,0,0
38.30505704879761,3,0,0,0
38.32119083404541,3,0,0,0
38.33719563484192,3,0,0,0
38.353893518447876,3,0,0,0
38.36970901489258,3,0,0,0
38.38516187667847,3,0,0,0
38.401287317276,3,0,0,0
38.417298555374146,3,0,0,0
38.43408274650574,3,0,0,0
38.45084738731384,3,0,0,0
38.46644115447998,3,0,0,0
38.48285937309265,3,0,0,0
38.49886655807495,3,0,0,0
38.51483869552612,3,0,0,0
38.530383348464966,3,0,0,0
38.546287059783936,3,0,0,0
38.562798261642456,3,0,0,0
38.57856249809265,3,0,0,0
38.59429979324341,3,0,0,0
38.610753297805786,3,0,0,0
38.626482009887695,3,0,0,0
38.64254117012024,3,0,0,0
38.65830993652344,3,0,0,0
38.6751549243927,3,0,0,0
38.69102621078491,3,0,0,0
38.70650553703308,3,0,0,0
38.722357988357544,3,0,0,0
38.738455295562744,3,0,0,0
38.75440263748169,3,0,0,0
38.77057409286499,3,0,0,0
38.80608010292053,1,0,0,0
38.822062730789185,1,0,0,0
38.838237285614014,1,0,0,0
38.85469961166382,1,0,0,0
38.87110733985901,1,0,0,0
38.888001680374146,1,0,0,0
38.90336632728577,1,0,0,0
38.91954827308655,1,0,0,0
38.93564200401306,1,0,0,0
38.95163440704346,1,0,0,0
38.96731495857239,1,0,0,0
38.98390555381775,1,0,0,0
39.00003004074097,1,0,0,0
39.016806840896606,1,0,0,0
39.03178811073303,1,0,0,0
39.04824233055115,1,0,0,0
39.064754486083984,1,0,0,0
39.080345153808594,1,0,0,0
39.097060680389404,1,0,0,0
39.11236906051636,1,0,0,0
39.12872552871704,1,0,0,0
39.14460277557373,1,0,0,0
39.16027879714966,1,0,0,0
39.17676091194153,1,0,0,0
39.1926543712616,1,0,0,0
39.20888018608093,1,0,0,0
39.22428560256958,1,0,0,0
39.24032115936279,1,0,0,0
39.25684356689453,1,0,0,0
39.27273917198181,1,0,0,0
39.28902196884155,1,0,0,0
39.305004358291626,1,0,0,0
39.32078742980957,1,0,0,0
39.33696985244751,1,0,0,0
39.3529896736145,1,0,0,0
39.36817646026611,1,0,0,0
39.38444662094116,1,0,0,0
39.40095329284668,1,0,0,0
39.41691565513611,1,0,0,0
39.432743549346924,1,0,0,0
39.44905424118042,1,0,0,0
39.465909004211426,1,0,0,0
39.481693744659424,1,0,0,0
39.49739122390747,1,0,0,0
39.513665437698364,1,0,0,0
39.52972364425659,1,0,0,0
39.545422315597534,1,0,0,0
39.56206274032593,1,0,0,0
39.578571796417236,1,0,0,0
39.59612774848938,1,0,0,0
39.615057945251465,1,0,0,0
39.63612103462219,1,0,0,0
39.65230894088745,1,0,0,0
39.66906142234802,1,0,0,0
39.68509340286255,1,0,0,0
39.7014479637146,1,0,0,0
39.717342138290405,1,0,0,0
39.73364305496216,1,0,0,0
39.75008416175842,1,0,0,0
39.76529002189636,1,0,0,0
39.78197526931763,1,0,0,0
39.805758237838745,2,0,0,0
39.81959104537964,2,0,0,0
39.83583855628967,2,0,0,0
39.85135459899902,2,0,0,0
39.867769956588745,2,0,0,0
39.883928537368774,2,0,0,0
39.89955496788025,2,0,0,0
39.91511273384094,2,0,0,0
39.93120622634888,2,0,0,0
39.94751024246216,2,0,0,0
39.96360540390015,2,0,0,0
39.97977042198181,2,0,0,0
39.99537754058838,2,0,0,0
40.011574029922485,2,0,0,0
40.02744793891907,2,0,0,0
40.044297218322754,2,0,0,0
40.06033539772034,2,0,0,0
40.0768506526947,2,0,0,0
40.09279108047485,2,0,0,0
40.108513832092285,2,0,0,0
40.12462329864502,2,0,0,0
40.14080739021301,2,0,0,0
40.156535625457764,2,0,0,0
40.1732223033905,2,0,0,0
40.18930530548096,2,0,0,0
40.20529222488403,2,0,0,0
40.221489906311035,2,0,0,0
40.23727893829346,2,0,0,0
40.25422501564026,2,0,0,0
40.270514488220215,2,0,0,0
40.28614354133606,2,0,0,0
40.30286002159119,2,0,0,0
40.318527936935425,2,0,0,0