time,whichstim,iftouch,ifreward,ifout
1550092862.3896997,9999,0,0,0
1550092862.3904493,9999,0,0,0
0.021409988403320312,1,0,0,0
0.034885406494140625,1,0,0,0
0.05038309097290039,1,0,0,0
0.06678986549377441,1,0,0,0
0.0822145938873291,1,0,0,0
0.09866619110107422,1,0,0,0
0.1141810417175293,1,0,0,0
0.13060665130615234,1,0,0,0
0.14705371856689453,1,0,0,0
0.16353201866149902,1,0,0,0
0.17995071411132812,1,0,0,0
0.19536781311035156,1,0,0,0
0.21181273460388184,1,0,0,0
0.22721481323242188,1,0,0,0
0.24371004104614258,1,0,0,0
0.259122371673584,1,0,0,0
0.2756049633026123,1,0,0,0
0.292034387588501,1,0,0,0
0.3084299564361572,1,0,0,0
0.32489466667175293,1,0,0,0
0.34041309356689453,1,0,0,0
0.35681605339050293,1,0,0,0
0.3722097873687744,1,0,0,0
0.38961029052734375,1,0,0,0
0.40602970123291016,1,0,0,0
0.4215059280395508,1,0,0,0
0.43791699409484863,1,0,0,0
0.45343971252441406,1,0,0,0
0.46983885765075684,1,0,0,0
0.48532986640930176,1,0,0,0
0.5017719268798828,1,0,0,0
0.517186164855957,1,0,0,0
0.5336029529571533,1,0,0,0
0.5500035285949707,1,0,0,0
0.5654902458190918,1,0,0,0
0.581937313079834,1,0,0,0
0.5973706245422363,1,0,0,0
0.6129124164581299,1,0,0,0
0.628328800201416,1,0,0,0
0.6448047161102295,1,0,0,0
0.6603143215179443,1,0,0,0
0.6767354011535645,1,0,0,0
0.6921494007110596,1,0,0,0
0.7085604667663574,1,0,0,0
0.7250301837921143,1,0,0,0
0.7404544353485107,1,0,0,0
0.7568318843841553,1,0,0,0
0.7722015380859375,1,0,0,0
0.7886021137237549,1,0,0,0
0.8050649166107178,1,0,0,0
0.8215057849884033,1,0,0,0
0.8379290103912354,1,0,0,0
0.8534383773803711,1,0,0,0
0.8698394298553467,1,0,0,0
0.8853168487548828,1,0,0,0
0.9017486572265625,1,0,0,0
0.9171340465545654,1,0,0,0
0.9335765838623047,1,0,0,0
0.9499647617340088,1,0,0,0
0.9654045104980469,1,0,0,0
0.9818563461303711,1,0,0,0
0.99729323387146,1,0,0,0
1.0315186977386475,1,0,0,0
1.0449440479278564,1,0,0,0
1.0604488849639893,1,0,0,0
1.0768513679504395,1,0,0,0
1.0922198295593262,1,0,0,0
1.108626127243042,1,0,0,0
1.1250989437103271,1,0,0,0
1.1415350437164307,1,0,0,0
1.1579570770263672,1,0,0,0
1.173478364944458,1,0,0,0
1.189875602722168,1,0,0,0
1.205343246459961,1,0,0,0
1.2217869758605957,1,0,0,0
1.2372205257415771,1,0,0,0
1.2536952495574951,1,0,0,0
1.2691266536712646,1,0,0,0
1.2855455875396729,1,0,0,0
1.3020315170288086,1,0,0,0
1.3184788227081299,1,0,0,0
1.3349673748016357,1,0,0,0
1.350433349609375,1,0,0,0
1.3668584823608398,1,0,0,0
1.3832769393920898,1,0,0,0
1.3996922969818115,1,0,0,0
1.4161090850830078,1,0,0,0
1.4325299263000488,1,0,0,0
1.448981523513794,1,0,0,0
1.4644386768341064,1,0,0,0
1.4808917045593262,1,0,0,0
1.496311902999878,1,0,0,0
1.5127286911010742,1,0,0,0
1.5281155109405518,1,0,0,0
1.5445926189422607,1,0,0,0
1.5610361099243164,1,0,0,0
1.57747220993042,1,0,0,0
1.593975305557251,1,0,0,0
1.608365535736084,1,0,0,0
1.62485933303833,1,0,0,0
1.6403777599334717,1,0,0,0
1.6567411422729492,1,0,0,0
1.6721360683441162,1,0,0,0
1.6885404586791992,1,0,0,0
1.7050399780273438,1,0,0,0
1.7214925289154053,1,0,0,0
1.7379016876220703,1,0,0,0
1.7534117698669434,1,0,0,0
1.769819736480713,1,0,0,0
1.7852725982666016,1,0,0,0
1.8017301559448242,1,0,0,0
1.817155122756958,1,0,0,0
1.8336114883422852,1,0,0,0
1.8499882221221924,1,0,0,0
1.8654239177703857,1,0,0,0
1.8818762302398682,1,0,0,0
1.8973064422607422,1,0,0,0
1.913835048675537,1,0,0,0
1.929248332977295,1,0,0,0
1.9456863403320312,1,0,0,0
1.9611356258392334,1,0,0,0
1.977550983428955,1,0,0,0
1.9940612316131592,1,0,0,0
2.0104780197143555,1,0,0,0
2.042966365814209,2,0,0,0
2.0563902854919434,2,0,0,0
2.0728354454040527,2,0,0,0
2.088247537612915,2,0,0,0
2.1047396659851074,2,0,0,0
2.1210978031158447,2,0,0,0
2.137511730194092,2,0,0,0
2.1540024280548096,2,0,0,0
2.169403553009033,2,0,0,0
2.1858599185943604,2,0,0,0
2.2013139724731445,2,0,0,0
2.217703104019165,2,0,0,0
2.233205795288086,2,0,0,0
2.249603033065796,2,0,0,0
2.266024589538574,2,0,0,0
2.2814364433288574,2,0,0,0
2.2978575229644775,2,0,0,0
2.31337571144104,2,0,0,0
2.3297841548919678,2,0,0,0
2.3452308177948,2,0,0,0
2.361680746078491,2,0,0,0
2.3790581226348877,2,0,0,0
2.395500421524048,2,0,0,0
2.411949396133423,2,0,0,0
2.427337884902954,2,0,0,0
2.443816900253296,2,0,0,0
2.4592208862304688,2,0,0,0
2.4756529331207275,2,0,0,0
2.492112398147583,2,0,0,0
2.508512258529663,2,0,0,0
2.5249881744384766,2,0,0,0
2.5404052734375,2,0,0,0
2.556774854660034,2,0,0,0
2.57218599319458,2,0,0,0
2.588571548461914,2,0,0,0
2.6050732135772705,2,0,0,0
2.620532989501953,2,0,0,0
2.6369423866271973,2,0,0,0
2.6523518562316895,2,0,0,0
2.6687355041503906,2,0,0,0
2.6842243671417236,2,0,0,0
2.700620412826538,2,0,0,0
2.7170298099517822,2,0,0,0
2.733419179916382,2,0,0,0
2.749807357788086,2,0,0,0
2.765247344970703,2,0,0,0
2.7816693782806396,2,0,0,0
2.7980809211730957,2,0,0,0
2.8149337768554688,2,1,0,1
2.830845832824707,2,1,0,1
2.8467133045196533,2,1,0,1
2.8627123832702637,2,1,0,1
2.878634214401245,2,1,0,1
2.8947651386260986,2,0,0,1
2.9108755588531494,2,0,0,1
2.9267983436584473,2,0,0,1
2.94287109375,2,0,0,1
2.9588162899017334,2,0,0,1
2.974764585494995,2,0,0,1
2.990748405456543,2,0,0,1
3.006718397140503,2,0,0,1
3.0228288173675537,2,0,0,1
3.0387356281280518,2,0,0,1
3.054760694503784,2,0,0,1
3.0707850456237793,2,0,0,1
3.086714029312134,2,0,0,1
3.102850914001465,2,0,0,1
3.1188535690307617,2,0,0,1
3.1348378658294678,2,0,0,1
3.150859832763672,2,0,0,1
3.1668522357940674,2,0,0,1
3.18288516998291,2,0,0,1
3.198853015899658,2,0,0,1
3.21490478515625,2,0,0,1
3.230898141860962,2,0,0,1
3.2468690872192383,2,0,0,1
3.2629692554473877,2,0,0,1
3.2788991928100586,2,0,0,1
3.2949111461639404,2,0,0,1
3.31095552444458,2,0,0,1
3.326836585998535,2,0,0,1
3.3429033756256104,2,0,0,1
3.3588905334472656,2,0,0,1
3.3748202323913574,2,0,0,1
3.390829563140869,2,0,0,1
3.406785011291504,2,0,0,1
3.4228267669677734,2,0,0,1
3.4388091564178467,2,0,0,1
3.454885721206665,2,0,0,1
3.4708926677703857,2,0,0,1
3.4868433475494385,2,0,0,1
3.502955675125122,2,0,0,1
3.5188751220703125,2,0,0,1
3.534187078475952,2,0,0,1
3.550306558609009,2,0,0,1
3.566310405731201,2,0,0,1
3.582257032394409,2,0,0,1
3.5982296466827393,2,0,0,1
3.614475965499878,2,0,0,1
3.6304728984832764,2,0,0,1
3.6463916301727295,2,0,0,1
3.662393569946289,2,0,0,1
3.6784379482269287,2,0,0,1
3.6944074630737305,2,0,0,1
3.710425615310669,2,0,0,1
3.726379871368408,2,0,0,1
3.742363452911377,2,0,0,1
3.7583582401275635,2,0,0,1
3.7743170261383057,2,0,0,1
3.7904021739959717,2,0,0,1
3.8063888549804688,2,0,0,1
3.8223347663879395,2,0,0,1
3.83830189704895,2,0,0,1
3.8542633056640625,2,0,0,1
3.870307445526123,2,0,0,1
3.886241912841797,2,0,0,1
3.9022912979125977,2,0,0,1
3.9181478023529053,2,0,0,1
3.934216022491455,2,0,0,1
3.950268268585205,2,0,0,1
3.966243028640747,2,0,0,1
3.982144355773926,2,0,0,1
3.998141288757324,2,0,0,1
4.015110015869141,2,0,0,1
4.031140089035034,2,0,0,1
4.047120809555054,2,0,0,1
4.063229560852051,2,0,0,1
4.079220294952393,2,0,0,1
4.095308303833008,2,0,0,1
4.111429929733276,2,0,0,1
4.127368450164795,2,0,0,1
4.143584251403809,2,0,0,1
4.159610033035278,2,0,0,1
4.175602912902832,2,0,0,1
4.191659688949585,2,0,0,1
4.207731246948242,2,0,0,1
4.223745346069336,2,0,0,1
4.239768981933594,2,0,0,1
4.255855083465576,2,0,0,1
4.27185583114624,2,0,0,1
4.287860155105591,2,0,0,1
4.304003477096558,2,0,0,1
4.320140600204468,2,0,0,1
4.3361475467681885,2,0,0,1
4.352191686630249,2,0,0,1
4.368191957473755,2,0,0,1
4.384191036224365,2,0,0,1
4.4003472328186035,2,0,0,1
4.416346788406372,2,0,0,1
4.432316064834595,2,0,0,1
4.448316812515259,2,0,0,1
4.46442723274231,2,0,0,1
4.480533123016357,2,0,0,1
4.49649453163147,2,0,0,1
4.512678146362305,2,0,0,1
4.528711318969727,2,0,0,1
4.544722318649292,2,0,0,1
4.5608038902282715,2,0,0,1
4.576821804046631,2,0,0,1
4.592936277389526,2,0,0,1
4.608860492706299,2,0,0,1
4.624901533126831,2,0,0,1
4.640980005264282,2,0,0,1
4.656883478164673,2,0,0,1
4.672954559326172,2,0,0,1
4.688912868499756,2,0,0,1
4.7049338817596436,2,0,0,1
4.721036911010742,2,0,0,1
4.73710823059082,2,0,0,1
4.753117561340332,2,0,0,1
4.770045042037964,2,0,0,1
4.787046194076538,2,0,0,1
4.8031229972839355,2,0,0,1
4.81915283203125,2,0,0,0
4.852991342544556,1,0,0,0
4.866414546966553,1,0,0,0
4.882956266403198,1,0,0,0
4.898392915725708,1,0,0,0
4.914856672286987,1,0,0,0
4.930417060852051,1,0,0,0
4.946821212768555,1,0,0,0
4.962800025939941,1,0,0,0
4.978235960006714,1,0,0,0
4.994733810424805,1,0,0,0
5.010410308837891,1,0,0,0
5.026841163635254,1,0,0,0
5.042383432388306,1,0,0,0
5.05909276008606,1,0,0,0
5.0755298137664795,1,0,0,0
5.092042446136475,1,0,0,0
5.108412027359009,1,0,0,0
5.124855279922485,1,0,0,0
5.140420913696289,1,0,0,0
5.156769752502441,1,0,0,0
5.17218804359436,1,0,0,0
5.188560962677002,1,0,0,0
5.204996109008789,1,0,0,0
5.220427513122559,1,0,0,0
5.236804246902466,1,0,0,0
5.25221586227417,1,0,0,0
5.268594980239868,1,0,0,0
5.2850260734558105,1,0,0,0
5.300446033477783,1,0,0,0
5.316812753677368,1,0,0,0
5.332205057144165,1,0,0,0
5.348604679107666,1,0,0,0
5.365022420883179,1,0,0,0
5.381433010101318,1,0,0,0
5.397801876068115,1,0,0,0
5.413205146789551,1,0,0,0
5.429628849029541,1,0,0,0
5.446051836013794,1,0,0,0
5.462494611740112,1,0,0,0
5.478919506072998,1,0,0,0
5.494378089904785,1,0,0,0
5.510830640792847,1,0,0,0
5.526266813278198,1,0,0,0
5.542699813842773,1,0,0,0
5.558126211166382,1,0,0,0
5.574652910232544,1,0,0,0
5.590111970901489,1,0,0,0
5.6065685749053955,1,0,0,0
5.623002529144287,1,0,0,0
5.6384336948394775,1,0,0,0
5.6549317836761475,1,0,0,0
5.67040228843689,1,0,0,0
5.68686056137085,1,0,0,0
5.702296018600464,1,0,0,0
5.718735218048096,1,0,0,0
5.734254837036133,1,0,0,0
5.750717639923096,1,0,0,0
5.766132116317749,1,0,0,0
5.782596588134766,1,0,0,0
5.799038648605347,1,0,0,0
5.815564393997192,1,0,0,0
5.832013845443726,1,0,0,0
5.864635467529297,1,0,0,0
5.878076553344727,1,0,0,0
5.894608736038208,1,0,0,0
5.911066293716431,1,0,0,0
5.927511930465698,1,0,0,0
5.9440014362335205,1,0,0,0
5.959401369094849,1,0,0,0
5.9758501052856445,1,0,0,0
5.991297483444214,1,0,0,0
6.007936954498291,1,0,0,0
6.023400783538818,1,0,0,0
6.03981351852417,1,0,0,0
6.055257797241211,1,0,0,0
6.0717384815216064,1,0,0,0
6.087157964706421,1,0,0,0
6.103696346282959,1,0,0,0
6.119115591049194,1,0,0,0
6.13558554649353,1,0,0,0
6.152031421661377,1,0,0,0
6.168437957763672,1,0,0,0
6.184919834136963,1,0,0,0
6.2003819942474365,1,0,0,0
6.2167418003082275,1,0,0,0
6.232158660888672,1,0,0,0
6.24859356880188,1,0,0,0
6.265071392059326,1,0,0,0
6.281540632247925,1,0,0,0
6.297937631607056,1,0,0,0
6.313437223434448,1,0,0,0
6.329834461212158,1,0,0,0
6.345264196395874,1,0,0,0
6.361725807189941,1,0,0,0
6.378123998641968,1,0,0,0
6.394624948501587,1,0,0,0
6.411086082458496,1,0,0,0
6.4274742603302,1,0,0,0
6.443976402282715,1,0,0,0
6.459373712539673,1,0,0,0
6.475823879241943,1,0,0,0
6.4912803173065186,1,0,0,0
6.507671356201172,1,0,0,0
6.52315878868103,1,0,0,0
6.5395426750183105,1,0,0,0
6.55598258972168,1,0,0,0
6.571405410766602,1,0,0,0
6.587802171707153,1,0,0,0
6.603291749954224,1,0,0,0
6.618948221206665,1,0,0,0
6.634374618530273,1,0,0,0
6.650824308395386,1,0,0,0
6.666213274002075,1,0,0,0
6.682645559310913,1,0,0,0
6.699064493179321,1,0,0,0
6.715530633926392,1,0,0,0
6.73200249671936,1,0,0,0
6.747401475906372,1,0,0,0
6.763898134231567,1,0,0,0
6.779300689697266,1,0,0,0
6.795725345611572,1,0,0,0
6.811131000518799,1,0,0,0
6.827564001083374,1,0,0,0
6.844090461730957,1,0,0,0
6.874014616012573,3,0,0,0
6.887469530105591,3,0,0,0
6.90393590927124,3,0,0,0
6.9193549156188965,3,0,0,0
6.935824871063232,3,0,0,0
6.951286554336548,3,0,0,0
6.9677112102508545,3,0,0,0
6.983207941055298,3,0,0,0
6.999638080596924,3,0,0,0
7.016097545623779,3,0,0,0
7.03253436088562,3,0,0,0
7.048952579498291,3,0,0,0
7.064402341842651,3,0,0,0
7.08082127571106,3,0,0,0
7.0962159633636475,3,0,0,0
7.11260986328125,3,0,0,0
7.128990411758423,3,0,0,0
7.144395589828491,3,0,0,0
7.160819053649902,3,0,0,0
7.176218271255493,3,0,0,0
7.1926491260528564,3,0,0,0
7.209075212478638,3,0,0,0
7.225519418716431,3,0,0,0
7.2419819831848145,3,0,0,0
7.257396936416626,3,0,0,0
7.273902416229248,3,0,0,0
7.289312839508057,3,0,0,0
7.305747747421265,3,0,0,0
7.321218967437744,3,0,0,0
7.337631464004517,3,0,0,0
7.353157043457031,3,0,0,0
7.3695738315582275,3,0,0,0
7.387041807174683,3,0,0,0
7.403522253036499,3,0,0,0
7.419910192489624,3,0,0,0
7.435349464416504,3,0,0,0
7.451786994934082,3,0,0,0
7.467165231704712,3,0,0,0
7.483584880828857,3,0,0,0
7.499980688095093,3,0,0,0
7.515419960021973,3,0,0,0
7.531867742538452,3,0,0,0
7.547284126281738,3,0,0,0
7.563796043395996,3,0,0,0
7.579192638397217,3,0,0,0
7.595598936080933,3,0,0,0
7.611020565032959,3,0,0,0
7.626410245895386,3,0,0,0
7.642874002456665,3,0,0,0
7.658275842666626,3,0,0,0
7.67475962638855,3,0,0,0
7.690252304077148,3,0,0,0
7.7066121101379395,3,0,0,0
7.723023176193237,3,0,0,0
7.738409042358398,3,0,0,0
7.754917144775391,3,0,0,0
7.7704174518585205,3,0,0,0
7.786820650100708,3,0,0,0
7.802253007888794,3,0,0,0
7.818652868270874,3,0,0,0
7.8341662883758545,3,0,0,0
7.850586652755737,3,0,0,0
7.883251428604126,4,0,0,0
7.896683692932129,4,0,0,0
7.913108587265015,4,0,0,0
7.929553270339966,4,0,0,0
7.946166276931763,4,1,0,1
7.962008476257324,4,1,0,1
7.977870464324951,4,1,0,1
7.993826627731323,4,1,0,1
8.009703636169434,4,1,0,1
8.026057958602905,4,0,0,1
8.041945934295654,4,0,0,1
8.057819366455078,4,0,0,1
8.073783159255981,4,0,0,1
8.089645385742188,4,0,0,1
8.10557222366333,4,0,0,1
8.121457815170288,4,0,0,1
8.13725233078003,4,0,0,1
8.15315866470337,4,0,0,1
8.170016050338745,4,0,0,1
8.185933113098145,4,0,0,1
8.201821327209473,4,0,0,1
8.21768593788147,4,0,0,1
8.233627319335938,4,0,0,1
8.249512910842896,4,0,0,1
8.2654550075531,4,0,0,1
8.28134036064148,4,0,0,1
8.297237634658813,4,0,0,1
8.31321096420288,4,0,0,1
8.330084085464478,4,0,0,1
8.347004175186157,4,0,0,1
8.362958908081055,4,0,0,1
8.37882375717163,4,0,0,1
8.394742965698242,4,0,0,1
8.41060757637024,4,0,0,1
8.426469326019287,4,0,0,1
8.442331075668335,4,0,0,1
8.458199739456177,4,0,0,1
8.474154949188232,4,0,0,1
8.491029262542725,4,0,0,1
8.506875038146973,4,0,0,1
8.522838115692139,4,0,0,1
8.53871488571167,4,0,0,1
8.55462098121643,4,0,0,1
8.570514917373657,4,0,0,1
8.586356163024902,4,0,0,1
8.602208137512207,4,0,0,1
8.619081497192383,4,0,0,1
8.636024236679077,4,0,0,1
8.651926040649414,4,0,0,1
8.667795419692993,4,0,0,1
8.683756113052368,4,0,0,1
8.699638605117798,4,0,0,1
8.715590953826904,4,0,0,1
8.731521606445312,4,0,0,1
8.747398614883423,4,0,0,1
8.763381481170654,4,0,0,1
8.779237508773804,4,0,0,1
8.795182943344116,4,0,0,1
8.812084197998047,4,0,0,1
8.828973531723022,4,0,0,1
8.844915628433228,4,0,0,1
8.86083698272705,4,0,0,1
8.876712083816528,4,0,0,1
8.892701387405396,4,0,0,1
8.908575773239136,4,0,0,1
8.924562215805054,4,0,0,1
8.940481424331665,4,0,0,1
8.956356287002563,4,0,0,1
8.972272396087646,4,0,0,1
8.98816180229187,4,0,0,1
9.004119396209717,4,0,0,1
9.021009683609009,4,0,0,1
9.036845207214355,4,0,0,1
9.0528085231781,4,0,0,1
9.068655729293823,4,0,0,1
9.08463716506958,4,0,0,1
9.100568532943726,4,0,0,1
9.11643934249878,4,0,0,1
9.13232684135437,4,0,0,1
9.148215770721436,4,0,0,1
9.164214372634888,4,0,0,1
9.181116104125977,4,0,0,1
9.197975635528564,4,0,0,1
9.213934183120728,4,0,0,1
9.229788780212402,4,0,0,1
9.245727300643921,4,0,0,1
9.261603355407715,4,0,0,1
9.277458429336548,4,0,0,1
9.293429374694824,4,0,0,1
9.30928659439087,4,0,0,1
9.325217247009277,4,0,0,1
9.341185092926025,4,0,0,1
9.358053922653198,4,0,0,1
9.375066995620728,4,0,0,1
9.391952514648438,4,0,0,1
9.40786600112915,4,0,0,1
9.423852682113647,4,0,0,1
9.439741849899292,4,0,0,1
9.455747127532959,4,0,0,1
9.47165298461914,4,0,0,1
9.487562894821167,4,0,0,1
9.50353455543518,4,0,0,1
9.51937747001648,4,0,0,1
9.53531289100647,4,0,0,1
9.551236152648926,4,0,0,1
9.568109273910522,4,0,0,1
9.585097789764404,4,0,0,1
9.601994752883911,4,0,0,1
9.617858171463013,4,0,0,1
9.633736610412598,4,0,0,1
9.649601697921753,4,0,0,1
9.665520906448364,4,0,0,1
9.681409120559692,4,0,0,1
9.697276592254639,4,0,0,1
9.713253259658813,4,0,0,1
9.729121208190918,4,0,0,1
9.74604606628418,4,0,0,1
9.762921333312988,4,0,0,1
9.778750658035278,4,0,0,1
9.794666767120361,4,0,0,1
9.810546398162842,4,0,0,1
9.826411485671997,4,0,0,1
9.842275857925415,4,0,0,1
9.858169317245483,4,0,0,1
9.87510871887207,4,0,0,1
9.891990184783936,4,0,0,1
9.907844066619873,4,0,0,1
9.923790693283081,4,0,0,1
9.939658880233765,4,0,0,1
9.955581665039062,4,0,0,0
9.988847970962524,1,0,0,0
10.002334594726562,1,0,0,0
10.01880931854248,1,0,0,0
10.034348487854004,1,0,0,0
10.050825119018555,1,0,0,0
10.066263198852539,1,0,0,0
10.082736492156982,1,0,0,0
10.098637342453003,1,0,0,0
10.114173650741577,1,0,0,0
10.13063645362854,1,0,0,0
10.147068977355957,1,0,0,0
10.163584232330322,1,0,0,0
10.179989337921143,1,0,0,0
10.195449113845825,1,0,0,0
10.211904764175415,1,0,0,0
10.22732400894165,1,0,0,0
10.243818759918213,1,0,0,0
10.259202241897583,1,0,0,0
10.275657176971436,1,0,0,0
10.2920982837677,1,0,0,0
10.308489084243774,1,0,0,0
10.32498812675476,1,0,0,0
10.340433359146118,1,0,0,0
10.356809139251709,1,0,0,0
10.372215032577515,1,0,0,0
10.389626026153564,1,0,0,0
10.406092166900635,1,0,0,0
10.422546863555908,1,0,0,0
10.438982963562012,1,0,0,0
10.454468727111816,1,0,0,0
10.470950841903687,1,0,0,0
10.48638916015625,1,0,0,0
13.616199970245361,1,1,1,0
13.629791259765625,1,0,0,0
13.645296573638916,1,0,0,0
13.661773920059204,1,0,0,0
13.677217960357666,1,0,0,0
13.693727493286133,1,0,0,0
13.709128141403198,1,0,0,0
13.725582122802734,1,0,0,0
13.742044448852539,1,0,0,0
13.758497953414917,1,0,0,0
13.77503228187561,1,0,0,0
13.790498495101929,1,0,0,0
13.806945562362671,1,0,0,0
13.822367429733276,1,0,0,0
13.83880615234375,1,0,0,0
13.854318857192993,1,0,0,0
13.870805978775024,1,0,0,0
13.886263608932495,1,0,0,0
13.902768850326538,1,0,0,0
13.918222427368164,1,0,0,0
13.934772491455078,1,0,0,0
13.950316190719604,1,0,0,0
13.966782093048096,1,0,0,0
13.982237815856934,1,0,0,0
13.998715877532959,1,0,0,0
14.014242887496948,1,0,0,0
14.030714273452759,1,0,0,0
14.046170711517334,1,0,0,0
14.062653303146362,1,0,0,0
14.078126907348633,1,0,0,0
14.094685792922974,1,0,0,0
14.11013674736023,1,0,0,0
14.126550912857056,1,0,0,0
14.143001556396484,1,0,0,0
14.158422708511353,1,0,0,0
14.174938917160034,1,0,0,0
14.190429449081421,1,0,0,0
14.206872701644897,1,0,0,0
14.22227144241333,1,0,0,0
14.23870325088501,1,0,0,0
14.254199028015137,1,0,0,0
14.270643472671509,1,0,0,0
14.287107467651367,1,0,0,0
14.303614616394043,1,0,0,0
14.320032119750977,1,0,0,0
14.335515975952148,1,0,0,0
14.351967573165894,1,0,0,0
14.367379903793335,1,0,0,0
14.384872436523438,1,0,0,0
14.40036940574646,1,0,0,0
14.416731834411621,1,0,0,0
14.437734365463257,1,0,0,0
14.453917741775513,1,0,0,0
14.46939730644226,1,0,0,0
14.485920667648315,1,0,0,0
14.501453399658203,1,0,0,0
14.517904281616211,1,0,0,0
14.533502578735352,1,0,0,0
14.549903392791748,1,0,0,0
14.56544804573059,1,0,0,0
14.581961870193481,1,0,0,0
14.597487449645996,1,0,0,0
14.627419710159302,4,0,0,0
14.641018867492676,4,0,0,0
14.65647554397583,4,0,0,0
14.672949314117432,4,0,0,0
14.688377380371094,4,0,0,0
14.704902172088623,4,0,0,0
14.720399141311646,4,0,0,0
14.736816167831421,4,0,0,0
14.752269744873047,4,0,0,0
14.76874303817749,4,0,0,0
14.784284114837646,4,0,0,0
14.80073356628418,4,0,0,0
14.816189765930176,4,0,0,0
14.8326416015625,4,0,0,0
14.849107265472412,4,0,0,0
14.865583658218384,4,0,0,0
14.882076263427734,4,0,0,0
14.8985755443573,4,0,0,0
14.91430377960205,4,0,0,0
14.930797100067139,4,0,0,0
14.946238994598389,4,0,0,0
14.962696552276611,4,0,0,0
14.978254079818726,4,0,0,0
14.994760036468506,4,0,0,0
15.010274648666382,4,0,0,0
15.02675199508667,4,0,0,0
15.042166709899902,4,0,0,0
15.058600902557373,4,0,0,0
15.074126482009888,4,0,0,0
15.090580940246582,4,0,0,0
15.107018947601318,4,0,0,0
15.122411966323853,4,0,0,0
15.138837337493896,4,0,0,0
15.154296636581421,4,0,0,0
15.170718431472778,4,0,0,0
15.18614149093628,4,0,0,0
15.202599048614502,4,0,0,0
15.219062566757202,4,0,0,0
15.235528230667114,4,0,0,0
15.251989126205444,4,0,0,0
15.267404079437256,4,0,0,0
15.283885955810547,4,0,0,0
15.299325942993164,4,0,0,0
15.315757036209106,4,0,0,0
15.331201791763306,4,0,0,0
15.347628355026245,4,0,0,0
15.363150358200073,4,0,0,0
15.380558490753174,4,0,0,0
15.396955966949463,4,0,0,0
15.412376403808594,4,0,0,0
15.428788423538208,4,0,0,0
15.444247722625732,4,0,0,0
15.460724830627441,4,0,0,0
15.47710657119751,4,0,0,0
15.493566513061523,4,0,0,0
15.509994268417358,4,0,0,0
15.525478839874268,4,0,0,0
15.541912078857422,4,0,0,0
15.557360887527466,4,0,0,0
15.57386040687561,4,0,0,0
15.589294672012329,4,0,0,0
15.605705976486206,4,0,0,0
15.637148380279541,1,0,0,0
15.650651693344116,1,0,0,0
15.667093992233276,1,0,0,0
15.68358564376831,1,0,0,0
15.699984073638916,1,0,0,0
15.715421676635742,1,0,0,0
15.7318594455719,1,0,0,0
15.747268199920654,1,0,0,0
15.763751983642578,1,0,0,0
15.779279708862305,1,0,0,0
15.795735597610474,1,0,0,0
15.811152935028076,1,0,0,0
15.827589750289917,1,0,0,0
15.844059705734253,1,0,0,0
15.860451936721802,1,0,0,0
15.87686276435852,1,0,0,0
15.892225503921509,1,0,0,0
15.908625364303589,1,0,0,0
15.925090312957764,1,0,0,0
15.941542148590088,1,0,0,0
15.95797348022461,1,0,0,0
15.973475933074951,1,0,0,0
15.98988938331604,1,0,0,0
16.005359649658203,1,0,0,0
16.021793127059937,1,0,0,0
16.037214517593384,1,0,0,0
16.053670167922974,1,0,0,0
16.07008671760559,1,0,0,0
16.086568117141724,1,0,0,0
16.102996826171875,1,0,0,0
16.118425607681274,1,0,0,0
16.134952783584595,1,0,0,0
16.150435209274292,1,0,0,0
16.166839599609375,1,0,0,0
16.182294607162476,1,0,0,0
16.198753118515015,1,0,0,0
16.21426486968994,1,0,0,0
16.230751991271973,1,0,0,0
16.246153593063354,1,0,0,0
16.26262664794922,1,0,0,0
16.27907419204712,1,0,0,0
16.295531034469604,1,0,0,0
16.311984539031982,1,0,0,0
16.327712535858154,1,0,0,0
16.343215942382812,1,0,0,0
16.359636545181274,1,0,0,0
16.37606191635132,1,0,0,0
16.39251470565796,1,0,0,0
16.679832935333252,5,1,1,0
16.693417072296143,5,0,0,0
16.709826469421387,5,0,0,0
16.7253315448761,5,0,0,0
16.741780042648315,5,0,0,0
16.75723910331726,5,0,0,0
16.773707389831543,5,0,0,0
16.789137601852417,5,0,0,0
16.805564641952515,5,0,0,0
16.822031259536743,5,0,0,0
16.83846402168274,5,0,0,0
16.854952335357666,5,0,0,0
16.87043023109436,5,0,0,0
16.886812686920166,5,0,0,0
16.90224313735962,5,0,0,0
16.9187068939209,5,0,0,0
16.934223651885986,5,0,0,0
16.950666427612305,5,0,0,0
16.967106342315674,5,0,0,0
16.983614683151245,5,0,0,0
17.000041961669922,5,0,0,0
17.01649022102356,5,0,0,0
17.03291893005371,5,0,0,0
17.048316717147827,5,0,0,0
17.064823865890503,5,0,0,0
17.08033275604248,5,0,0,0
17.096708059310913,5,0,0,0
17.11213183403015,5,0,0,0
17.128455877304077,5,0,0,0
17.14492917060852,5,0,0,0
17.160417795181274,5,0,0,0
17.17679524421692,5,0,0,0
17.192172050476074,5,0,0,0
17.20859122276306,5,0,0,0
17.2250919342041,5,0,0,0
17.24155616760254,5,0,0,0
17.25797700881958,5,0,0,0
17.273500204086304,5,0,0,0
17.28989052772522,5,0,0,0
17.305357456207275,5,0,0,0
17.321818590164185,5,0,0,0
17.337258100509644,5,0,0,0
17.35373067855835,5,0,0,0
17.370108127593994,5,0,0,0
17.387563467025757,5,0,0,0
17.404026746749878,5,0,0,0
17.431722164154053,5,0,0,0
17.44512414932251,5,0,0,0
17.461552619934082,5,0,0,0
17.477986812591553,5,0,0,0
17.493494987487793,5,0,0,0
17.509896278381348,5,0,0,0
17.52536129951477,5,0,0,0
17.54181456565857,5,0,0,0
17.557246923446655,5,0,0,0
17.573707580566406,5,0,0,0
17.589131593704224,5,0,0,0
17.605563640594482,5,0,0,0
17.621034145355225,5,0,0,0
17.63743567466736,5,0,0,0
17.653898000717163,5,0,0,0
17.669312953948975,5,0,0,0
17.685715436935425,5,0,0,0
17.70120620727539,5,0,0,0
17.717615127563477,5,0,0,0
17.734214544296265,5,1,0,1
17.75008463859558,5,1,0,1
17.767006397247314,5,1,0,1
17.782958030700684,5,1,0,1
17.798813343048096,5,1,0,1
17.814740657806396,5,0,0,1
17.83060336112976,5,0,0,1
17.846451997756958,5,0,0,1
17.862274885177612,5,0,0,1
17.878127813339233,5,0,0,1
17.89504384994507,5,0,0,1
17.911921739578247,5,0,0,1
17.92777681350708,5,0,0,1
17.943739414215088,5,0,0,1
17.959620714187622,5,0,0,1
17.975589513778687,5,0,0,1
17.991518259048462,5,0,0,1
18.007440328598022,5,0,0,1
18.023418426513672,5,0,0,1
18.039313554763794,5,0,0,1
18.055254697799683,5,0,0,1
18.071176767349243,5,0,0,1
18.088069915771484,5,0,0,1
18.105008125305176,5,0,0,1
18.12091088294983,5,0,0,1
18.13675045967102,5,0,0,1
18.152693271636963,5,0,0,1
18.16853380203247,5,0,0,1
18.18444061279297,5,0,0,1
18.200523376464844,5,0,0,1
18.216395139694214,5,0,0,1
18.232283115386963,5,0,0,1
18.248169660568237,5,0,0,1
18.264129877090454,5,0,0,1
18.281014680862427,5,0,0,1
18.296881198883057,5,0,0,1
18.31284475326538,5,0,0,1
18.32869839668274,5,0,0,1
18.344621181488037,5,0,0,1
18.36053729057312,5,0,0,1
18.37641477584839,5,0,0,1
18.39232349395752,5,0,0,1
18.408209562301636,5,0,0,1
18.424238443374634,5,0,0,1
18.440135955810547,5,0,0,1
18.456477642059326,5,0,0,1
18.472375631332397,5,0,0,1
18.488258600234985,5,0,0,1
18.504214763641357,5,0,0,1
18.52011775970459,5,0,0,1
18.53707456588745,5,0,0,1
18.5540554523468,5,0,0,1
18.570948362350464,5,0,0,1
18.58680510520935,5,0,0,1
18.60275959968567,5,0,0,1
18.61778426170349,5,0,0,1
18.633822679519653,5,0,0,1
18.64976191520691,5,0,0,1
18.66576862335205,5,0,0,1
18.681786060333252,5,0,0,1
18.69773507118225,5,0,0,1
18.713784217834473,5,0,0,1
18.729741096496582,5,0,0,1
18.745770692825317,5,0,0,1
18.761804819107056,5,0,0,1
18.7777156829834,5,0,0,1
18.79373574256897,5,0,0,1
18.809714555740356,5,0,0,1
18.825714826583862,5,0,0,1
18.841779947280884,5,0,0,1
18.85774803161621,5,0,0,1
18.873775720596313,5,0,0,1
18.88972783088684,5,0,0,1
18.9057776927948,5,0,0,1
18.92177414894104,5,0,0,1
18.9377281665802,5,0,0,1
18.953766584396362,5,0,0,1
18.969709873199463,5,0,0,1
18.98572325706482,5,0,0,1
19.001848220825195,5,0,0,1
19.0178165435791,5,0,0,1
19.033862113952637,5,0,0,1
19.04982876777649,5,0,0,1
19.065866708755493,5,0,0,1
19.081819772720337,5,0,0,1
19.09777045249939,5,0,0,1
19.11382007598877,5,0,0,1
19.129756689071655,5,0,0,1
19.145785808563232,5,0,0,1
19.1618390083313,5,0,0,1
19.177753686904907,5,0,0,1
19.193785190582275,5,0,0,1
19.20972180366516,5,0,0,1
19.225733995437622,5,0,0,1
19.24179172515869,5,0,0,1
19.25771188735962,5,0,0,1
19.273757696151733,5,0,0,1
19.2897207736969,5,0,0,1
19.305702924728394,5,0,0,1
19.32176113128662,5,0,0,1
19.337724447250366,5,0,0,1
19.353740692138672,5,0,0,1
19.369714498519897,5,0,0,1
19.385741233825684,5,0,0,1
19.401771306991577,5,0,0,1
19.417739629745483,5,0,0,1
19.43376660346985,5,0,0,1
19.44974637031555,5,0,0,1
19.46574902534485,5,0,0,1
19.48180651664734,5,0,0,1
19.497769355773926,5,0,0,1
19.513778686523438,5,0,0,1
19.5297429561615,5,0,0,1
19.545803546905518,5,0,0,1
19.56175947189331,5,0,0,1
19.577694416046143,5,0,0,1
19.59368085861206,5,0,0,1
19.609649181365967,5,0,0,1
19.625670909881592,5,0,0,1
19.64169669151306,5,0,0,1
19.65766477584839,5,0,0,1
19.673718214035034,5,0,0,1
19.689698219299316,5,0,0,1
19.705695152282715,5,0,0,1
19.721736907958984,5,0,0,1
19.737659215927124,5,0,0,0
19.765512704849243,5,0,0,0
19.779147624969482,5,0,0,0
19.79571795463562,5,0,0,0
19.81136441230774,5,0,0,0
19.827845811843872,5,0,0,0
19.843446493148804,5,0,0,0
19.85995316505432,5,0,0,0
19.875556468963623,5,0,0,0
19.89115047454834,5,0,0,0
19.90768074989319,5,0,0,0
19.92325758934021,5,0,0,0
19.93977117538452,5,0,0,0
19.955338716506958,5,0,0,0
19.97190761566162,5,0,0,0
19.987446308135986,5,0,0,0
20.004045486450195,5,0,0,0
20.020562410354614,5,0,0,0
20.0371196269989,5,0,0,0
20.053670406341553,5,0,0,0
20.0692298412323,5,0,0,0
20.085781812667847,5,0,0,0
20.101513147354126,5,0,0,0
20.117948293685913,5,0,0,0
20.13343858718872,5,0,0,0
20.14989137649536,5,0,0,0
20.16546082496643,5,0,0,0
20.182059049606323,5,0,0,0
20.198614835739136,5,0,0,0
20.214155673980713,5,0,0,0
20.23074460029602,5,0,0,0
20.24630069732666,5,0,0,0
20.26289987564087,5,0,0,0
20.278403997421265,5,0,0,0
20.2949697971344,5,0,0,0
20.31064200401306,5,0,0,0
20.326220273971558,5,0,0,0
20.34284543991089,5,0,0,0
20.358432054519653,5,0,0,0
20.375001668930054,5,0,0,0
20.390549898147583,5,0,0,0
20.40700387954712,5,0,0,0
20.422542572021484,5,0,0,0
20.43900775909424,5,0,0,0
20.45449733734131,5,0,0,0
20.4709894657135,5,0,0,0
20.486443281173706,5,0,0,0
20.50290584564209,5,0,0,0
20.51835536956787,5,0,0,0
20.5348482131958,5,0,0,0
20.550393104553223,5,0,0,0
20.566799879074097,5,0,0,0
20.58224391937256,5,0,0,0
20.59869384765625,5,0,0,0
20.614936351776123,5,1,0,1
20.629698991775513,5,1,0,1
20.645587682724,5,1,0,1
20.661444664001465,5,1,0,1
20.677242040634155,5,1,0,1
20.693249464035034,5,0,0,1
20.71006751060486,5,0,0,1
20.72689914703369,5,0,0,1
20.74278497695923,5,0,0,1
20.75857973098755,5,0,0,1
20.77448797225952,5,0,0,1
20.790395975112915,5,0,0,1
20.806204319000244,5,0,0,1
20.823042631149292,5,0,0,1
20.839867115020752,5,0,0,1
20.85582208633423,5,0,0,1
20.87172555923462,5,0,0,1
20.88761615753174,5,0,0,1
20.90355610847473,5,0,0,1
20.919429540634155,5,0,0,1
20.935365676879883,5,0,0,1
20.951303720474243,5,0,0,1
20.96712017059326,5,0,0,1
20.984041690826416,5,0,0,1
21.000898361206055,5,0,0,1
21.01675772666931,5,0,0,1
21.032729387283325,5,0,0,1
21.048582077026367,5,0,0,1
21.06453561782837,5,0,0,1
21.08047342300415,5,0,0,1
21.096351861953735,5,0,0,1
21.112228393554688,5,0,0,1
21.129112720489502,5,0,0,1
21.14602541923523,5,0,0,1
21.16192317008972,5,0,0,1
21.177786827087402,5,0,0,1
21.193699598312378,5,0,0,1
21.209538459777832,5,0,0,1
21.22541856765747,5,0,0,1
21.241333961486816,5,0,0,1
21.257230281829834,5,0,0,1
21.27321434020996,5,0,0,1
21.290080785751343,5,0,0,1
21.307035446166992,5,0,0,1
21.32301163673401,5,0,0,1
21.338846445083618,5,0,0,1
21.35478186607361,5,0,0,1
21.37068796157837,5,0,0,1
21.387567043304443,5,0,0,1
21.403393268585205,5,0,0,1
21.419320344924927,5,0,0,1
21.435169458389282,5,0,0,1
21.452030897140503,5,0,0,1
21.467875957489014,5,0,0,1
21.48388433456421,5,0,0,1
21.49975299835205,5,0,0,1
21.515711069107056,5,0,0,1
21.531641006469727,5,0,0,1
21.54752016067505,5,0,0,1
21.563482761383057,5,0,0,1
21.57937216758728,5,0,0,1
21.595293521881104,5,0,0,1
21.611175775527954,5,0,0,1
21.628024578094482,5,0,0,1
21.64385414123535,5,0,0,1
21.6596839427948,5,0,0,1
21.675572395324707,5,0,0,1
21.691413402557373,5,0,0,1
21.70729160308838,5,0,0,1
21.723211765289307,5,0,0,1
21.74002695083618,5,0,0,1
21.755953311920166,5,0,0,1
21.771867275238037,5,0,0,1
21.78769564628601,5,0,0,1
21.803642511367798,5,0,0,1
21.8194580078125,5,0,0,1
21.835412979125977,5,0,0,1
21.851320028305054,5,0,0,1
21.868107557296753,5,0,0,1
21.885114192962646,5,0,0,1
21.902005195617676,5,0,0,1
21.917847156524658,5,0,0,1
21.9338219165802,5,0,0,1
21.949637174606323,5,0,0,1
21.96569299697876,5,0,0,1
21.981588125228882,5,0,0,1
21.997411966323853,5,0,0,1
22.013367652893066,5,0,0,1
22.029196739196777,5,0,0,1
22.046094179153442,5,0,0,1
22.06299638748169,5,0,0,1
22.078835487365723,5,0,0,1
22.095077991485596,5,0,0,1
22.11206579208374,5,0,0,1
22.128881216049194,5,0,0,1
22.144800424575806,5,0,0,1
22.16071105003357,5,0,0,1
22.176581382751465,5,0,0,1
22.192527294158936,5,0,0,1
22.208353996276855,5,0,0,1
22.22430109977722,5,0,0,1
22.240245819091797,5,0,0,1
22.256303071975708,5,0,0,1
22.27220845222473,5,0,0,1
22.289085626602173,5,0,0,1
22.306004285812378,5,0,0,1
22.321885585784912,5,0,0,1
22.33776569366455,5,0,0,1
22.35372304916382,5,0,0,1
22.369593858718872,5,0,0,1
22.385520935058594,5,0,0,1
22.401432275772095,5,0,0,1
22.417314291000366,5,0,0,1
22.43326497077942,5,0,0,1
22.449114561080933,5,0,0,1
22.46604084968567,5,0,0,1
22.48295259475708,5,0,0,1
22.498830318450928,5,0,0,1
22.51480507850647,5,0,0,1
22.530725479125977,5,0,0,1
22.546588897705078,5,0,0,1
22.562562465667725,5,0,0,1
22.57841730117798,5,0,0,1
22.59433388710022,5,0,0,1
22.610265254974365,5,0,0,1
22.627122163772583,5,0,0,0
22.660627365112305,1,0,0,0
22.674049377441406,1,0,0,0
22.69050908088684,1,0,0,0
22.70696520805359,1,0,0,0
22.722508668899536,1,0,0,0
22.738964796066284,1,0,0,0
22.754456043243408,1,0,0,0
22.770950078964233,1,0,0,0
22.78642702102661,1,0,0,0
22.802912712097168,1,0,0,0
22.81838035583496,1,0,0,0
22.834949254989624,1,0,0,0
22.850477695465088,1,0,0,0
22.866966009140015,1,0,0,0
22.882431268692017,1,0,0,0
22.898853540420532,1,0,0,0
22.914332628250122,1,0,0,0
22.93082880973816,1,0,0,0
22.946295022964478,1,0,0,0
22.96279287338257,1,0,0,0
22.978260278701782,1,0,0,0
22.994821310043335,1,0,0,0
23.010488986968994,1,0,0,0
26.19086194038391,1,1,1,0
26.204450368881226,1,0,0,0
26.220865726470947,1,0,0,0
26.236261129379272,1,0,0,0
26.25271987915039,1,0,0,0
26.26810908317566,1,0,0,0
26.284604787826538,1,0,0,0
26.300989151000977,1,0,0,0
26.316383123397827,1,0,0,0
26.33284616470337,1,0,0,0
26.348236322402954,1,0,0,0
26.364727020263672,1,0,0,0
26.38113236427307,1,0,0,0
26.397501230239868,1,0,0,0
26.413126707077026,1,0,0,0
26.429476261138916,1,0,0,0
26.44590711593628,1,0,0,0
26.46128249168396,1,0,0,0
26.4776508808136,1,0,0,0
26.49318838119507,1,0,0,0
26.509591817855835,1,0,0,0
26.52601146697998,1,0,0,0
26.541430950164795,1,0,0,0
26.557801723480225,1,0,0,0
26.57327961921692,1,0,0,0
26.58963418006897,1,0,0,0
26.605464220046997,1,0,0,0
26.6208655834198,1,0,0,0
26.636237621307373,1,0,0,0
26.652682304382324,1,0,0,0
26.66908097267151,1,0,0,0
26.685503005981445,1,0,0,0
26.70196509361267,1,0,0,0
26.71735143661499,1,0,0,0
26.73384118080139,1,0,0,0
26.74924612045288,1,0,0,0
26.765671491622925,1,0,0,0
26.782084703445435,1,0,0,0
26.798469066619873,1,0,0,0
26.81497573852539,1,0,0,0
26.830432415008545,1,0,0,0
26.846864461898804,1,0,0,0
26.862273454666138,1,0,0,0
26.87869620323181,1,0,0,0
26.894181966781616,1,0,0,0
26.910629749298096,1,0,0,0
26.927074909210205,1,0,0,0
26.9436297416687,1,0,0,0
26.960038661956787,1,0,0,0
26.976466417312622,1,0,0,0
26.992941856384277,1,0,0,0
27.00835108757019,1,0,0,0
27.024837255477905,1,0,0,0
27.040324449539185,1,0,0,0
27.05670666694641,1,0,0,0
27.072160005569458,1,0,0,0
27.088600635528564,1,0,0,0
27.10507845878601,1,0,0,0
27.121543884277344,1,0,0,0
27.137970685958862,1,0,0,0
27.153497219085693,1,0,0,0
27.169894456863403,1,0,0,0
27.199711799621582,4,0,0,0
27.21321725845337,4,0,0,0
27.229602575302124,4,0,0,0
27.24597930908203,4,0,0,0
27.26138138771057,4,0,0,0
27.27776312828064,4,0,0,0
27.293898105621338,4,1,0,1
27.30976390838623,4,1,0,1
27.325688123703003,4,1,0,1
27.341606616973877,4,1,0,1
27.357436180114746,4,1,0,1
27.373520851135254,4,0,0,1
27.390405416488647,4,0,0,1
27.40625286102295,4,0,0,1
27.422138690948486,4,0,0,1
27.438952922821045,4,0,0,1
27.45487332344055,4,0,0,1
27.470722913742065,4,0,0,1
27.4865620136261,4,0,0,1
27.502480030059814,4,0,0,1
27.51832413673401,4,0,0,1
27.53426194190979,4,0,0,1
27.551101684570312,4,0,0,1
27.567981481552124,4,0,0,1
27.583935499191284,4,0,0,1
27.59980297088623,4,0,0,1
27.615773916244507,4,0,0,1
27.631733417510986,4,0,0,1
27.64749050140381,4,0,0,1
27.66345453262329,4,0,0,1
27.679262161254883,4,0,0,1
27.69517731666565,4,0,0,1
27.712059497833252,4,0,0,1
27.728938579559326,4,0,0,1
27.744870901107788,4,0,0,1
27.760761976242065,4,0,0,1
27.776639223098755,4,0,0,1
27.79257559776306,4,0,0,1
27.80843424797058,4,0,0,1
27.82439661026001,4,0,0,1
27.84035325050354,4,0,0,1
27.856215953826904,4,0,0,1
27.87309980392456,4,0,0,1
27.889963388442993,4,0,0,1
27.90589666366577,4,0,0,1
27.921817779541016,4,0,0,1
27.937687397003174,4,0,0,1
27.953636646270752,4,0,0,1
27.969515323638916,4,0,0,1
27.985416889190674,4,0,0,1
28.001312971115112,4,0,0,1
28.017181873321533,4,0,0,1
28.03317165374756,4,0,0,1
28.050034999847412,4,0,0,1
28.06695866584778,4,0,0,1
28.082956075668335,4,0,0,1
28.09881901741028,4,0,0,1
28.114741325378418,4,0,0,1
28.130635023117065,4,0,0,1
28.146493196487427,4,0,0,1
28.16239094734192,4,0,0,1
28.178278923034668,4,0,0,1
28.19423198699951,4,0,0,1
28.21110224723816,4,0,0,1
28.227986574172974,4,0,0,1
28.2439181804657,4,0,0,1
28.25977110862732,4,0,0,1
28.275671243667603,4,0,0,1
28.291576623916626,4,0,0,1
28.30743932723999,4,0,0,1
28.32341480255127,4,0,0,1
28.339249849319458,4,0,0,1
28.35517191886902,4,0,0,1
28.372095584869385,4,0,0,1
28.389886617660522,4,0,0,1
28.405761241912842,4,0,0,1
28.421617031097412,4,0,0,1
28.437407732009888,4,0,0,1
28.4533052444458,4,0,0,1
28.470099449157715,4,0,0,1
28.486982822418213,4,0,0,1
28.50290012359619,4,0,0,1
28.518712043762207,4,0,0,1
28.534667253494263,4,0,0,1
28.550520420074463,4,0,0,1
28.566361904144287,4,0,0,1
28.582224130630493,4,0,0,1
28.599057912826538,4,0,0,1
28.61595392227173,4,0,0,1
28.631848573684692,4,0,0,1
28.647724628448486,4,0,0,1
28.663707733154297,4,0,0,1
28.67952275276184,4,0,0,1
28.6954185962677,4,0,0,1
28.711287260055542,4,0,0,1
28.727123737335205,4,0,0,1
28.744050979614258,4,0,0,1
28.760939121246338,4,0,0,1
28.776816606521606,4,0,0,1
28.79280686378479,4,0,0,1
28.808664321899414,4,0,0,1
28.824610471725464,4,0,0,1
28.840512990951538,4,0,0,1
28.85638976097107,4,0,0,1
28.872304916381836,4,0,0,1
28.88819169998169,4,0,0,1
28.904199838638306,4,0,0,1
28.920995473861694,4,0,0,1
28.936814785003662,4,0,0,1
28.952736854553223,4,0,0,1
28.968581199645996,4,0,0,1
28.984541416168213,4,0,0,1
29.00040340423584,4,0,0,1
29.01627826690674,4,0,0,1
29.03219962120056,4,0,0,1
29.04908514022827,4,0,0,1
29.066006660461426,4,0,0,1
29.081926345825195,4,0,0,1
29.09782361984253,4,0,0,1
29.113794088363647,4,0,0,1
29.12972640991211,4,0,0,1
29.145622491836548,4,0,0,1
29.161535024642944,4,0,0,1
29.177440881729126,4,0,0,1
29.193414211273193,4,0,0,1
29.209589958190918,4,0,0,1
29.225457191467285,4,0,0,1
29.241371870040894,4,0,0,1
29.257248640060425,4,0,0,1
29.273258209228516,4,0,0,1
29.289111852645874,4,0,0,1
29.306036949157715,4,0,0,0
29.33948802947998,1,0,0,0
29.3529794216156,1,0,0,0
29.36858081817627,1,0,0,0
29.38610816001892,1,0,0,0
29.40264916419983,1,0,0,0
29.41909146308899,1,0,0,0
29.435688734054565,1,0,0,0
29.451228857040405,1,0,0,0
29.46773910522461,1,0,0,0
29.483248949050903,1,0,0,0
29.499741554260254,1,0,0,0
29.515182971954346,1,0,0,0
29.531705856323242,1,0,0,0
29.54810380935669,1,0,0,0
29.564616918563843,1,0,0,0
29.580998420715332,1,0,0,0
29.596386671066284,1,0,0,0
29.611859798431396,1,0,0,0
29.62726926803589,1,0,0,0
29.643850803375244,1,0,0,0
29.65919327735901,1,0,0,0
29.675742149353027,1,0,0,0
29.691182613372803,1,0,0,0
29.707721948623657,1,0,0,0
29.723222970962524,1,0,0,0
29.739720821380615,1,0,0,0
29.755143404006958,1,0,0,0
29.77167272567749,1,0,0,0
29.78809404373169,1,0,0,0
29.804588079452515,1,0,0,0
29.820981979370117,1,0,0,0
29.836390018463135,1,0,0,0
29.85283851623535,1,0,0,0
29.868226051330566,1,0,0,0
29.884737014770508,1,0,0,0
31.436559677124023,5,1,1,0
31.45047640800476,5,0,0,0
31.466240882873535,5,0,0,0
31.48308515548706,5,0,0,0
31.499866247177124,5,0,0,0
31.515658140182495,5,0,0,0
31.53145480155945,5,0,0,0
31.547267198562622,5,0,0,0
31.56323552131653,5,0,0,0
31.579955339431763,5,0,0,0
31.59575057029724,5,0,0,0
31.610422372817993,5,0,0,0
31.626914978027344,5,0,0,0
31.642422437667847,5,0,0,0
31.65886878967285,5,0,0,0
31.67434573173523,5,0,0,0
31.690804958343506,5,0,0,0
31.706247806549072,5,0,0,0
31.72276997566223,5,0,0,0
31.738242626190186,5,0,0,0
31.75480580329895,5,0,0,0
31.770353078842163,5,0,0,0
31.786796808242798,5,0,0,0
31.802311420440674,5,0,0,0
31.818781852722168,5,0,0,0
31.834299325942993,5,0,0,0
31.850773096084595,5,0,0,0
31.866249799728394,5,0,0,0
31.882761478424072,5,0,0,0
31.898252725601196,5,0,0,0
31.91480779647827,5,0,0,0
31.93034601211548,5,0,0,0
31.94677209854126,5,0,0,0
31.962284564971924,5,0,0,0
31.9787495136261,5,0,0,0
31.99428129196167,5,0,0,0
32.010767221450806,5,0,0,0
32.02622413635254,5,0,0,0
32.042720317840576,5,0,0,0
32.05817914009094,5,0,0,0
32.07474875450134,5,0,0,0
32.09015774726868,5,0,0,0
32.10664987564087,5,0,0,0
32.12218737602234,5,0,0,0
32.13864231109619,5,0,0,0
32.15421438217163,5,0,0,0
32.17069172859192,5,0,0,0
32.18612790107727,5,0,0,0
32.20261573791504,5,0,0,0
32.21907138824463,5,0,0,0
32.23564028739929,5,0,0,0
32.25209903717041,5,0,0,0
32.26850485801697,5,0,0,0
32.28497886657715,5,0,0,0
32.30038595199585,5,0,0,0
32.31676745414734,5,0,0,0
32.33219122886658,5,0,0,0
32.34858012199402,5,0,0,0
32.36503481864929,5,0,0,0
32.38243341445923,5,0,0,0
32.39885663986206,5,0,0,0
32.414339780807495,5,0,0,0
32.44485545158386,2,0,0,0
32.458279609680176,2,0,0,0
32.474783420562744,2,0,0,0
32.49033284187317,2,0,0,0
32.50676894187927,2,0,0,0
32.52228617668152,2,0,0,0
32.53874707221985,2,0,0,0
32.55430769920349,2,0,0,0
32.570783853530884,2,0,0,0
32.58624053001404,2,0,0,0
32.60276460647583,2,0,0,0
32.61721062660217,2,0,0,0
32.63381385803223,2,0,0,0
32.64945912361145,2,0,0,0
32.66594910621643,2,0,0,0
32.68146014213562,2,0,0,0
32.6979079246521,2,0,0,0
32.71348428726196,2,0,0,0
32.72995328903198,2,0,0,0
32.74544906616211,2,0,0,0
32.76195979118347,2,0,0,0
32.77743744850159,2,0,0,0
32.79401659965515,2,0,0,0
32.80949091911316,2,0,0,0
32.825966596603394,2,0,0,0
32.841492652893066,2,0,0,0
32.85789895057678,2,0,0,0
32.87344741821289,2,0,0,0
32.88952350616455,2,0,0,0
32.906044483184814,2,0,0,0
32.92254304885864,2,0,0,0
32.939030170440674,2,0,0,0
32.95454144477844,2,0,0,0
32.971022605895996,2,0,0,0
32.98646950721741,2,0,0,0
33.00297737121582,2,0,0,0
33.01843571662903,2,0,0,0
33.035006523132324,2,0,0,0
33.050623178482056,2,0,0,0
33.06689405441284,2,1,0,1
33.082878828048706,2,1,0,1
33.09885096549988,2,0,0,1
33.114811420440674,2,0,0,1
33.130685806274414,2,0,0,1
33.146928548812866,2,0,0,1
33.16292142868042,2,0,0,1
33.178795337677,2,0,0,1
33.194730043411255,2,0,0,1
33.21061563491821,2,0,0,1
33.226479291915894,2,0,0,1
33.24239230155945,2,0,0,1
33.25827980041504,2,0,0,1
33.27424454689026,2,0,0,1
33.290123462677,2,0,0,1
33.30704927444458,2,0,0,1
33.324050426483154,2,0,0,1
33.34091329574585,2,0,0,1
33.356751918792725,2,0,0,1
33.372740507125854,2,0,0,1
33.38959240913391,2,0,0,1
33.405513525009155,2,0,0,1
33.4214084148407,2,0,0,1
33.43726396560669,2,0,0,1
33.45322775840759,2,0,0,1
33.47005534172058,2,0,0,1
33.48702621459961,2,0,0,1
33.50298023223877,2,0,0,1
33.51880192756653,2,0,0,1
33.53473448753357,2,0,0,1
33.550573110580444,2,0,0,1
33.5664165019989,2,0,0,1
33.58227229118347,2,0,0,1
33.598138093948364,2,0,0,1
33.61509156227112,2,0,0,1
33.6320219039917,2,0,0,1
33.64777207374573,2,0,0,1
33.66371965408325,2,0,0,1
33.67954707145691,2,0,0,1
33.695438623428345,2,0,0,1
33.711315393447876,2,0,0,1
33.72717499732971,2,0,0,1
33.74312996864319,2,0,0,1
33.7599892616272,2,0,0,1
33.7759428024292,2,0,0,1
33.79180598258972,2,0,0,1
33.80764102935791,2,0,0,1
33.82356548309326,2,0,0,1
33.839439868927,2,0,0,1
33.8553581237793,2,0,0,1
33.87123775482178,2,0,0,1
33.8881049156189,2,0,0,1
33.905078649520874,2,0,0,1
33.92194962501526,2,0,0,1
33.937806129455566,2,0,0,1
33.95376968383789,2,0,0,1
33.96962308883667,2,0,0,1
33.98553252220154,2,0,0,1
34.001413106918335,2,0,0,1
34.017274141311646,2,0,0,1
34.03323197364807,2,0,0,1
34.05006742477417,2,0,0,1
34.066956520080566,2,0,0,1
34.08289909362793,2,0,0,1
34.098764181137085,2,0,0,1
34.11468839645386,2,0,0,1
34.13057613372803,2,0,0,1
34.14643931388855,2,0,0,1
34.16235017776489,2,0,0,1
34.17822337150574,2,0,0,1
34.194201707839966,2,0,0,1
34.21108961105347,2,0,0,1
34.22796940803528,2,0,0,1
34.24392294883728,2,0,0,1
34.25979566574097,2,0,0,1
34.27570915222168,2,0,0,1
34.29159879684448,2,0,0,1
34.307453870773315,2,0,0,1
34.32342171669006,2,0,0,1
34.33929395675659,2,0,0,1
34.35521483421326,2,0,0,1
34.372106075286865,2,0,0,1
34.38991665840149,2,0,0,1
34.40578246116638,2,0,0,1
34.42165493965149,2,0,0,1
34.43748188018799,2,0,0,1
34.45342659950256,2,0,0,1
34.469234466552734,2,0,0,1
34.48511981964111,2,0,0,1
34.50196695327759,2,0,0,1
34.51777505874634,2,0,0,1
34.53370141983032,2,0,0,1
34.54948353767395,2,0,0,1
34.56539583206177,2,0,0,1
34.581223487854004,2,0,0,1
34.59804081916809,2,0,0,1
34.61497092247009,2,0,0,1
34.63078808784485,2,0,0,1
34.6466269493103,2,0,0,1
34.66255831718445,2,0,0,1
34.67837953567505,2,0,0,1
34.69426417350769,2,0,0,1
34.71107864379883,2,0,0,1
34.72789978981018,2,0,0,1
34.7437961101532,2,0,0,1
34.759604930877686,2,0,0,1
34.77548551559448,2,0,0,1
34.79137110710144,2,0,0,1
34.807201623916626,2,0,0,1
34.823142766952515,2,0,0,1
34.83994269371033,2,0,0,1
34.8558452129364,2,0,0,1
34.87170958518982,2,0,0,1
34.88753294944763,2,0,0,1
34.903510332107544,2,0,0,1
34.91932272911072,2,0,0,1
34.9351909160614,2,0,0,1
34.95203924179077,2,0,0,1
34.96886730194092,2,0,0,1
34.98480486869812,2,0,0,1
35.00072884559631,2,0,0,1
35.01660490036011,2,0,0,1
35.032586336135864,2,0,0,1
35.048399925231934,2,0,0,1
35.064324378967285,2,0,0,1
35.08027958869934,2,0,0,0
35.11365747451782,1,0,0,0
35.12713980674744,1,0,0,0
35.143762826919556,1,0,0,0
35.15920901298523,1,0,0,0
35.17568898200989,1,0,0,0
35.19115924835205,1,0,0,0
35.20762348175049,1,0,0,0
35.22317862510681,1,0,0,0
35.23962640762329,1,0,0,0
35.25606322288513,1,0,0,0
35.27249002456665,1,0,0,0
35.28891563415527,1,0,0,0
35.304365396499634,1,0,0,0
35.320812940597534,1,0,0,0
35.3362762928009,1,0,0,0
35.35274529457092,1,0,0,0
35.3681800365448,1,0,0,0
35.3857204914093,1,0,0,0
35.40120339393616,1,0,0,0
35.41766595840454,1,0,0,0
35.43325877189636,1,0,0,0
35.44976186752319,1,0,0,0
35.465227365493774,1,0,0,0
35.48170876502991,1,0,0,0
39.34488296508789,2,1,1,0
1550092901.7571816,9999,0,0,0