All stim.
[987, 988, 989, 990, 991, 992, 993, 994]
Reward stim.
[987, 989, 991, 993]
PiReceivePC sync.
1550767487.8730724
PiSendPC sync.
1550767487.9108443
time,whichstim,iftouch,ifreward,ifout
1550767487.9517033,994,0,0,0
1550767487.9654987,994,0,0,0
1550767487.9819188,994,0,0,0
1550767487.9985526,994,0,0,0
1550767488.0132616,994,0,0,0
1550767488.0290875,994,0,0,0
1550767488.0455623,994,0,0,0
1550767488.0610285,994,0,0,0
1550767488.0775309,994,0,0,0
1550767488.0929968,994,0,0,0
1550767488.1095278,994,0,0,0
1550767488.1250901,994,0,0,0
1550767488.1415174,994,0,0,0
1550767488.1571157,994,0,0,0
1550767488.174574,994,0,0,0
1550767488.1900582,994,0,0,0
1550767488.2065651,994,0,0,0
1550767488.2220013,994,0,0,0
1550767488.2386508,994,0,0,0
1550767488.2540746,994,0,0,0
1550767488.2705486,994,0,0,0
1550767488.2861233,994,0,0,0
1550767488.3025775,994,0,0,0
1550767488.3181646,994,0,0,0
1550767488.3345916,994,0,0,0
1550767488.3500793,994,0,0,0
1550767488.3665767,994,0,0,0
1550767488.3820186,994,0,0,0
1550767488.3986912,994,0,0,0
1550767488.4141552,994,0,0,0
1550767488.4306576,994,0,0,0
1550767488.4462383,994,0,0,0
1550767488.462705,994,0,0,0
1550767488.4783278,994,0,0,0
1550767488.4947703,994,0,0,0
1550767488.5102494,994,0,0,0
1550767488.5268126,994,0,0,0
1550767488.5422668,994,0,0,0
1550767488.558866,994,0,0,0
1550767488.574583,994,0,0,0
1550767488.5900824,994,0,0,0
1550767488.6065717,994,0,0,0
1550767488.6220207,994,0,0,0
1550767488.6386158,994,0,0,0
1550767488.654072,994,0,0,0
1550767488.6705632,994,0,0,0
1550767488.6861439,994,0,0,0
1550767488.7026095,994,0,0,0
1550767488.7182243,994,0,0,0
1550767488.7346992,994,0,0,0
1550767488.7501898,994,0,0,0
1550767488.7667613,994,0,0,0
1550767488.782262,994,0,0,0
1550767488.7988958,994,0,0,0
1550767488.8153684,994,0,0,0
1550767488.8317826,994,0,0,0
1550767488.8474648,994,0,0,0
1550767488.8638978,994,0,0,0
1550767488.8804488,994,0,0,0
1550767488.8959877,994,0,0,0
1550767488.9124424,994,0,0,0
1550767488.9280255,994,0,0,0
1550767488.9444797,994,0,0,0
1550767488.960008,994,0,0,0
1550767488.9764664,994,0,0,0
1550767488.9929059,994,0,0,0
1550767489.0085108,994,0,0,0
1550767489.0239902,994,0,0,0
1550767489.0405087,994,0,0,0
1550767489.056163,994,0,0,0
1550767489.0726748,994,0,0,0
1550767489.0882552,994,0,0,0
1550767489.10467,994,0,0,0
1550767489.120136,994,0,0,0
1550767489.1365998,994,0,0,0
1550767489.152028,994,0,0,0
1550767489.169729,994,0,0,0
1550767489.1851904,994,0,0,0
1550767489.201662,994,0,0,0
1550767489.2173164,994,0,0,0
1550767489.2337372,994,0,0,0
1550767489.2492764,994,0,0,0
1550767489.265741,994,0,0,0
1550767489.2811804,994,0,0,0
1550767489.2977457,994,0,0,0
1550767489.3132036,994,0,0,0
1550767489.3297617,994,0,0,0
1550767489.3452682,994,0,0,0
1550767489.3617544,994,0,0,0
1550767489.3774362,994,0,0,0
1550767489.3938553,994,0,0,0
1550767489.4093847,994,0,0,0
1550767489.425882,994,0,0,0
1550767489.4603035,994,0,0,0
1550767489.4740207,994,0,0,0
1550767489.4905188,994,0,0,0
1550767489.5060768,994,0,0,0
1550767489.5225852,994,0,0,0
1550767489.5381336,994,0,0,0
1550767489.5545464,994,0,0,0
1550767489.5700665,994,0,0,0
1550767489.5866404,994,0,0,0
1550767489.6021307,994,0,0,0
1550767489.618711,994,0,0,0
1550767489.634138,994,0,0,0
1550767489.6506417,994,0,0,0
1550767489.6661685,994,0,0,0
1550767489.682573,994,0,0,0
1550767489.6983247,994,0,0,0
1550767489.7147872,994,0,0,0
1550767489.730317,994,0,0,0
1550767489.746845,994,0,0,0
1550767489.7623065,994,0,0,0
1550767489.7788918,994,0,0,0
1550767489.7953713,994,0,0,0
1550767489.8118463,994,0,0,0
1550767489.8275087,994,0,0,0
1550767489.8429945,994,0,0,0
1550767489.859555,994,0,0,0
1550767489.875101,994,0,0,0
1550767489.8915546,994,0,0,0
1550767489.9072304,994,0,0,0
1550767489.92367,994,0,0,0
1550767489.939223,994,0,0,0
1550767489.9556918,994,0,0,0
1550767489.9711752,994,0,0,0
1550767489.9877312,994,0,0,0
1550767490.0022786,994,0,0,0
1550767490.0180545,994,0,0,0
1550767490.0344808,994,0,0,0
1550767490.049993,994,0,0,0
1550767490.0664485,994,0,0,0
1550767490.082846,994,0,0,0
1550767490.0985286,994,0,0,0
1550767490.1139846,994,0,0,0
1550767490.1304898,994,0,0,0
1550767490.1460176,994,0,0,0
1550767490.1624558,994,0,0,0
1550767490.1780415,994,0,0,0
1550767490.194502,994,0,0,0
1550767490.2100027,994,0,0,0
1550767490.2264621,994,0,0,0
1550767490.2428782,994,0,0,0
1550767490.2594776,994,0,0,0
1550767490.2750413,994,0,0,0
1550767490.29147,994,0,0,0
1550767490.3070695,994,0,0,0
1550767490.323517,994,0,0,0
1550767490.3390598,994,0,0,0
1550767490.3555489,994,0,0,0
1550767490.3710392,994,0,0,0
1550767490.3875906,994,0,0,0
1550767490.4030282,994,0,0,0
1550767490.4195557,994,0,0,0
1550767490.4350896,994,0,0,0
1550767490.4515383,994,0,0,0
1550767490.4671319,994,0,0,0
1550767490.4835703,994,0,0,0
1550767490.4991114,994,0,0,0
1550767490.5155683,994,0,0,0
1550767490.5310624,994,0,0,0
1550767490.5476482,994,0,0,0
1550767490.5631068,994,0,0,0
1550767490.5798705,994,0,0,0
1550767490.595352,994,0,0,0
1550767490.6118333,994,0,0,0
1550767490.6274831,994,0,0,0
1550767490.6439347,994,0,0,0
1550767490.660497,994,0,0,0
1550767490.6760204,994,0,0,0
1550767490.692511,994,0,0,0
1550767490.7081053,994,0,0,0
1550767490.724562,994,0,0,0
1550767490.7400672,994,0,0,0
1550767490.7565463,994,0,0,0
1550767490.772032,994,0,0,0
1550767490.7886596,994,0,0,0
1550767490.8041227,994,0,0,0
1550767490.8206253,994,0,0,0
1550767490.8361356,994,0,0,0
1550767490.852582,994,0,0,0
1550767490.8683908,994,0,0,0
1550767490.8849225,994,0,0,0
1550767490.9003398,994,0,0,0
1550767490.9169044,994,0,0,0
1550767490.9333544,994,0,0,0
1550767490.9696105,991,0,0,0
1550767490.9831553,991,0,0,0
1550767490.999582,991,0,0,0
1550767491.0141795,991,0,0,0
1550767491.0309327,991,0,0,0
1550767491.0474734,991,0,0,0
1550767491.0639064,991,0,0,0
1550767491.0802436,991,0,0,0
1550767491.0967686,991,0,0,0
1550767491.1122177,991,0,0,0
1550767491.1288252,991,0,0,0
1550767491.1442642,991,0,0,0
1550767491.1607592,991,0,0,0
1550767491.1762807,991,0,0,0
1550767491.1927078,991,0,0,0
1550767491.2082975,991,0,0,0
1550767491.2247462,991,0,0,0
1550767491.2402346,991,0,0,0
1550767491.256682,991,0,0,0
1550767491.2721386,991,0,0,0
1550767491.2887585,991,0,0,0
1550767491.304205,991,0,0,0
1550767491.3206732,991,0,0,0
1550767491.3361773,991,0,0,0
1550767491.352586,991,0,0,0
1550767491.368158,991,0,0,0
1550767491.3845906,991,0,0,0
1550767491.4000592,991,0,0,0
1550767491.4164975,991,0,0,0
1550767491.4329336,991,0,0,0
1550767491.4495122,991,0,0,0
1550767491.4650424,991,0,0,0
1550767491.4814608,991,0,0,0
1550767491.4969954,991,0,0,0
1550767491.5134954,991,0,0,0
1550767491.5290425,991,0,0,0
1550767491.545519,991,0,0,0
1550767491.5619578,991,0,0,0
1550767491.578746,991,0,0,0
1550767491.5942242,991,0,0,0
1550767491.6106937,991,0,0,0
1550767491.6262467,991,0,0,0
1550767491.6426816,991,0,0,0
1550767491.6582737,991,0,0,0
1550767491.6747084,991,0,0,0
1550767491.6902297,991,0,0,0
1550767491.70669,991,0,0,0
1550767491.7221553,991,0,0,0
1550767491.738734,991,0,0,0
1550767491.7541845,991,0,0,0
1550767491.7708616,991,0,0,0
1550767491.786439,991,0,0,0
1550767491.802862,991,0,0,0
1550767491.8184345,991,0,0,0
1550767491.8348289,991,0,0,0
1550767491.8503382,991,0,0,0
1550767491.866842,991,0,0,0
1550767491.8823147,991,0,0,0
1550767491.8989208,991,0,0,0
1550767491.915369,991,0,0,0
1550767491.9317975,991,0,0,0
1550767491.9474912,991,0,0,0
1550767491.96396,991,0,0,0
1550767491.9804819,991,0,0,0
1550767491.9960783,991,0,0,0
1550767492.0115356,991,0,0,0
1550767492.0271034,991,0,0,0
1550767492.043569,991,0,0,0
1550767492.059117,991,0,0,0
1550767492.0755577,991,0,0,0
1550767492.091233,991,0,0,0
1550767492.1070051,991,0,0,0
1550767492.1236212,991,0,0,0
1550767492.1392558,991,0,0,0
1550767492.1558595,991,0,0,0
1550767492.1726124,991,0,0,0
1550767492.1884074,991,0,0,0
1550767492.2040365,991,0,0,0
1550767492.2207224,991,0,0,0
1550767492.2364204,991,0,0,0
1550767492.2529595,991,0,0,0
1550767492.2696135,991,0,0,0
1550767492.2852085,991,0,0,0
1550767492.3017986,991,0,0,0
1550767492.3177097,991,0,0,0
1550767492.3333244,991,0,0,0
1550767492.3490329,991,0,0,0
1550767492.365638,991,0,0,0
1550767492.3812068,991,0,0,0
1550767492.397002,991,0,0,0
1550767492.4135778,991,0,0,0
1550767492.4292655,991,0,0,0
1550767492.4454253,991,0,0,0
1550767492.4801776,990,0,0,0
1550767492.4938865,990,0,0,0
1550767492.5095606,990,0,0,0
1550767492.5254862,990,0,0,0
1550767492.5410676,990,0,0,0
1550767492.5578504,990,0,0,0
1550767492.5734565,990,0,0,0
1550767492.5891373,990,0,0,0
1550767492.6057456,990,0,0,0
1550767492.6213458,990,0,0,0
1550767492.6371205,990,0,0,0
1550767492.653736,990,0,0,0
1550767492.6694016,990,0,0,0
1550767492.6850405,990,0,0,0
1550767492.7015529,990,0,0,0
1550767492.7174246,990,0,0,0
1550767492.7330322,990,0,0,0
1550767492.7497027,990,0,0,0
1550767492.7653275,990,0,0,0
1550767492.7819467,990,0,0,0
1550767492.7988167,990,0,0,0
1550767492.814397,990,0,0,0
1550767492.8302698,990,0,0,0
1550767492.846293,990,0,0,0
1550767492.8621447,990,0,0,0
1550767492.878073,990,0,0,0
1550767492.893952,990,0,0,0
1550767492.9108272,990,0,0,0
1550767492.9268682,990,0,0,0
1550767492.9427438,990,0,0,0
1550767492.9586825,990,0,0,0
1550767492.9744759,990,0,0,0
1550767492.9904382,990,0,0,0
1550767493.0055559,990,0,0,0
1550767493.0215778,990,0,0,0
1550767493.0374582,990,0,0,0
1550767493.0530941,990,0,0,0
1550767493.0697849,990,0,0,0
1550767493.0852995,990,0,0,0
1550767493.1018014,990,0,0,0
1550767493.11767,990,0,0,0
1550767493.1332037,990,0,0,0
1550767493.1499186,990,0,0,0
1550767493.1675632,990,0,0,0
1550767493.1831615,990,0,0,0
1550767493.1998708,990,0,0,0
1550767493.2156014,990,0,0,0
1550767493.2314487,990,0,0,0
1550767493.2477386,990,0,0,0
1550767493.2635856,990,0,0,0
1550767493.2795415,990,0,0,0
1550767493.295407,990,0,0,0
1550767493.3113155,990,0,0,0
1550767493.3273177,990,0,0,0
1550767493.3437767,990,0,0,0
1550767493.3592439,990,0,0,0
1550767493.3756514,990,0,0,0
1550767493.3919404,990,0,0,0
1550767493.4083438,990,0,0,0
1550767493.4246488,990,0,0,0
1550767493.4402206,990,0,0,0
1550767493.4566348,990,0,0,0
1550767493.4728484,990,0,0,0
1550767493.488404,990,0,0,0
1550767493.5047834,990,0,0,0
1550767493.5209434,990,0,0,0
1550767493.5373604,990,0,0,0
1550767493.5535572,990,0,0,0
1550767493.569133,990,0,0,0
1550767493.5853596,990,0,0,0
1550767493.6016617,990,0,0,0
1550767493.6173408,990,0,0,0
1550767493.6336102,990,0,0,0
1550767493.6498532,990,0,0,0
1550767493.6653638,990,0,0,0
1550767493.6817734,990,0,0,0
1550767493.6972582,990,0,0,0
1550767493.7135339,990,0,0,0
1550767493.7298534,990,0,0,0
1550767493.7453623,990,0,0,0
1550767493.761789,990,0,0,0
1550767493.7771971,990,0,0,0
1550767493.7936437,990,0,0,0
1550767493.809152,990,0,0,0
1550767493.825494,990,0,0,0
1550767493.8416083,990,0,0,0
1550767493.8572989,990,0,0,0
1550767493.8735623,990,0,0,0
1550767493.8898828,990,0,0,0
1550767493.9052474,990,0,0,0
1550767493.92174,990,0,0,0
1550767493.937173,990,0,0,0
1550767493.9535503,990,0,0,0
1550767493.9884028,994,0,0,0
1550767494.0027592,994,0,0,0
1550767494.0180998,994,0,0,0
1550767494.0344698,994,0,0,0
1550767494.0501063,994,0,0,0
1550767494.0665774,994,0,0,0
1550767494.0827222,994,0,0,0
1550767494.0984356,994,0,0,0
1550767494.1147354,994,0,0,0
1550767494.1309588,994,0,0,0
1550767494.1473126,994,0,0,0
1550767494.1646833,994,0,0,0
1550767494.1800804,994,0,0,0
1550767494.1965206,994,0,0,0
1550767494.2126794,994,0,0,0
1550767494.2281811,994,0,0,0
1550767494.2445211,994,0,0,0
1550767494.2609482,994,0,0,0
1550767494.277302,994,0,0,0
1550767494.2935228,994,0,0,0
1550767494.3098667,994,0,0,0
1550767494.3254201,994,0,0,0
1550767494.3418288,994,0,0,0
1550767494.3576562,994,0,0,0
1550767494.3734844,994,0,0,0
1550767494.3892639,994,0,0,0
1550767494.4050226,994,0,0,0
1550767494.4216666,994,0,0,0
1550767494.437399,994,0,0,0
1550767494.453241,994,0,0,0
1550767494.4695356,994,0,0,0
1550767494.48589,994,0,0,0
1550767494.5012147,994,0,0,0
1550767494.5177383,994,0,0,0
1550767494.5338736,994,0,0,0
1550767494.5492637,994,0,0,0
1550767494.5656826,994,0,0,0
1550767494.5812829,994,0,0,0
1550767494.5979142,994,0,0,0
1550767494.6132786,994,0,0,0
1550767494.6297693,994,0,0,0
1550767494.645227,994,0,0,0
1550767494.6615725,994,0,0,0
1550767494.6779237,994,0,0,0
1550767494.6940293,994,0,0,0
1550767494.7102494,994,0,0,0
1550767494.7265995,994,0,0,0
1550767494.7421145,994,0,0,0
1550767494.758544,994,0,0,0
1550767494.7748125,994,0,0,0
1550767494.7902563,994,0,0,0
1550767494.8067827,994,0,0,0
1550767494.8229663,994,0,0,0
1550767494.8393369,994,0,0,0
1550767494.855342,994,0,0,0
1550767494.871272,994,0,0,0
1550767494.88735,994,0,0,0
1550767494.9032295,994,0,0,0
1550767494.9191525,994,0,0,0
1550767494.9351263,994,0,0,0
1550767494.9519584,994,0,0,0
1550767494.9680398,994,0,0,0
1550767494.9850235,994,0,0,0
1550767495.0018542,994,0,0,0
1550767495.0179203,994,0,0,0
1550767495.0348048,994,0,0,0
1550767495.0507054,994,0,0,0
1550767495.0667307,994,0,0,0
1550767495.0828333,994,0,0,0
1550767495.0986369,994,0,0,0
1550767495.1142664,994,0,0,0
1550767495.1308548,994,0,0,0
1550767495.1466377,994,0,0,0
1550767495.1632893,994,0,0,0
1550767495.1789978,994,0,0,0
1550767495.1957576,994,0,0,0
1550767495.2113714,994,0,0,0
1550767495.2271235,994,0,0,0
1550767495.2437444,994,0,0,0
1550767495.2593756,994,0,0,0
1550767495.2751224,994,0,0,0
1550767495.291841,994,0,0,0
1550767495.3077214,994,0,0,0
1550767495.323391,994,0,0,0
1550767495.3390632,994,0,0,0
1550767495.355724,994,0,0,0
1550767495.3714638,994,0,0,0
1550767495.3873296,994,0,0,0
1550767495.4039574,994,0,0,0
1550767495.420623,994,0,0,0
1550767495.4363225,994,0,0,0
1550767495.4528975,994,0,0,0
1550767495.4696004,994,0,0,0
1550767495.5020804,989,0,0,0
1550767495.5160134,989,0,0,0
1550767495.532461,989,0,0,0
1550767495.5484164,989,0,0,0
1550767495.564798,989,0,0,0
1550767495.5804873,989,0,0,0
1550767495.5966377,989,0,0,0
1550767495.6128879,989,0,0,0
1550767495.6296587,989,0,0,0
1550767495.6453395,989,0,0,0
1550767495.6609755,989,0,0,0
1550767495.6776862,989,0,0,0
1550767495.6933784,989,0,0,0
1550767495.7090967,989,0,0,0
1550767495.7257886,989,0,0,0
1550767495.741435,989,0,0,0
1550767495.757211,989,0,0,0
1550767495.773889,989,0,0,0
1550767495.7906203,989,0,0,0
1550767495.8063393,989,0,0,0
1550767495.8220022,989,0,0,0
1550767495.838868,989,0,0,0
1550767495.8545005,989,0,0,0
1550767495.870206,989,0,0,0
1550767495.8869073,989,0,0,0
1550767495.903562,989,0,0,0
1550767495.9193254,989,0,0,0
1550767495.935052,989,0,0,0
1550767495.9516866,989,0,0,0
1550767495.9675045,989,0,0,0
1550767495.9831514,989,0,0,0
1550767495.998983,989,0,0,0
1550767496.0145955,989,0,0,0
1550767496.030276,989,0,0,0
1550767496.0459905,989,0,0,0
1550767496.0626361,989,0,0,0
1550767496.0784755,989,0,0,0
1550767496.0941274,989,0,0,0
1550767496.110793,989,0,0,0
1550767496.1264873,989,0,0,0
1550767496.1421514,989,0,0,0
1550767496.1579795,989,0,0,0
1550767496.1756203,989,0,0,0
1550767496.1912854,989,0,0,0
1550767496.2070289,989,0,0,0
1550767496.223688,989,0,0,0
1550767496.2394106,989,0,0,0
1550767496.255131,989,0,0,0
1550767496.2717645,989,0,0,0
1550767496.2875652,989,0,0,0
1550767496.3032267,989,0,0,0
1550767496.3190594,989,0,0,0
1550767496.335692,989,0,0,0
1550767496.3513596,989,0,0,0
1550767496.3671062,989,0,0,0
1550767496.383766,989,0,0,0
1550767496.3995118,989,0,0,0
1550767496.4151561,989,0,0,0
1550767496.4318087,989,0,0,0
1550767496.4476128,989,0,0,0
1550767496.463275,989,0,0,0
1550767496.4791036,989,0,0,0
1550767496.4957533,989,0,0,0
1550767496.5114162,989,0,0,0
1550767496.5272462,989,0,0,0
1550767496.5438938,989,0,0,0
1550767496.560625,989,0,0,0
1550767496.5762963,989,0,0,0
1550767496.592895,989,0,0,0
1550767496.609767,989,0,0,0
1550767496.6254117,989,0,0,0
1550767496.6410933,989,0,0,0
1550767496.657768,989,0,0,0
1550767496.6735117,989,0,0,0
1550767496.689186,989,0,0,0
1550767496.705828,989,0,0,0
1550767496.7215068,989,0,0,0
1550767496.7372565,989,0,0,0
1550767496.7539005,989,0,0,0
1550767496.7706397,989,0,0,0
1550767496.7863338,989,0,0,0
1550767496.8020215,989,0,0,0
1550767496.8188696,989,0,0,0
1550767496.834531,989,0,0,0
1550767496.8502388,989,0,0,0
1550767496.8668869,989,0,0,0
1550767496.8836398,989,0,0,0
1550767496.899352,989,0,0,0
1550767496.9150596,989,0,0,0
1550767496.9316533,989,0,0,0
1550767496.947432,989,0,0,0
1550767496.9631238,989,0,0,0
1550767496.9799361,989,0,0,0
1550767497.0160666,992,0,0,0
1550767497.029821,992,0,0,0
1550767497.0456183,992,0,0,0
1550767497.0614772,992,0,0,0
1550767497.0772498,992,0,0,0
1550767497.0932279,992,0,0,0
1550767497.109007,992,0,0,0
1550767497.1256714,992,0,0,0
1550767497.141291,992,0,0,0
1550767497.156987,992,0,0,0
1550767497.1746378,992,0,0,0
1550767497.1903331,992,0,0,0
1550767497.2060463,992,0,0,0
1550767497.2226884,992,0,0,0
1550767497.2385008,992,0,0,0
1550767497.254136,992,0,0,0
1550767497.2708173,992,0,0,0
1550767497.2865303,992,0,0,0
1550767497.302165,992,0,0,0
1550767497.3179986,992,0,0,0
1550767497.33463,992,0,0,0
1550767497.3503063,992,0,0,0
1550767497.365995,992,0,0,0
1550767497.3827138,992,0,0,0
1550767497.3985267,992,0,0,0
1550767497.4141526,992,0,0,0
1550767497.430798,992,0,0,0
1550767497.4464903,992,0,0,0
1550767497.462124,992,0,0,0
1550767497.4789684,992,0,0,0
1550767497.4956386,992,0,0,0
1550767497.5113173,992,0,0,0
1550767497.5270638,992,0,0,0
1550767497.5436852,992,0,0,0
1550767497.5594037,992,0,0,0
1550767497.5751078,992,0,0,0
1550767497.5916693,992,0,0,0
1550767497.607488,992,0,0,0
1550767497.62318,992,0,0,0
1550767497.6398177,992,0,0,0
1550767497.655271,992,0,0,0
1550767497.6717932,992,0,0,0
1550767497.6877654,992,0,0,0
1550767497.7035134,992,0,0,0
1550767497.7195446,992,0,0,0
1550767497.735242,992,0,0,0
1550767497.7517927,992,0,0,0
1550767497.7677355,992,0,0,0
1550767497.7832673,992,0,0,0
1550767497.7993217,992,0,0,0
1550767497.8158236,992,0,0,0
1550767497.8313498,992,0,0,0
1550767497.8479614,992,0,0,0
1550767497.8643968,992,0,0,0
1550767497.880836,992,0,0,0
1550767497.8964436,992,0,0,0
1550767497.912269,992,0,0,0
1550767497.9289815,992,0,0,0
1550767497.9453652,992,0,0,0
1550767497.9616787,992,0,0,0
1550767497.97785,992,0,0,0
1550767497.9939165,992,0,0,0
1550767498.0091634,992,0,0,0
1550767498.0253985,992,0,0,0
1550767498.0414367,992,0,0,0
1550767498.057652,992,0,0,0
1550767498.0737007,992,0,0,0
1550767498.0897312,992,0,0,0
1550767498.1058466,992,0,0,0
1550767498.1219106,992,0,0,0
1550767498.1380107,992,0,0,0
1550767498.1540244,992,0,0,0
1550767498.1711352,992,0,0,0
1550767498.18729,992,0,0,0
1550767498.2034256,992,0,0,0
1550767498.219512,992,0,0,0
1550767498.2355714,992,0,0,0
1550767498.2516084,992,0,0,0
1550767498.2678697,992,0,0,0
1550767498.2839496,992,0,0,0
1550767498.3000047,992,0,0,0
1550767498.3160696,992,0,0,0
1550767498.3321104,992,0,0,0
1550767498.348214,992,0,0,0
1550767498.3643131,992,0,0,0
1550767498.380295,992,0,0,0
1550767498.3960707,992,0,0,0
1550767498.4128602,992,0,0,0
1550767498.4287305,992,0,0,0
1550767498.4445128,992,0,0,0
1550767498.460343,992,0,0,0
1550767498.4761844,992,0,0,0
1550767498.4919922,992,0,0,0
1550767498.5259721,988,0,0,0
1550767498.5398512,988,0,0,0
1550767498.555691,988,0,0,0
1550767498.5718553,988,0,0,0
1550767498.5871708,988,0,0,0
1550767498.6035478,988,0,0,0
1550767498.6194303,988,0,0,0
1550767498.635224,988,0,0,0
1550767498.651028,988,0,0,0
1550767498.6669965,988,0,0,0
1550767498.683841,988,0,0,0
1550767498.6997135,988,0,0,0
1550767498.7155313,988,0,0,0
1550767498.731351,988,0,0,0
1550767498.7473009,988,0,0,0
1550767498.7630932,988,0,0,0
1550767498.7790241,988,0,0,0
1550767498.7959318,988,1,0,0
1550767498.7960958,988,1,0,1
1550767498.811191,988,1,0,1
1550767498.8275747,988,1,0,1
1550767498.8437915,988,1,0,1
1550767498.8589797,988,1,0,1
1550767498.8752136,988,1,0,1
1550767498.8913298,988,1,0,1
1550767498.90767,988,1,0,1
1550767498.9238074,988,1,0,1
1550767498.939042,988,1,0,1
1550767498.9552236,988,1,0,1
1550767498.971379,988,1,0,1
1550767498.987768,988,1,0,1
1550767499.0030165,988,1,0,1
1550767499.0193524,988,1,0,1
1550767499.0355527,988,0,0,1
1550767499.051785,988,0,0,1
1550767499.0670974,988,0,0,1
1550767499.0832565,988,0,0,1
1550767499.0998366,988,0,0,1
1550767499.115114,988,0,0,1
1550767499.1312916,988,0,0,1
1550767499.1475663,988,0,0,1
1550767499.163696,988,0,0,1
1550767499.1799014,988,0,0,1
1550767499.1960626,988,0,0,1
1550767499.2122612,988,0,0,1
1550767499.2285924,988,0,0,1
1550767499.2447753,988,0,0,1
1550767499.260027,988,0,0,1
1550767499.276218,988,0,0,1
1550767499.2924635,988,0,0,1
1550767499.3087285,988,0,0,1
1550767499.3249776,988,0,0,1
1550767499.3411427,988,0,0,1
1550767499.357669,988,0,0,1
1550767499.3738465,988,0,0,1
1550767499.3890758,988,0,0,1
1550767499.4052556,988,0,0,1
1550767499.421412,988,0,0,1
1550767499.4372275,988,0,0,1
1550767499.4534514,988,0,0,1
1550767499.469757,988,0,0,1
1550767499.485076,988,0,0,1
1550767499.5012548,988,0,0,1
1550767499.5176787,988,0,0,1
1550767499.5338824,988,0,0,1
1550767499.5491,988,0,0,1
1550767499.565313,988,0,0,1
1550767499.5815098,988,0,0,1
1550767499.5970492,988,0,0,1
1550767499.6132936,988,0,0,1
1550767499.6295724,988,0,0,1
1550767499.6457841,988,0,0,1
1550767499.6619387,988,0,0,1
1550767499.6787424,988,0,0,1
1550767499.6949975,988,0,0,1
1550767499.7110758,988,0,0,1
1550767499.7274897,988,0,0,1
1550767499.7437391,988,0,0,1
1550767499.7598095,988,0,0,1
1550767499.775937,988,0,0,1
1550767499.7921221,988,0,0,1
1550767499.808433,988,0,0,1
1550767499.824599,988,0,0,1
1550767499.8406706,988,0,0,1
1550767499.8568091,988,0,0,1
1550767499.8729641,988,0,0,1
1550767499.8891804,988,0,0,1
1550767499.9051843,988,0,0,1
1550767499.9212542,988,0,0,1
1550767499.9374976,988,0,0,1
1550767499.9535158,988,0,0,1
1550767499.9696903,988,0,0,1
1550767499.9858456,988,0,0,1
1550767500.001955,988,0,0,1
1550767500.018119,988,0,0,1
1550767500.034197,988,0,0,1
1550767500.050402,988,0,0,1
1550767500.066568,988,0,0,1
1550767500.0825913,988,0,0,1
1550767500.0989583,988,0,0,1
1550767500.115064,988,0,0,1
1550767500.1311693,988,0,0,1
1550767500.1473062,988,0,0,1
1550767500.1633627,988,0,0,1
1550767500.179633,988,0,0,1
1550767500.1957438,988,0,0,1
1550767500.2117624,988,0,0,1
1550767500.227997,988,0,0,1
1550767500.244159,988,0,0,1
1550767500.2603061,988,0,0,1
1550767500.2764134,988,0,0,1
1550767500.2924697,988,0,0,1
1550767500.3087337,988,0,0,1
1550767500.3248124,988,0,0,1
1550767500.3409464,988,0,0,1
1550767500.3570697,988,0,0,1
1550767500.373198,988,0,0,1
1550767500.389398,988,1,0,0
1550767500.389613,988,1,0,1
1550767500.4056654,988,1,0,1
1550767500.421811,988,1,0,1
1550767500.4376082,988,1,0,1
1550767500.4536572,988,1,0,1
1550767500.4699283,988,1,0,1
1550767500.485255,988,1,0,1
1550767500.5013053,988,1,0,1
1550767500.5177417,988,0,0,1
1550767500.5338457,988,0,0,1
1550767500.549112,988,0,0,1
1550767500.5653439,988,0,0,1
1550767500.5813978,988,0,0,1
1550767500.5976315,988,0,0,1
1550767500.6137223,988,0,0,1
1550767500.6299617,988,0,0,1
1550767500.6461337,988,0,0,1
1550767500.6621885,988,0,0,1
1550767500.6785393,988,0,0,1
1550767500.6946023,988,0,0,1
1550767500.7109306,988,1,0,0
1550767500.7110941,988,1,0,1
1550767500.7264426,988,1,0,1
1550767500.7425337,988,1,0,1
1550767500.7585213,988,1,0,1
1550767500.774587,988,1,0,1
1550767500.790792,988,1,0,1
1550767500.807009,988,1,0,1
1550767500.8230865,988,1,0,1
1550767500.8394685,988,0,0,1
1550767500.855532,988,0,0,1
1550767500.8716326,988,0,0,1
1550767500.8878672,988,0,0,1
1550767500.903859,988,0,0,1
1550767500.919132,988,0,0,1
1550767500.9352202,988,0,0,1
1550767500.9512408,988,0,0,1
1550767500.9675498,988,0,0,1
1550767500.9836974,988,0,0,1
1550767500.9998887,988,0,0,1
1550767501.0143683,988,0,0,1
1550767501.0300255,988,0,0,1
1550767501.0460334,988,0,0,1
1550767501.0620255,988,0,0,1
1550767501.0781887,988,0,0,1
1550767501.094149,988,0,0,1
1550767501.1101909,988,0,0,1
1550767501.126229,988,0,0,1
1550767501.1422057,988,0,0,1
1550767501.158362,988,0,0,1
1550767501.175347,988,0,0,1
1550767501.1913369,988,0,0,1
1550767501.2074373,988,0,0,1
1550767501.2234385,988,0,0,1
1550767501.239505,988,0,0,1
1550767501.2557452,988,0,0,1
1550767501.2718227,988,0,0,1
1550767501.286994,988,0,0,1
1550767501.3030174,988,0,0,1
1550767501.3191867,988,0,0,1
1550767501.3352387,988,0,0,1
1550767501.351305,988,0,0,1
1550767501.3674753,988,0,0,1
1550767501.3830059,988,0,0,1
1550767501.3991518,988,0,0,1
1550767501.4152176,988,0,0,1
1550767501.4313867,988,0,0,1
1550767501.4477096,988,0,0,1
1550767501.463756,988,0,0,1
1550767501.4799774,988,0,0,1
1550767501.4962535,988,0,0,1
1550767501.5123262,988,0,0,1
1550767501.5285487,988,0,0,1
1550767501.5446208,988,0,0,1
1550767501.5607257,988,0,0,1
1550767501.5769098,988,0,0,1
1550767501.5929499,988,0,0,1
1550767501.6091895,988,0,0,1
1550767501.6253347,988,0,0,1
1550767501.6415088,988,0,0,1
1550767501.6573029,988,0,0,1
1550767501.6733558,988,0,0,1
1550767501.6895142,988,0,0,1
1550767501.7055829,988,0,0,1
1550767501.7216928,988,0,0,1
1550767501.7378051,988,0,0,1
1550767501.7538545,988,0,0,1
1550767501.7692182,988,0,0,1
1550767501.7853243,988,0,0,1
1550767501.801407,988,0,0,1
1550767501.8175933,988,0,0,1
1550767501.8336236,988,0,0,1
1550767501.8499124,988,0,0,1
1550767501.8650706,988,0,0,1
1550767501.8811579,988,0,0,1
1550767501.897298,988,0,0,1
1550767501.9133542,988,0,0,1
1550767501.9296725,988,0,0,1
1550767501.945704,988,0,0,1
1550767501.961735,988,0,0,1
1550767501.97795,988,0,0,1
1550767501.993988,988,0,0,1
1550767502.0101771,988,0,0,1
1550767502.0263388,988,0,0,1
1550767502.0423992,988,0,0,1
1550767502.0585136,988,0,0,1
1550767502.0745673,988,0,0,1
1550767502.0907767,988,0,0,1
1550767502.1060455,988,0,0,1
1550767502.1220744,988,0,0,1
1550767502.1382363,988,0,0,1
1550767502.1543174,988,0,0,1
1550767502.170471,988,0,0,1
1550767502.1865735,988,0,0,1
1550767502.2026057,988,0,0,1
1550767502.21885,988,0,0,1
1550767502.2349591,988,0,0,1
1550767502.2499797,988,0,0,1
1550767502.266195,988,0,0,1
1550767502.2823327,988,0,0,1
1550767502.2984583,988,0,0,1
1550767502.3144922,988,0,0,1
1550767502.3307183,988,0,0,1
1550767502.3469293,988,0,0,1
1550767502.3629463,988,0,0,1
1550767502.3792202,988,0,0,1
1550767502.3954172,988,0,0,1
1550767502.4115705,988,0,0,1
1550767502.4278443,988,0,0,1
1550767502.4439359,988,0,0,1
1550767502.4601429,988,0,0,1
1550767502.4763942,988,0,0,1
1550767502.4924855,988,0,0,1
1550767502.5087411,988,0,0,1
1550767502.5247352,988,0,0,1
1550767502.5408013,988,0,0,1
1550767502.5568838,988,0,0,1
1550767502.5729024,988,0,0,1
1550767502.589003,988,0,0,1
1550767502.6052258,988,0,0,1
1550767502.6212695,988,0,0,1
1550767502.6374273,988,0,0,1
1550767502.6534786,988,0,0,1
1550767502.6695917,988,0,0,1
1550767502.685602,988,0,0,1
1550767502.7015915,988,0,0,1
1550767502.7176895,988,0,0,0
1550767502.7476473,988,0,0,0
1550767502.7615469,988,0,0,0
1550767502.7775154,988,0,0,0
1550767502.7933664,988,0,0,0
1550767502.8091269,988,0,0,0
1550767502.8259242,988,0,0,0
1550767502.8426132,988,0,0,0
1550767502.8584485,988,0,0,0
1550767502.8745341,988,0,0,0
1550767502.8903823,988,0,0,0
1550767502.90621,988,0,0,0
1550767502.9219916,988,0,0,0
1550767502.9388762,988,0,0,0
1550767502.955752,988,0,0,0
1550767502.9714885,988,0,0,0
1550767502.9874747,988,0,0,0
1550767503.0023763,988,0,0,0
1550767503.0184507,988,0,0,0
1550767503.034309,988,0,0,0
1550767503.050017,988,0,0,0
1550767503.0668395,988,0,0,0
1550767503.082649,988,0,0,0
1550767503.0987647,988,0,0,0
1550767503.11455,988,0,0,0
1550767503.130349,988,0,0,0
1550767503.1461887,988,0,0,0
1550767503.1630843,988,0,0,0
1550767503.1798787,988,0,0,0
1550767503.1966636,988,0,0,0
1550767503.21245,988,0,0,0
1550767503.2283494,988,0,0,0
1550767503.2440696,988,0,0,0
1550767503.2608447,988,0,0,0
1550767503.2768192,988,0,0,0
1550767503.2925048,988,0,0,0
1550767503.308346,988,0,0,0
1550767503.3241096,988,0,0,0
1550767503.3409033,988,0,0,0
1550767503.357774,988,0,0,0
1550767503.3735094,988,0,0,0
1550767503.3893504,988,0,0,0
1550767503.4051123,988,0,0,0
1550767503.4218428,988,0,0,0
1550767503.4378383,988,0,0,0
1550767503.4535499,988,0,0,0
1550767503.469331,988,0,0,0
1550767503.4851284,988,0,0,0
1550767503.5018814,988,0,0,0
1550767503.5188065,988,0,0,0
1550767503.5345757,988,0,0,0
1550767503.5504403,988,0,0,0
1550767503.5662935,988,0,0,0
1550767503.5820372,988,0,0,0
1550767503.5982242,988,0,0,0
1550767503.6141398,988,0,0,0
1550767503.6300213,988,0,0,0
1550767503.6467762,988,0,0,0
1550767503.6625187,988,0,0,0
1550767503.6783965,988,0,0,0
1550767503.6949394,988,0,0,0
1550767503.7103949,988,0,0,0
1550767503.7269645,988,0,0,0
1550767503.7434494,988,0,0,0
1550767503.7590115,988,0,0,0
1550767503.7754579,988,0,0,0
1550767503.791901,988,0,0,0
1550767503.808537,988,0,0,0
1550767503.825037,988,0,0,0
1550767503.8414922,988,0,0,0
1550767503.8570383,988,0,0,0
1550767503.8735123,988,0,0,0
1550767503.8891098,988,0,0,0
1550767503.9055803,988,0,0,0
1550767503.9210558,988,0,0,0
1550767503.937584,988,0,0,0
1550767503.9530432,988,0,0,0
1550767503.9696455,988,0,0,0
1550767503.9851303,988,0,0,0
1550767504.0016143,988,0,0,0
1550767504.0172682,988,0,0,0
1550767504.0337245,988,0,0,0
1550767504.049235,988,0,0,0
1550767504.065707,988,0,0,0
1550767504.0811803,988,0,0,0
1550767504.0978243,988,0,0,0
1550767504.1133816,988,0,0,0
1550767504.1290298,988,0,0,0
1550767504.1456182,988,0,0,0
1550767504.161219,988,0,0,0
1550767504.177903,988,0,0,0
1550767504.1944208,988,0,0,0
1550767504.210024,988,0,0,0
1550767504.226616,988,0,0,0
1550767504.258963,990,0,0,0
1550767504.2726347,990,0,0,0
1550767504.2882266,990,0,0,0
1550767504.3040001,990,0,0,0
1550767504.3206425,990,0,0,0
1550767504.33635,990,0,0,0
1550767504.3528922,990,0,0,0
1550767504.3689988,990,0,0,0
1550767504.3850908,990,0,0,0
1550767504.4012375,990,0,0,0
1550767504.4176154,990,0,0,0
1550767504.4338782,990,0,0,0
1550767504.4499593,990,0,0,0
1550767504.4661384,990,0,0,0
1550767504.4822707,990,0,0,0
1550767504.4986386,990,0,0,0
1550767504.5148432,990,0,0,0
1550767504.5302541,990,0,0,0
1550767504.546497,990,0,0,0
1550767504.5626438,990,0,0,0
1550767504.5782087,990,0,0,0
1550767504.5945003,990,0,0,0
1550767504.6107128,990,0,0,0
1550767504.6262178,990,0,0,0
1550767504.6424375,990,0,0,0
1550767504.6587567,990,0,0,0
1550767504.6742601,990,0,0,0
1550767504.6904979,990,0,0,0
1550767504.706647,990,0,0,0
1550767504.722762,990,0,0,0
1550767504.7382326,990,0,0,0
1550767504.7545433,990,0,0,0
1550767504.7707565,990,0,0,0
1550767504.7862089,990,0,0,0
1550767504.8025153,990,0,0,0
1550767504.8189635,990,0,0,0
1550767504.8351257,990,0,0,0
1550767504.8512912,990,0,0,0
1550767504.8675847,990,0,0,0
1550767504.8837569,990,0,0,0
1550767504.8991742,990,0,0,0
1550767504.9155843,990,0,0,0
1550767504.9318235,990,0,0,0
1550767504.9478238,990,0,0,0
1550767504.963543,990,0,0,0
1550767504.979261,990,0,0,0
1550767504.9959273,990,0,0,0
1550767505.0115929,990,0,0,0
1550767505.027306,990,0,0,0
1550767505.043957,990,0,0,0
1550767505.060677,990,0,0,0
1550767505.0763352,990,0,0,0
1550767505.092004,990,0,0,0
1550767505.1086879,990,0,0,0
1550767505.124298,990,0,0,0
1550767505.140951,990,0,0,0
1550767505.157623,990,0,0,0
1550767505.1742208,990,0,0,0
1550767505.1909034,990,0,0,0
1550767505.207517,990,0,0,0
1550767505.223133,990,0,0,0
1550767505.2399032,990,0,0,0
1550767505.256549,990,0,0,0
1550767505.2721908,990,0,0,0
1550767505.2889647,990,0,0,0
1550767505.3056235,990,0,0,0
1550767505.3212414,990,0,0,0
1550767505.337952,990,0,0,0
1550767505.3545766,990,0,0,0
1550767505.370286,990,0,0,0
1550767505.3869526,990,0,0,0
1550767505.4036417,990,0,0,0
1550767505.4193528,990,0,0,0
1550767505.4350798,990,0,0,0
1550767505.4517233,990,0,0,0
1550767505.4675345,990,0,0,0
1550767505.4831777,990,0,0,0
1550767505.4989936,990,0,0,0
1550767505.5156655,990,0,0,0
1550767505.5313306,990,0,0,0
1550767505.5470262,990,0,0,0
1550767505.5636723,990,0,0,0
1550767505.5793698,990,0,0,0
1550767505.5951033,990,0,0,0
1550767505.6117017,990,0,0,0
1550767505.6274848,990,0,0,0
1550767505.6431515,990,0,0,0
1550767505.6599462,990,0,0,0
1550767505.676585,990,0,0,0
1550767505.6922135,990,0,0,0
1550767505.7080414,990,0,0,0
1550767505.7246614,990,0,0,0
1550767505.7403264,990,0,0,0
1550767505.7696688,988,0,0,0
1550767505.7835417,988,0,0,0
1550767505.7992735,988,0,0,0
1550767505.8151412,988,0,0,0
1550767505.831777,988,0,0,0
1550767505.8475416,988,0,0,0
1550767505.8631926,988,0,0,0
1550767505.8799026,988,0,0,0
1550767505.8965247,988,0,0,0
1550767505.912141,988,0,0,0
1550767505.9289446,988,0,0,0
1550767505.9455643,988,0,0,0
1550767505.961191,988,0,0,0
1550767505.9778633,988,0,0,0
1550767505.993563,988,0,0,0
1550767506.0083427,988,0,0,0
1550767506.024124,988,0,0,0
1550767506.0408244,988,0,0,0
1550767506.056468,988,0,0,0
1550767506.072092,988,0,0,0
1550767506.0889218,988,0,0,0
1550767506.1055937,988,0,0,0
1550767506.1212466,988,0,0,0
1550767506.13792,988,0,0,0
1550767506.1545813,988,0,0,0
1550767506.1713207,988,0,0,0
1550767506.1870334,988,0,0,0
1550767506.2037158,988,0,0,0
1550767506.219411,988,0,0,0
1550767506.235103,988,0,0,0
1550767506.2518268,988,0,0,0
1550767506.2676678,988,0,0,0
1550767506.2837164,988,0,0,0
1550767506.2994335,988,0,0,0
1550767506.3151152,988,0,0,0
1550767506.3318043,988,0,0,0
1550767506.347595,988,0,0,0
1550767506.3632498,988,0,0,0
1550767506.379063,988,0,0,0
1550767506.395738,988,0,0,0
1550767506.4113908,988,0,0,0
1550767506.4271152,988,0,0,0
1550767506.4437737,988,0,0,0
1550767506.4595163,988,0,0,0
1550767506.475199,988,0,0,0
1550767506.4918692,988,0,0,0
1550767506.5076725,988,0,0,0
1550767506.5233054,988,0,0,0
1550767506.5390837,988,0,0,0
1550767506.555745,988,0,0,0
1550767506.5714104,988,0,0,0
1550767506.5872245,988,0,0,0
1550767506.603208,988,0,0,0
1550767506.6190524,988,0,0,0
1550767506.6356983,988,0,0,0
1550767506.651352,988,0,0,0
1550767506.66706,988,0,0,0
1550767506.6837232,988,0,0,0
1550767506.6994278,988,0,0,0
1550767506.7151082,988,0,0,0
1550767506.731763,988,0,0,0
1550767506.747577,988,0,0,0
1550767506.763226,988,0,0,0
1550767506.7790334,988,0,0,0
1550767506.7957065,988,0,0,0
1550767506.811405,988,0,0,0
1550767506.8271174,988,0,0,0
1550767506.8437915,988,0,0,0
1550767506.8594968,988,0,0,0
1550767506.875183,988,0,0,0
1550767506.8918655,988,0,0,0
1550767506.9076765,988,0,0,0
1550767506.9233284,988,0,0,0
1550767506.9390907,988,0,0,0
1550767506.9557362,988,0,0,0
1550767506.9713771,988,0,0,0
1550767506.9871187,988,0,0,0
1550767507.0027745,988,0,0,0
1550767507.0186796,988,0,0,0
1550767507.0343373,988,0,0,0
1550767507.050046,988,0,0,0
1550767507.0666857,988,0,0,0
1550767507.0823538,988,0,0,0
1550767507.098163,988,0,0,0
1550767507.1148055,988,0,0,0
1550767507.1305149,988,0,0,0
1550767507.1461878,988,0,0,0
1550767507.1628366,988,0,0,0
1550767507.178696,988,0,0,0
1550767507.1943552,988,0,0,0
1550767507.2100441,988,0,0,0
1550767507.226814,988,0,0,0
1550767507.2424722,988,0,0,0
1550767507.2740676,992,0,0,0
1550767507.2878432,992,0,0,0
1550767507.30367,992,0,0,0
1550767507.319466,992,0,0,0
1550767507.335125,992,0,0,0
1550767507.3517652,992,0,0,0
1550767507.3675618,992,0,0,0
1550767507.383195,992,0,0,0
1550767507.3999822,992,0,0,0
1550767507.4166346,992,0,0,0
1550767507.4322643,992,0,0,0
1550767507.4480898,992,0,0,0
1550767507.4647462,992,0,0,0
1550767507.4804344,992,0,0,0
1550767507.4961092,992,0,0,0
1550767507.512769,992,0,0,0
1550767507.5287027,992,0,0,0
1550767507.5443592,992,0,0,0
1550767507.5600336,992,0,0,0
1550767507.576702,992,0,0,0
1550767507.5923233,992,0,0,0
1550767507.6081202,992,0,0,0
1550767507.624752,992,0,0,0
1550767507.6404288,992,0,0,0
1550767507.656063,992,0,0,0
1550767507.6726859,992,0,0,0
1550767507.6884534,992,0,0,0
1550767507.7040627,992,0,0,0
1550767507.7207613,992,0,0,0
1550767507.7364447,992,0,0,0
1550767507.752126,992,0,0,0
1550767507.768045,992,0,0,0
1550767507.7846727,992,0,0,0
1550767507.8003507,992,0,0,0
1550767507.8160307,992,0,0,0
1550767507.8326817,992,0,0,0
1550767507.848474,992,0,0,0
1550767507.8641167,992,0,0,0
1550767507.8808103,992,0,0,0
1550767507.8964894,992,0,0,0
1550767507.9121633,992,0,0,0
1550767507.9289727,992,0,0,0
1550767507.945643,992,0,0,0
1550767507.961338,992,0,0,0
1550767507.9770274,992,0,0,0
1550767507.9936922,992,0,0,0
1550767508.0085182,992,0,0,0
1550767508.0243437,992,0,0,0
1550767508.04003,992,0,0,0
1550767508.0566504,992,0,0,0
1550767508.0722895,992,0,0,0
1550767508.0880365,992,0,0,0
1550767508.1046507,992,0,0,0
1550767508.1205373,992,0,0,0
1550767508.1363885,992,0,0,0
1550767508.1521854,992,0,0,0
1550767508.169158,992,0,0,0
1550767508.1859639,992,0,0,0
1550767508.202749,992,0,0,0
1550767508.2187147,992,0,0,0
1550767508.2345119,992,0,0,0
1550767508.2503746,992,0,0,0
1550767508.266226,992,0,0,0
1550767508.2820022,992,0,0,0
1550767508.2980657,992,0,0,0
1550767508.3148365,992,0,0,0
1550767508.3307073,992,0,0,0
1550767508.346624,992,0,0,0
1550767508.3624308,992,0,0,0
1550767508.3784537,992,0,0,0
1550767508.3942857,992,0,0,0
1550767508.410138,992,0,0,0
1550767508.4269598,992,0,0,0
1550767508.4437497,992,0,0,0
1550767508.4596152,992,0,0,0
1550767508.4754643,992,0,0,0
1550767508.4913006,992,0,0,0
1550767508.5073218,992,0,0,0
1550767508.5230548,992,0,0,0
1550767508.5390372,992,0,0,0
1550767508.5558531,992,0,0,0
1550767508.571699,992,0,0,0
1550767508.5876908,992,0,0,0
1550767508.6034856,992,0,0,0
1550767508.6194088,992,0,0,0
1550767508.6352277,992,0,0,0
1550767508.6510231,992,0,0,0
1550767508.6670365,992,0,0,0
1550767508.6838012,992,0,0,0
1550767508.6996968,992,0,0,0
1550767508.7155335,992,0,0,0
1550767508.731356,992,0,0,0
1550767508.7473078,992,0,0,0
1550767508.7805262,991,0,0,0
1550767508.7946062,991,0,0,0
1550767508.810388,991,0,0,0
1550767508.8264933,991,0,0,0
1550767508.8422918,991,0,0,0
1550767508.8586686,991,0,0,0
1550767508.8749871,991,0,0,0
1550767508.890454,991,0,0,0
1550767508.9063337,991,0,0,0
1550767508.922587,991,0,0,0
1550767508.938958,991,0,0,0
1550767508.9552298,991,0,0,0
1550767508.971408,991,0,0,0
1550767508.9877298,991,0,0,0
1550767509.003125,991,0,0,0
1550767509.0196092,991,0,0,0
1550767509.0359359,991,0,0,0
1550767509.0521533,991,0,0,0
1550767509.0685482,991,0,0,0
1550767509.0847871,991,0,0,0
1550767509.1002133,991,0,0,0
1550767509.1166444,991,0,0,0
1550767509.13298,991,0,0,0
1550767509.149328,991,0,0,0
1550767509.1663744,991,0,0,0
1550767509.1823676,991,0,0,0
1550767509.198657,991,0,0,0
1550767509.214657,991,0,0,0
1550767509.2307837,991,0,0,0
1550767509.2461796,991,0,0,0
1550767509.2624197,991,0,0,0
1550767509.2787893,991,0,0,0
1550767509.294833,991,0,0,0
1550767509.310669,991,0,0,0
1550767509.3263729,991,0,0,0
1550767509.342023,991,0,0,0
1550767509.3589,991,0,0,0
1550767509.3755322,991,0,0,0
1550767509.3911958,991,0,0,0
1550767509.4071186,991,0,0,0
1550767509.4229932,991,0,0,0
1550767509.4399288,991,0,0,0
1550767509.4568217,991,0,0,0
1550767509.4727838,991,0,0,0
1550767509.4887433,991,0,0,0
1550767509.5045633,991,0,0,0
1550767509.520455,991,0,0,0
1550767509.5363379,991,0,0,0
1550767509.5522566,991,0,0,0
1550767509.5686486,991,0,0,0
1550767509.584177,991,0,0,0
1550767509.6008844,991,0,0,0
1550767509.6164436,991,0,0,0
1550767509.6321967,991,0,0,0
1550767509.6489236,991,0,0,0
1550767509.6644025,991,0,0,0
1550767509.6803873,991,0,0,0
1550767509.6968706,991,0,0,0
1550767509.7123399,991,0,0,0
1550767509.728321,991,0,0,0
1550767509.7449467,991,0,0,0
1550767509.7604022,991,0,0,0
1550767509.776945,991,0,0,0
1550767509.7933497,991,0,0,0
1550767513.3474853,991,1,1,0
1550767513.3637035,992,1,1,0
1550767513.3782983,992,0,0,0
1550767513.3942869,992,0,0,0
1550767513.4099336,992,0,0,0
1550767513.4267263,992,0,0,0
1550767513.442757,992,0,0,0
1550767513.45887,992,0,0,0
1550767513.4759355,992,0,0,0
1550767513.4920335,992,0,0,0
1550767513.508272,992,0,0,0
1550767513.5242882,992,0,0,0
1550767513.5403616,992,0,0,0
1550767513.5564206,992,0,0,0
1550767513.572505,992,0,0,0
1550767513.5886297,992,0,0,0
1550767513.6047175,992,0,0,0
1550767513.62075,992,0,0,0
1550767513.6368542,992,0,0,0
1550767513.6529465,992,0,0,0
1550767513.669119,992,0,0,0
1550767513.6851733,992,0,0,0
1550767513.7012668,992,0,0,0
1550767513.7174904,992,0,0,0
1550767513.7335613,992,0,0,0
1550767513.7496014,992,0,0,0
1550767513.7656415,992,0,0,0
1550767513.7816648,992,0,0,0
1550767513.7978709,992,0,0,0
1550767513.813917,992,0,0,0
1550767513.8299828,992,0,0,0
1550767513.8460572,992,0,0,0
1550767513.8621426,992,0,0,0
1550767513.8784387,992,0,0,0
1550767513.8944356,992,0,0,0
1550767513.9105062,992,0,0,0
1550767513.926629,992,0,0,0
1550767513.9426184,992,0,0,0
1550767513.9588504,992,0,0,0
1550767513.9749618,992,0,0,0
1550767513.9909809,992,0,0,0
1550767514.0062013,992,0,0,0
1550767514.0225842,992,0,0,0
1550767514.0388713,992,0,0,0
1550767514.0550387,992,0,0,0
1550767514.0709763,992,0,0,0
1550767514.0871258,992,0,0,0
1550767514.1032064,992,0,0,0
1550767514.1192362,992,0,0,0
1550767514.1353605,992,0,0,0
1550767514.1513996,992,0,0,0
1550767514.1686137,992,0,0,0
1550767514.1846616,992,0,0,0
1550767514.200744,992,0,0,0
1550767514.2167919,992,0,0,0
1550767514.232791,992,0,0,0
1550767514.2489042,992,0,0,0
1550767514.2658823,992,0,0,0
1550767514.2818635,992,0,0,0
1550767514.2972257,992,0,0,0
1550767514.3135123,992,0,0,0
1550767514.3295121,992,0,0,0
1550767514.3452897,992,0,0,0
1550767514.3617268,992,0,0,0
1550767514.3774421,992,0,0,0
1550767514.393811,992,0,0,0
1550767514.4092526,992,0,0,0
1550767514.425702,992,0,0,0
1550767514.4414573,992,0,0,0
1550767514.4572196,992,0,0,0
1550767514.4736671,992,0,0,0
1550767514.4891984,992,0,0,0
1550767514.5055852,992,0,0,0
1550767514.5218582,992,0,0,0
1550767514.5374336,992,0,0,0
1550767514.5538232,992,0,0,0
1550767514.5692592,992,0,0,0
1550767514.585728,992,0,0,0
1550767514.601092,992,0,0,0
1550767514.6179366,992,0,0,0
1550767514.6342645,992,0,0,0
1550767514.650528,992,0,0,0
1550767514.666913,992,0,0,0
1550767514.6831691,992,0,0,0
1550767514.6996224,992,0,0,0
1550767514.7152371,992,0,0,0
1550767514.7315888,992,0,0,0
1550767514.747913,992,0,0,0
1550767514.7643292,992,0,0,0
1550767514.7806983,992,0,0,0
1550767514.796961,992,0,0,0
1550767514.8131948,992,0,0,0
1550767514.829598,992,0,0,0
1550767514.845915,992,0,0,0
1550767514.8790824,992,0,0,0
1550767514.8938236,992,0,0,0
1550767514.9092457,992,0,0,0
1550767514.925734,992,0,0,0
1550767514.9414275,992,0,0,0
1550767514.9573462,992,0,0,0
1550767514.9738488,992,0,0,0
1550767514.9896297,992,0,0,0
1550767515.0045447,992,0,0,0
1550767515.0208385,992,0,0,0
1550767515.036852,992,0,0,0
1550767515.05257,992,0,0,0
1550767515.0683136,992,0,0,0
1550767515.0850792,992,0,0,0
1550767515.101503,992,0,0,0
1550767515.1175168,992,0,0,0
1550767515.1334038,992,0,0,0
1550767515.1492605,992,0,0,0
1550767515.1662116,992,0,0,0
1550767515.1826847,992,0,0,0
1550767515.1982522,992,0,0,0
1550767515.214972,992,0,0,0
1550767515.23135,992,0,0,0
1550767515.2478917,992,0,0,0
1550767515.2636504,992,0,0,0
1550767515.2794354,992,0,0,0
1550767515.2953987,992,0,0,0
1550767515.3118162,992,0,0,0
1550767515.3275096,992,0,0,0
1550767515.34321,992,0,0,0
1550767515.3599553,992,0,0,0
1550767515.3763444,992,0,0,0
1550767515.3927422,992,0,0,0
1550767515.4084473,992,0,0,0
1550767515.424433,992,0,0,0
1550767515.4407992,992,0,0,0
1550767515.4565294,992,0,0,0
1550767515.4722722,992,0,0,0
1550767515.4881923,992,0,0,0
1550767515.5047536,992,0,0,0
1550767515.5204477,992,0,0,0
1550767515.5363438,992,0,0,0
1550767515.5527723,992,0,0,0
1550767515.5685558,992,0,0,0
1550767515.5842302,992,0,0,0
1550767515.6007454,992,0,0,0
1550767515.616368,992,0,0,0
1550767515.6322758,992,0,0,0
1550767515.6487255,992,0,0,0
1550767515.6647918,992,0,0,0
1550767515.6809177,992,0,0,0
1550767515.6972537,992,0,0,0
1550767515.7131095,992,0,0,0
1550767515.7299078,992,0,0,0
1550767515.7465563,992,0,0,0
1550767515.7622187,992,0,0,0
1550767515.77804,992,0,0,0
1550767515.794697,992,0,0,0
1550767515.8103843,992,0,0,0
1550767515.8260322,992,0,0,0
1550767515.8426821,992,0,0,0
1550767515.8585227,992,0,0,0
1550767515.8741722,992,0,0,0
1550767515.8908672,992,0,0,0
1550767515.9065208,992,0,0,0
1550767515.922163,992,0,0,0
1550767515.937992,992,0,0,0
1550767515.9546535,992,0,0,0
1550767515.9703624,992,0,0,0
1550767515.9860332,992,0,0,0
1550767516.0026748,992,0,0,0
1550767516.0185184,992,0,0,0
1550767516.0341775,992,0,0,0
1550767516.050868,992,0,0,0
1550767516.0665479,992,0,0,0
1550767516.0821857,992,0,0,0
1550767516.0980058,992,0,0,0
1550767516.1146176,992,0,0,0
1550767516.1302793,992,0,0,0
1550767516.146972,992,0,0,0
1550767516.1646264,992,0,0,0
1550767516.180309,992,0,0,0
1550767516.1959906,992,0,0,0
1550767516.2126632,992,0,0,0
1550767516.2284894,992,0,0,0
1550767516.24413,992,0,0,0
1550767516.2608297,992,0,0,0
1550767516.276493,992,0,0,0
1550767516.2921395,992,0,0,0
1550767516.3089814,992,0,0,0
1550767516.325635,992,0,0,0
1550767516.3412778,992,0,0,0
1550767516.3570302,992,0,0,0
1550767516.391119,987,0,0,0
1550767516.4049962,987,0,0,0
1550767516.4206932,987,0,0,0
1550767516.436492,987,0,0,0
1550767516.4521427,987,0,0,0
1550767516.46804,987,0,0,0
1550767516.4846964,987,0,0,0
1550767516.5003924,987,0,0,0
1550767516.5160742,987,0,0,0
1550767516.5327542,987,0,0,0
1550767516.548583,987,0,0,0
1550767516.5642045,987,0,0,0
1550767516.580914,987,0,0,0
1550767516.5976098,987,0,0,0
1550767516.6132314,987,0,0,0
1550767516.6299717,987,0,0,0
1550767516.6465976,987,0,0,0
1550767516.6622405,987,0,0,0
1550767516.67811,987,0,0,0
1550767516.6947396,987,0,0,0
1550767516.7104568,987,0,0,0
1550767516.726141,987,0,0,0
1550767516.7427979,987,0,0,0
1550767516.7585845,987,0,0,0
1550767516.7742317,987,0,0,0
1550767516.790915,987,0,0,0
1550767516.8076155,987,0,0,0
1550767516.8232725,987,0,0,0
1550767516.8390567,987,0,0,0
1550767516.8556943,987,0,0,0
1550767516.8713593,987,0,0,0
1550767516.8870237,987,0,0,0
1550767516.903727,987,0,0,0
1550767516.9194221,987,0,0,0
1550767516.9351368,987,0,0,0
1550767516.9517598,987,0,0,0
1550767516.9675643,987,0,0,0
1550767516.9832354,987,0,0,0
1550767516.9990313,987,0,0,0
1550767517.0146766,987,0,0,0
1550767517.03037,987,0,0,0
1550767517.0460098,987,0,0,0
1550767517.0626557,987,0,0,0
1550767517.0785184,987,0,0,0
1550767517.0941763,987,0,0,0
1550767517.110888,987,0,0,0
1550767517.1274583,987,0,0,0
1550767517.1431088,987,0,0,0
1550767517.1598516,987,0,0,0
1550767517.1764665,987,0,0,0
1550767517.192149,987,0,0,0
1550767517.2089055,987,0,0,0
1550767517.2255523,987,0,0,0
1550767517.241205,987,0,0,0
1550767517.2579038,987,0,0,0
1550767517.274551,987,0,0,0
1550767517.2902203,987,0,0,0
1550767517.3069696,987,0,0,0
1550767517.323682,987,0,0,0
1550767517.3394048,987,0,0,0
1550767517.35509,987,0,0,0
1550767517.371752,987,0,0,0
1550767517.3875692,987,0,0,0
1550767517.4032643,987,0,0,0
1550767517.4190621,987,0,0,0
1550767517.435728,987,0,0,0
1550767517.451393,987,0,0,0
1550767517.4671059,987,0,0,0
1550767517.4837728,987,0,0,0
1550767517.4994948,987,0,0,0
1550767517.5151668,987,0,0,0
1550767517.531826,987,0,0,0
1550767517.5476391,987,0,0,0
1550767517.5632677,987,0,0,0
1550767517.5790403,987,0,0,0
1550767517.5957131,987,0,0,0
1550767517.611383,987,0,0,0
1550767517.626991,987,0,0,0
1550767517.6437385,987,0,0,0
1550767517.6594398,987,0,0,0
1550767517.6751077,987,0,0,0
1550767517.6917727,987,0,0,0
1550767517.7076256,987,0,0,0
1550767517.723283,987,0,0,0
1550767517.7390995,987,0,0,0
1550767517.7557678,987,0,0,0
1550767517.771444,987,0,0,0
1550767517.787245,987,0,0,0
1550767517.8039086,987,0,0,0
1550767517.8206253,987,0,0,0
1550767517.8362982,987,0,0,0
1550767517.8519778,987,0,0,0
1550767517.868803,987,0,0,0
1550767517.8991377,993,0,0,0
1550767517.9129019,993,0,0,0
1550767517.9286764,993,0,0,0
1550767517.9444523,993,0,0,0
1550767517.9601333,993,0,0,0
1550767517.9768918,993,0,0,0
1550767517.9936094,993,0,0,0
1550767518.008414,993,0,0,0
1550767518.0242114,993,0,0,0
1550767518.040898,993,0,0,0
1550767518.057555,993,0,0,0
1550767518.0732083,993,0,0,0
1550767518.0889995,993,0,0,0
1550767518.1056561,993,0,0,0
1550767518.12133,993,0,0,0
1550767518.1370819,993,0,0,0
1550767518.1537545,993,0,0,0
1550767518.170407,993,0,0,0
1550767518.186046,993,0,0,0
1550767518.2026765,993,0,0,0
1550767518.2184825,993,0,0,0
1550767518.2341416,993,0,0,0
1550767518.2508523,993,0,0,0
1550767518.2665405,993,0,0,0
1550767518.282187,993,0,0,0
1550767518.2979884,993,0,0,0
1550767518.3146565,993,0,0,0
1550767518.330391,993,0,0,0
1550767518.3460207,993,0,0,0
1550767518.362622,993,0,0,0
1550767518.3784356,993,0,0,0
1550767518.3941295,993,0,0,0
1550767518.4108121,993,0,0,0
1550767518.4265082,993,0,0,0
1550767518.4421563,993,0,0,0
1550767518.4579833,993,0,0,0
1550767518.4746392,993,0,0,0
1550767518.490355,993,0,0,0
1550767518.5060265,993,0,0,0
1550767518.5226758,993,0,0,0
1550767518.5384653,993,0,0,0
1550767518.554114,993,0,0,0
1550767518.5708373,993,0,0,0
1550767518.5865488,993,0,0,0
1550767518.6022024,993,0,0,0
1550767518.6180575,993,0,0,0
1550767518.6346648,993,0,0,0
1550767518.6503599,993,0,0,0
1550767518.6660085,993,0,0,0
1550767518.682649,993,0,0,0
1550767518.6985047,993,0,0,0
1550767518.7141633,993,0,0,0
1550767518.7308733,993,0,0,0
1550767518.7465484,993,0,0,0
1550767518.7621713,993,0,0,0
1550767518.7779963,993,0,0,0
1550767518.7946486,993,0,0,0
1550767518.8103366,993,0,0,0
1550767518.8260088,993,0,0,0
1550767518.842663,993,0,0,0
1550767518.858498,993,0,0,0
1550767518.874138,993,0,0,0
1550767518.8908477,993,0,0,0
1550767518.9065502,993,0,0,0
1550767518.9221923,993,0,0,0
1550767518.9380488,993,0,0,0
1550767518.9546955,993,0,0,0
1550767518.9704185,993,0,0,0
1550767518.9860969,993,0,0,0
1550767519.0027397,993,0,0,0
1550767519.018609,993,0,0,0
1550767519.034281,993,0,0,0
1550767519.050974,993,0,0,0
1550767519.0676708,993,0,0,0
1550767519.0837502,993,0,0,0
1550767519.09949,993,0,0,0
1550767519.115166,993,0,0,0
1550767519.1317532,993,0,0,0
1550767519.1475432,993,0,0,0
1550767519.1642017,993,0,0,0
1550767519.1808903,993,0,0,0
1550767519.1975584,993,0,0,0
1550767519.2132201,993,0,0,0
1550767519.2289836,993,0,0,0
1550767519.245588,993,0,0,0
1550767519.2612293,993,0,0,0
1550767519.2770054,993,0,0,0
1550767519.2937386,993,0,0,0
1550767519.309442,993,0,0,0
1550767519.3250859,993,0,0,0
1550767519.3417306,993,0,0,0
1550767519.3575387,993,0,0,0
1550767519.373214,993,0,0,0
1550767519.4038372,989,0,0,0
1550767519.4176326,989,0,0,0
1550767519.4333153,989,0,0,0
1550767519.449217,989,0,0,0
1550767519.4658706,989,0,0,0
1550767519.481508,989,0,0,0
1550767519.4972823,989,0,0,0
1550767519.5139363,989,0,0,0
1550767519.5306134,989,0,0,0
1550767519.5463054,989,0,0,0
1550767519.5629137,989,0,0,0
1550767519.5797138,989,0,0,0
1550767519.5953698,989,0,0,0
1550767519.610991,989,0,0,0
1550767519.6279266,989,0,0,0
1550767519.644611,989,0,0,0
1550767519.660269,989,0,0,0
1550767519.6760087,989,0,0,0
1550767519.692697,989,0,0,0
1550767519.7085004,989,0,0,0
1550767519.724141,989,0,0,0
1550767519.740843,989,0,0,0
1550767519.7565053,989,0,0,0
1550767519.77219,989,0,0,0
1550767519.7880294,989,0,0,0
1550767519.8046935,989,0,0,0
1550767519.8204348,989,0,0,0
1550767519.836112,989,0,0,0
1550767519.8527808,989,0,0,0
1550767519.8685896,989,0,0,0
1550767519.8842309,989,0,0,0
1550767519.900959,989,0,0,0
1550767519.9177063,989,0,0,0
1550767519.9333787,989,0,0,0
1550767519.9491556,989,0,0,0
1550767519.965783,989,0,0,0
1550767519.9814563,989,0,0,0
1550767519.9972854,989,0,0,0
1550767520.01296,989,0,0,0
1550767520.0297377,989,0,0,0
1550767520.0453637,989,0,0,0
1550767520.0610018,989,0,0,0
1550767520.0776389,989,0,0,0
1550767520.0932827,989,0,0,0
1550767520.1090913,989,0,0,0
1550767520.125734,989,0,0,0
1550767520.141511,989,0,0,0
1550767520.1574836,989,0,0,0
1550767520.174224,989,0,0,0
1550767520.190031,989,0,0,0
1550767520.2066593,989,0,0,0
1550767520.2223186,989,0,0,0
1550767520.2381551,989,0,0,0
1550767520.2547894,989,0,0,0
1550767520.2704806,989,0,0,0
1550767520.286149,989,0,0,0
1550767520.3027892,989,0,0,0
1550767520.3185625,989,0,0,0
1550767520.3342106,989,0,0,0
1550767520.3509352,989,0,0,0
1550767520.3676288,989,0,0,0
1550767520.3832796,989,0,0,0
1550767520.399062,989,0,0,0
1550767520.4157538,989,0,0,0
1550767520.4314241,989,0,0,0
1550767520.4471135,989,0,0,0
1550767520.4637604,989,0,0,0
1550767520.4794402,989,0,0,0
1550767520.4950964,989,0,0,0
1550767520.5117266,989,0,0,0
1550767520.5275033,989,0,0,0
1550767520.5431292,989,0,0,0
1550767520.5599017,989,0,0,0
1550767520.576574,989,0,0,0
1550767520.5922058,989,0,0,0
1550767520.608016,989,0,0,0
1550767520.6246567,989,0,0,0
1550767520.640376,989,0,0,0
1550767520.6560204,989,0,0,0
1550767520.6726618,989,0,0,0
1550767520.688441,989,0,0,0
1550767520.7040927,989,0,0,0
1550767520.7207577,989,0,0,0
1550767520.7364292,989,0,0,0
1550767520.752087,989,0,0,0
1550767520.7688596,989,0,0,0
1550767520.7844913,989,0,0,0
1550767520.8001769,989,0,0,0
1550767520.8169422,989,0,0,0
1550767520.8336558,989,0,0,0
1550767520.8493662,989,0,0,0
1550767520.8651147,989,0,0,0
1550767520.8817186,989,0,0,0
1550767520.9149213,991,0,0,0
1550767520.9286692,991,0,0,0
1550767520.9443927,991,0,0,0
1550767520.9602208,991,0,0,0
1550767520.976956,991,0,0,0
1550767520.993645,991,0,0,0
1550767521.008446,991,0,0,0
1550767521.02423,991,0,0,0
1550767521.040914,991,0,0,0
1550767521.0575948,991,0,0,0
1550767521.07324,991,0,0,0
1550767521.0889924,991,0,0,0
1550767521.1056452,991,0,0,0
1550767521.1212804,991,0,0,0
1550767521.1379015,991,0,0,0
1550767521.1545494,991,0,0,0
1550767521.1712284,991,0,0,0
1550767521.187944,991,0,0,0
1550767521.2046058,991,0,0,0
1550767521.2203193,991,0,0,0
1550767521.23604,991,0,0,0
1550767521.2527235,991,0,0,0
1550767521.2685282,991,0,0,0
1550767521.2841685,991,0,0,0
1550767521.3009155,991,0,0,0
1550767521.3175936,991,0,0,0
1550767521.3332584,991,0,0,0
1550767521.349066,991,0,0,0
1550767521.3656964,991,0,0,0
1550767521.3813317,991,0,0,0
1550767521.3970804,991,0,0,0
1550767521.413755,991,0,0,0
1550767521.4294472,991,0,0,0
1550767521.4451416,991,0,0,0
1550767521.4617548,991,0,0,0
1550767521.4775636,991,0,0,0
1550767521.4931962,991,0,0,0
1550767521.5090013,991,0,0,0
1550767521.5256338,991,0,0,0
1550767521.5412812,991,0,0,0
1550767521.557022,991,0,0,0
1550767521.5737185,991,0,0,0
1550767521.5894172,991,0,0,0
1550767521.6051247,991,0,0,0
1550767521.6217349,991,0,0,0
1550767521.637493,991,0,0,0
1550767521.653113,991,0,0,0
1550767521.6699007,991,0,0,0
1550767521.6865425,991,0,0,0
1550767521.702188,991,0,0,0
1550767521.718023,991,0,0,0
1550767521.734673,991,0,0,0
1550767521.7503736,991,0,0,0
1550767521.7660182,991,0,0,0
1550767521.782664,991,0,0,0
1550767521.798451,991,0,0,0
1550767521.814092,991,0,0,0
1550767521.830784,991,0,0,0
1550767521.8464558,991,0,0,0
1550767521.8621151,991,0,0,0
1550767521.8788953,991,0,0,0
1550767521.8955755,991,0,0,0
1550767521.911244,991,0,0,0
1550767521.927917,991,0,0,0
1550767521.944529,991,0,0,0
1550767521.9601867,991,0,0,0
1550767521.9769192,991,0,0,0
1550767521.993596,991,0,0,0
1550767522.0083845,991,0,0,0
1550767522.0241756,991,0,0,0
1550767522.0408382,991,0,0,0
1550767522.0565536,991,0,0,0
1550767522.0722084,991,0,0,0
1550767522.0880487,991,0,0,0
1550767522.104697,991,0,0,0
1550767522.1203694,991,0,0,0
1550767522.136011,991,0,0,0
1550767522.152655,991,0,0,0
1550767522.169434,991,0,0,0
1550767522.1850975,991,0,0,0
1550767522.2017114,991,0,0,0
1550767522.2175188,991,0,0,0
1550767522.2331665,991,0,0,0
1550767522.2499049,991,0,0,0
1550767522.2665606,991,0,0,0
1550767522.282199,991,0,0,0
1550767522.298021,991,0,0,0
1550767522.3146632,991,0,0,0
1550767522.3303506,991,0,0,0
1550767522.3460083,991,0,0,0
1550767522.3626733,991,0,0,0
1550767522.3784714,991,0,0,0
1550767522.3941529,991,0,0,0
1550767522.4281232,994,0,0,0
1550767522.441887,994,0,0,0
1550767522.4579847,994,0,0,0
1550767522.4737778,994,0,0,0
1550767522.4894762,994,0,0,0
1550767522.50515,994,0,0,0
1550767522.5217795,994,0,0,0
1550767522.5375423,994,0,0,0
1550767522.5531545,994,0,0,0
1550767522.5699239,994,0,0,0
1550767522.5865479,994,0,0,0
1550767522.6022065,994,0,0,0
1550767522.618006,994,0,0,0
1550767522.6347017,994,0,0,0
1550767522.6504037,994,0,0,0
1550767522.666079,994,0,0,0
1550767522.6827047,994,0,0,0
1550767522.698559,994,0,0,0
1550767522.714216,994,0,0,0
1550767522.7309127,994,0,0,0
1550767522.7475922,994,0,0,0
1550767522.7632687,994,0,0,0
1550767522.7790718,994,0,0,0
1550767522.795732,994,0,0,0
1550767522.8114004,994,0,0,0
1550767522.827131,994,0,0,0
1550767522.8437946,994,0,0,0
1550767522.859507,994,0,0,0
1550767522.8751838,994,0,0,0
1550767522.891832,994,0,0,0
1550767522.907628,994,0,0,0
1550767522.9233146,994,0,0,0
1550767522.9391248,994,0,0,0
1550767522.9557993,994,0,0,0
1550767522.9714546,994,0,0,0
1550767522.9872365,994,0,0,0
1550767523.0029056,994,0,0,0
1550767523.019774,994,0,0,0
1550767523.0353777,994,0,0,0
1550767523.0508945,994,0,0,0
1550767523.0674794,994,0,0,0
1550767523.083101,994,0,0,0
1550767523.0996873,994,0,0,0
1550767523.1153708,994,0,0,0
1550767523.1311738,994,0,0,0
1550767523.1479187,994,0,0,0
1550767523.1655788,994,0,0,0
1550767523.181207,994,0,0,0
1550767523.197918,994,0,0,0
1550767523.2145596,994,0,0,0
1550767523.2302551,994,0,0,0
1550767523.2460008,994,0,0,0
1550767523.2626321,994,0,0,0
1550767523.2784145,994,0,0,0
1550767523.2940536,994,0,0,0
1550767523.3107426,994,0,0,0
1550767523.3264458,994,0,0,0
1550767523.342094,994,0,0,0
1550767523.3589005,994,0,0,0
1550767523.3754997,994,0,0,0
1550767523.3911276,994,0,0,0
1550767523.4078276,994,0,0,0
1550767523.4234796,994,0,0,0
1550767523.4392154,994,0,0,0
1550767523.4558353,994,0,0,0
1550767523.4714797,994,0,0,0
1550767523.4872344,994,0,0,0
1550767523.5038733,994,0,0,0
1550767523.5195627,994,0,0,0
1550767523.5352435,994,0,0,0
1550767523.5518994,994,0,0,0
1550767523.5686965,994,0,0,0
1550767523.5843303,994,0,0,0
1550767523.600028,994,0,0,0
1550767523.616681,994,0,0,0
1550767523.6325426,994,0,0,0
1550767523.6483898,994,0,0,0
1550767523.664021,994,0,0,0
1550767523.6806695,994,0,0,0
1550767523.6963189,994,0,0,0
1550767523.7129576,994,0,0,0
1550767523.7291343,994,0,0,0
1550767523.7457666,994,0,0,0
1550767523.761485,994,0,0,0
1550767523.777299,994,0,0,0
1550767523.793091,994,0,0,0
1550767523.809845,994,0,0,0
1550767523.8255894,994,0,0,0
1550767523.841311,994,0,0,0
1550767523.857011,994,0,0,0
1550767523.8737633,994,0,0,0
1550767523.8894284,994,0,0,0
1550767523.9051607,994,0,0,0
1550767523.938707,990,0,0,0
1550767523.952505,990,0,0,0
1550767523.9683387,990,0,0,0
1550767523.9842973,990,0,0,0
1550767524.000095,990,0,0,0
1550767524.0159166,990,0,0,0
1550767524.0326605,990,0,0,0
1550767524.0485244,990,0,0,0
1550767524.0642219,990,0,0,0
1550767524.080019,990,0,0,0
1550767524.0967882,990,0,0,0
1550767524.1124804,990,0,0,0
1550767524.1283424,990,0,0,0
1550767524.144076,990,0,0,0
1550767524.1607835,990,0,0,0
1550767524.176555,990,0,0,0
1550767524.1922457,990,0,0,0
1550767524.2080562,990,0,0,0
1550767524.2247462,990,0,0,0
1550767524.2404737,990,0,0,0
1550767524.2561927,990,0,0,0
1550767524.272934,990,0,0,0
1550767524.289767,990,0,0,0
1550767524.3054826,990,0,0,0
1550767524.321209,990,0,0,0
1550767524.336999,990,0,0,0
1550767524.3537545,990,0,0,0
1550767524.3695328,990,0,0,0
1550767524.3852773,990,0,0,0
1550767524.4010122,990,0,0,0
1550767524.417757,990,0,0,0
1550767524.4334443,990,0,0,0
1550767524.4492443,990,0,0,0
1550767524.4650538,990,0,0,0
1550767524.481705,990,0,0,0
1550767524.4975643,990,0,0,0
1550767524.513307,990,0,0,0
1550767524.5291505,990,0,0,0
1550767524.5458634,990,0,0,0
1550767524.561574,990,0,0,0
1550767524.5774283,990,0,0,0
1550767524.5931728,990,0,0,0
1550767524.6090412,990,0,0,0
1550767524.6257505,990,0,0,0
1550767524.641398,990,0,0,0
1550767524.657201,990,0,0,0
1550767524.6738477,990,0,0,0
1550767524.6895611,990,0,0,0
1550767524.7052891,990,0,0,0
1550767524.7210357,990,0,0,0
1550767524.7377834,990,0,0,0
1550767524.753485,990,0,0,0
1550767524.7692437,990,0,0,0
1550767524.7850468,990,0,0,0
1550767524.8017426,990,0,0,0
1550767524.8175967,990,0,0,0
1550767524.8333368,990,0,0,0
1550767524.8491466,990,0,0,0
1550767524.8658504,990,0,0,0
1550767524.88156,990,0,0,0
1550767524.8974862,990,0,0,0
1550767524.913168,990,0,0,0
1550767524.929002,990,0,0,0
1550767524.945712,990,0,0,0
1550767524.9613857,990,0,0,0
1550767524.977226,990,0,0,0
1550767524.992975,990,0,0,0
1550767525.0088117,990,0,0,0
1550767525.0245183,990,0,0,0
1550767525.0402687,990,0,0,0
1550767525.0560076,990,0,0,0
1550767525.0727293,990,0,0,0
1550767525.0885797,990,0,0,0
1550767525.1042657,990,0,0,0
1550767525.1200411,990,0,0,0
1550767525.1361017,990,0,0,0
1550767525.152865,990,0,0,0
1550767525.1696615,990,0,0,0
1550767525.18539,990,0,0,0
1550767525.201097,990,0,0,0
1550767525.217808,990,0,0,0
1550767525.23358,990,0,0,0
1550767525.2493274,990,0,0,0
1550767525.265128,990,0,0,0
1550767525.281832,990,0,0,0
1550767525.2976544,990,0,0,0
1550767525.3133879,990,0,0,0
1550767525.3292277,990,0,0,0
1550767525.3459513,990,0,0,0
1550767525.3626375,990,0,0,0
1550767525.3785288,990,0,0,0
1550767525.3943205,990,0,0,0
1550767525.410019,990,0,0,0
1550767525.440432,988,0,0,0
1550767525.4541707,988,0,0,0
1550767525.4708772,988,0,0,0
1550767525.4865544,988,0,0,0
1550767525.502184,988,0,0,0
1550767525.5180085,988,0,0,0
1550767525.534673,988,0,0,0
1550767525.5503442,988,0,0,0
1550767525.5660226,988,0,0,0
1550767525.5826654,988,0,0,0
1550767525.5984964,988,0,0,0
1550767525.6141486,988,0,0,0
1550767525.6308432,988,0,0,0
1550767525.6464763,988,0,0,0
1550767525.6621232,988,0,0,0
1550767525.678924,988,0,0,0
1550767525.695552,988,0,0,0
1550767525.7111802,988,0,0,0
1550767525.7279003,988,0,0,0
1550767525.744523,988,0,0,0
1550767525.760228,988,0,0,0
1550767525.7769728,988,0,0,0
1550767525.7936957,988,0,0,0
1550767525.8093877,988,0,0,0
1550767525.825115,988,0,0,0
1550767525.8417208,988,0,0,0
1550767525.8574765,988,0,0,0
1550767525.8730848,988,0,0,0
1550767525.8898466,988,0,0,0
1550767525.9054792,988,0,0,0
1550767525.9211235,988,0,0,0
1550767525.9378211,988,0,0,0
1550767525.9534826,988,0,0,0
1550767525.9692588,988,0,0,0
1550767525.9858878,988,0,0,0
1550767526.0025458,988,0,0,0
1550767526.0183618,988,0,0,0
1550767526.034003,988,0,0,0
1550767526.0506895,988,0,0,0
1550767526.0663517,988,0,0,0
1550767526.0819829,988,0,0,0
1550767526.0987737,988,0,0,0
1550767526.1144478,988,0,0,0
1550767526.1301591,988,0,0,0
1550767526.146794,988,0,0,0
1550767526.1634579,988,0,0,0
1550767526.1792486,988,0,0,0
1550767526.1959262,988,0,0,0
1550767526.2125938,988,0,0,0
1550767526.2284455,988,0,0,0
1550767526.24411,988,0,0,0
1550767526.2608194,988,0,0,0
1550767526.2765055,988,0,0,0
1550767526.2921772,988,0,0,0
1550767526.3089504,988,0,0,0
1550767526.3256092,988,0,0,0
1550767526.3412724,988,0,0,0
1550767526.3570087,988,0,0,0
1550767526.3737118,988,0,0,0
1550767526.3893347,988,0,0,0
1550767526.4059699,988,0,0,0
1550767526.4225798,988,0,0,0
1550767526.4384096,988,0,0,0
1550767526.4540527,988,0,0,0
1550767526.4707427,988,0,0,0
1550767526.486416,988,0,0,0
1550767526.5020595,988,0,0,0
1550767526.5188572,988,0,0,0
1550767526.5345066,988,0,0,0
1550767526.5501783,988,0,0,0
1550767526.5669537,988,0,0,0
1550767526.5836709,988,0,0,0
1550767526.599349,988,0,0,0
1550767526.6150577,988,0,0,0
1550767526.6316795,988,0,0,0
1550767526.6473916,988,0,0,0
1550767526.6630278,988,0,0,0
1550767526.6798024,988,0,0,0
1550767526.6954541,988,0,0,0
1550767526.7110882,988,0,0,0
1550767526.7277877,988,0,0,0
1550767526.7434382,988,0,0,0
1550767526.75919,988,0,0,0
1550767526.775828,988,0,0,0
1550767526.7914784,988,0,0,0
1550767526.8073146,988,0,0,0
1550767526.8239257,988,0,0,0
1550767526.8405948,988,0,0,0
1550767526.8562415,988,0,0,0
1550767526.8728578,988,0,0,0
1550767526.8885326,988,0,0,0
1550767526.9041357,988,0,0,0
1550767526.920848,988,0,0,0
1550767526.953242,990,0,0,0
1550767526.9671526,990,0,0,0
1550767526.9837818,990,0,0,0
1550767526.9994566,990,0,0,0
1550767527.0142763,990,0,0,0
1550767527.0301015,990,0,0,0
1550767527.0467563,990,0,0,0
1550767527.0624092,990,0,0,0
1550767527.0782619,990,0,0,0
1550767527.0949566,990,0,0,0
1550767527.1115825,990,0,0,0
1550767527.1273522,990,0,0,0
1550767527.1438723,990,0,0,0
1550767527.1595378,990,0,0,0
1550767527.1761749,990,0,0,0
1550767527.1928077,990,0,0,0
1550767527.2086134,990,0,0,0
1550767527.2242646,990,0,0,0
1550767527.2409396,990,0,0,0
1550767527.257631,990,0,0,0
1550767527.273292,990,0,0,0
1550767527.2890413,990,0,0,0
1550767527.3056657,990,0,0,0
1550767527.3212888,990,0,0,0
1550767527.33796,990,0,0,0
1550767527.354601,990,0,0,0
1550767527.3703141,990,0,0,0
1550767527.386046,990,0,0,0
1550767527.4026995,990,0,0,0
1550767527.4184957,990,0,0,0
1550767527.4341464,990,0,0,0
1550767527.450826,990,0,0,0
1550767527.4665015,990,0,0,0
1550767527.482138,990,0,0,0
1550767527.4988844,990,0,0,0
1550767527.51559,990,0,0,0
1550767527.531257,990,0,0,0
1550767527.5479205,990,0,0,0
1550767527.5645857,990,0,0,0
1550767527.5802588,990,0,0,0
1550767527.596032,990,0,0,0
1550767527.6127067,990,0,0,0
1550767527.6284902,990,0,0,0
1550767527.6440213,990,0,0,0
1550767527.660734,990,0,0,0
1550767527.67644,990,0,0,0
1550767527.6920886,990,0,0,0
1550767527.708891,990,0,0,0
1550767527.725525,990,0,0,0
1550767527.741147,990,0,0,0
1550767527.757803,990,0,0,0
1550767527.7734704,990,0,0,0
1550767527.7892032,990,0,0,0
1550767527.8058214,990,0,0,0
1550767527.8214288,990,0,0,0
1550767527.8370657,990,0,0,0
1550767527.8537722,990,0,0,0
1550767527.8694518,990,0,0,0
1550767527.8851204,990,0,0,0
1550767527.9017415,990,0,0,0
1550767527.917572,990,0,0,0
1550767527.9332037,990,0,0,0
1550767527.9489937,990,0,0,0
1550767527.965652,990,0,0,0
1550767527.9813113,990,0,0,0
1550767527.9970355,990,0,0,0
1550767528.0126915,990,0,0,0
1550767528.0284495,990,0,0,0
1550767528.0441067,990,0,0,0
1550767528.0608256,990,0,0,0
1550767528.0765445,990,0,0,0
1550767528.0921917,990,0,0,0
1550767528.1080117,990,0,0,0
1550767528.1246872,990,0,0,0
1550767528.140626,990,0,0,0
1550767528.1563377,990,0,0,0
1550767528.1739678,990,0,0,0
1550767528.1906297,990,0,0,0
1550767528.2062876,990,0,0,0
1550767528.2228906,990,0,0,0
1550767528.2396455,990,0,0,0
1550767528.255277,990,0,0,0
1550767528.2719026,990,0,0,0
1550767528.288651,990,0,0,0
1550767528.3042345,990,0,0,0
1550767528.3208864,990,0,0,0
1550767528.3375204,990,0,0,0
1550767528.3531635,990,0,0,0
1550767528.3693151,990,0,0,0
1550767528.3852096,990,0,0,0
1550767528.4018505,990,0,0,0
1550767528.4176555,990,0,0,0
1550767528.4332757,990,0,0,0
1550767528.466478,991,0,0,0
1550767528.480221,991,0,0,0
1550767528.4968386,991,0,0,0
1550767528.5124447,991,0,0,0
1550767528.5282714,991,0,0,0
1550767528.544961,991,0,0,0
1550767528.561574,991,0,0,0
1550767528.577333,991,0,0,0
1550767528.5939531,991,0,0,0
1550767528.6106446,991,0,0,0
1550767528.6263268,991,0,0,0
1550767528.642212,991,0,0,0
1550767528.658043,991,0,0,0
1550767528.6746953,991,0,0,0
1550767528.6904032,991,0,0,0
1550767528.7060597,991,0,0,0
1550767528.722694,991,0,0,0
1550767528.7385178,991,0,0,0
1550767528.7541099,991,0,0,0
1550767528.7707553,991,0,0,0
1550767528.7864065,991,0,0,0
1550767528.8020372,991,0,0,0
1550767528.8188434,991,0,0,0
1550767528.8344889,991,0,0,0
1550767528.8501797,991,0,0,0
1550767528.866834,991,0,0,0
1550767528.8824747,991,0,0,0
1550767528.8982852,991,0,0,0
1550767528.914993,991,0,0,0
1550767528.931634,991,0,0,0
1550767528.947446,991,0,0,0
1550767528.9631135,991,0,0,0
1550767528.9799182,991,0,0,0
1550767528.99658,991,0,0,0
1550767529.0113652,991,0,0,0
1550767529.0272717,991,0,0,0
1550767529.043952,991,0,0,0
1550767529.0606759,991,0,0,0
1550767529.0763192,991,0,0,0
1550767529.0919828,991,0,0,0
1550767529.10878,991,0,0,0
1550767529.124438,991,0,0,0
1550767529.1401887,991,0,0,0
1550767529.1560166,991,0,0,0
1550767529.1737545,991,0,0,0
1550767529.1894345,991,0,0,0
1550767529.2051177,991,0,0,0
1550767529.2218003,991,0,0,0
1550767529.2375827,991,0,0,0
1550767529.2532074,991,0,0,0
1550767529.268988,991,0,0,0
1550767529.2856734,991,0,0,0
1550767529.301315,991,0,0,0
1550767529.3170388,991,0,0,0
1550767529.3337407,991,0,0,0
1550767529.3494449,991,0,0,0
1550767529.365115,991,0,0,0
1550767529.3817563,991,0,0,0
1550767529.3975818,991,0,0,0
1550767529.4132373,991,0,0,0