All stim.
[957, 958, 959, 960, 961, 962, 963, 964]
Reward stim.
[957, 959, 961, 963]
PiReceivePC sync.
1551559139.621191
PiSendPC sync.
1551559139.6214416
time,whichstim,iftouch,ifreward,ifout
1551559139.6655204,957,0,0,0
1551559139.6791322,957,0,0,0
1551559139.6957288,957,0,0,0
1551559139.7112355,957,0,0,0
1551559139.72785,957,0,0,0
1551559139.7443562,957,0,0,0
1551559139.7599833,957,0,0,0
1551559139.7766562,957,0,0,0
1551559139.7921157,957,0,0,0
1551559139.8086624,957,0,0,0
1551559139.824238,957,0,0,0
1551559139.8407521,957,0,0,0
1551559139.8563502,957,0,0,0
1551559139.8728733,957,0,0,0
1551559139.8894174,957,0,0,0
1551559139.9049768,957,0,0,0
1551559139.9215,957,0,0,0
1551559139.9371302,957,0,0,0
1551559139.9536111,957,0,0,0
1551559139.9691298,957,0,0,0
1551559139.9857388,957,0,0,0
1551559140.0012527,957,0,0,0
1551559140.0178146,957,0,0,0
1551559140.0342772,957,0,0,0
1551559140.0507424,957,0,0,0
1551559140.066297,957,0,0,0
1551559140.0827777,957,0,0,0
1551559140.0982635,957,0,0,0
1551559140.1147492,957,0,0,0
1551559140.1301956,957,0,0,0
1551559140.1467388,957,0,0,0
1551559140.1621728,957,0,0,0
1551559140.1786656,957,0,0,0
1551559140.1942244,957,0,0,0
1551559140.2106845,957,0,0,0
1551559140.2262852,957,0,0,0
1551559140.2427628,957,0,0,0
1551559140.2582557,957,0,0,0
1551559140.2747188,957,0,0,0
1551559140.2902706,957,0,0,0
1551559140.3068135,957,0,0,0
1551559140.3232849,957,0,0,0
1551559140.339802,957,0,0,0
1551559140.3573596,957,0,0,0
1551559140.3728898,957,0,0,0
1551559140.389411,957,0,0,0
1551559140.40507,957,0,0,0
1551559140.4216661,957,0,0,0
1551559140.4371948,957,0,0,0
1551559140.4537148,957,0,0,0
1551559140.4692686,957,0,0,0
1551559140.4849117,957,0,0,0
1551559140.5014334,957,0,0,0
1551559140.5170317,957,0,0,0
1551559140.533561,957,0,0,0
1551559140.5490625,957,0,0,0
1551559140.5657463,957,0,0,0
1551559140.5812495,957,0,0,0
1551559140.5978477,957,0,0,0
1551559140.6143477,957,0,0,0
1551559140.6308541,957,0,0,0
1551559140.6474364,957,0,0,0
1551559140.6629727,957,0,0,0
1551559140.679479,957,0,0,0
1551559140.6950676,957,0,0,0
1551559140.7116451,957,0,0,0
1551559140.727163,957,0,0,0
1551559140.7436795,957,0,0,0
1551559140.7592072,957,0,0,0
1551559140.7758176,957,0,0,0
1551559140.7923346,957,0,0,0
1551559140.8088794,957,0,0,0
1551559140.8254619,957,0,0,0
1551559140.8409746,957,0,0,0
1551559140.8575869,957,0,0,0
1551559140.873048,957,0,0,0
1551559140.8895783,957,0,0,0
1551559140.9052026,957,0,0,0
1551559140.9217892,957,0,0,0
1551559140.9373481,957,0,0,0
1551559140.9538424,957,0,0,0
1551559140.970303,957,0,0,0
1551559140.9868648,957,0,0,0
1551559141.0023198,957,0,0,0
1551559141.0188117,957,0,0,0
1551559141.0354445,957,0,0,0
1551559141.0509148,957,0,0,0
1551559141.067487,957,0,0,0
1551559141.0829515,957,0,0,0
1551559141.099479,957,0,0,0
1551559141.115046,957,0,0,0
1551559141.1315353,957,0,0,0
1551559141.163664,961,0,0,0
1551559141.1773994,961,0,0,0
1551559141.1938243,961,0,0,0
1551559141.2103179,961,0,0,0
1551559141.2268353,961,0,0,0
1551559141.243332,961,0,0,0
1551559141.2598398,961,0,0,0
1551559141.2764986,961,0,0,0
1551559141.2919319,961,0,0,0
1551559141.3085294,961,0,0,0
1551559141.3241339,961,0,0,0
1551559141.3406758,961,0,0,0
1551559141.3572772,961,0,0,0
1551559141.3737886,961,0,0,0
1551559141.390467,961,0,0,0
1551559141.4060326,961,0,0,0
1551559141.4225564,961,0,0,0
1551559141.4381108,961,0,0,0
1551559141.4546435,961,0,0,0
1551559141.470163,961,0,0,0
1551559141.486854,961,0,0,0
1551559141.5034125,961,0,0,0
1551559141.5189252,961,0,0,0
1551559141.5355492,961,0,0,0
1551559141.5510879,961,0,0,0
1551559141.5677,961,0,0,0
1551559141.5832288,961,0,0,0
1551559141.5997624,961,0,0,0
1551559141.615391,961,0,0,0
1551559141.6308882,961,0,0,0
1551559141.647508,961,0,0,0
1551559141.6630452,961,0,0,0
1551559141.6795766,961,0,0,0
1551559141.6952715,961,0,0,0
1551559141.7117875,961,0,0,0
1551559141.7273345,961,0,0,0
1551559141.7438366,961,0,0,0
1551559141.7603598,961,0,0,0
1551559141.7759578,961,0,0,0
1551559141.7925675,961,0,0,0
1551559141.8081594,961,0,0,0
1551559141.824706,961,0,0,0
1551559141.8402264,961,0,0,0
1551559141.8568406,961,0,0,0
1551559141.873435,961,0,0,0
1551559141.8888936,961,0,0,0
1551559141.9055135,961,0,0,0
1551559141.920987,961,0,0,0
1551559141.9376175,961,0,0,0
1551559141.953083,961,0,0,0
1551559141.9696486,961,0,0,0
1551559141.985261,961,0,0,0
1551559142.0018167,961,0,0,0
1551559142.018368,961,0,0,0
1551559142.0339274,961,0,0,0
1551559142.0504003,961,0,0,0
1551559142.0660076,961,0,0,0
1551559142.0824764,961,0,0,0
1551559142.0979812,961,0,0,0
1551559142.1145318,961,0,0,0
1551559142.1300068,961,0,0,0
1551559142.1466186,961,0,0,0
1551559142.1620781,961,0,0,0
1551559142.1786053,961,0,0,0
1551559142.1941469,961,0,0,0
1551559142.2105992,961,0,0,0
1551559142.2261212,961,0,0,0
1551559142.242607,961,0,0,0
1551559142.258133,961,0,0,0
1551559142.2746394,961,0,0,0
1551559142.2903666,961,0,0,0
1551559142.305932,961,0,0,0
1551559142.3224022,961,0,0,0
1551559142.337921,961,0,0,0
1551559142.355402,961,0,0,0
1551559142.3718812,961,0,0,0
1551559142.3885186,961,0,0,0
1551559142.404157,961,0,0,0
1551559142.420714,961,0,0,0
1551559142.4363227,961,0,0,0
1551559142.4528728,961,0,0,0
1551559142.469422,961,0,0,0
1551559142.485092,961,0,0,0
1551559142.5016894,961,0,0,0
1551559142.517206,961,0,0,0
1551559142.5337172,961,0,0,0
1551559142.54926,961,0,0,0
1551559142.5649197,961,0,0,0
1551559142.581427,961,0,0,0
1551559142.597033,961,0,0,0
1551559142.6135383,961,0,0,0
1551559142.6290653,961,0,0,0
1551559142.6457086,961,0,0,0
1551559142.675973,957,0,0,0
1551559142.6896005,957,0,0,0
1551559142.705382,957,0,0,0
1551559142.7209244,957,0,0,0
1551559142.7375615,957,0,0,0
1551559142.7530465,957,0,0,0
1551559142.7695932,957,0,0,0
1551559142.785147,957,0,0,0
1551559142.801728,957,0,0,0
1551559142.8172576,957,0,0,0
1551559142.8337872,957,0,0,0
1551559142.8502977,957,0,0,0
1551559142.866864,957,0,0,0
1551559142.8833642,957,0,0,0
1551559142.8998606,957,0,0,0
1551559142.9165163,957,0,0,0
1551559142.93204,957,0,0,0
1551559142.948648,957,0,0,0
1551559142.964321,957,0,0,0
1551559142.9808478,957,0,0,0
1551559142.9974644,957,0,0,0
1551559143.0120945,957,0,0,0
1551559143.028809,957,0,0,0
1551559143.045466,957,0,0,0
1551559143.0609813,957,0,0,0
1551559143.0775871,957,0,0,0
1551559143.0930872,957,0,0,0
1551559143.1096127,957,0,0,0
1551559143.1252413,957,0,0,0
1551559143.1417863,957,0,0,0
1551559143.1573691,957,0,0,0
1551559143.1728942,957,0,0,0
1551559143.1894333,957,0,0,0
1551559143.2050743,957,0,0,0
1551559143.221691,957,0,0,0
1551559143.2372491,957,0,0,0
1551559143.2537758,957,0,0,0
1551559143.2692792,957,0,0,0
1551559143.2849355,957,0,0,0
1551559143.3014648,957,0,0,0
1551559143.3170602,957,0,0,0
1551559143.3335993,957,0,0,0
1551559143.3501067,957,0,0,0
1551559143.366772,957,0,0,0
1551559143.3822927,957,0,0,0
1551559143.3981783,957,0,0,0
1551559143.4147258,957,0,0,0
1551559143.4302542,957,0,0,0
1551559143.446862,957,0,0,0
1551559143.4633827,957,0,0,0
1551559143.4789326,957,0,0,0
1551559143.4956067,957,0,0,0
1551559143.5111215,957,0,0,0
1551559143.5277247,957,0,0,0
1551559143.5432904,957,0,0,0
1551559143.5597036,957,0,0,0
1551559143.575316,957,0,0,0
1551559143.591859,957,0,0,0
1551559143.60843,957,0,0,0
1551559143.624028,957,0,0,0
1551559143.6405518,957,0,0,0
1551559143.6561587,957,0,0,0
1551559143.672686,957,0,0,0
1551559143.6882894,957,0,0,0
1551559143.7048,957,0,0,0
1551559143.7214017,957,0,0,0
1551559143.736994,957,0,0,0
1551559143.7535477,957,0,0,0
1551559143.7690198,957,0,0,0
1551559143.7856414,957,0,0,0
1551559143.8011494,957,0,0,0
1551559143.817761,957,0,0,0
1551559143.8332434,957,0,0,0
1551559143.8497703,957,0,0,0
1551559143.8653936,957,0,0,0
1551559143.881882,957,0,0,0
1551559143.898416,957,0,0,0
1551559143.913958,957,0,0,0
1551559143.9304438,957,0,0,0
1551559143.9459918,957,0,0,0
1551559143.9624867,957,0,0,0
1551559143.977999,957,0,0,0
1551559143.994497,957,0,0,0
1551559144.0090895,957,0,0,0
1551559144.0258007,957,0,0,0
1551559144.0422587,957,0,0,0
1551559144.0587437,957,0,0,0
1551559144.074295,957,0,0,0
1551559144.0907927,957,0,0,0
1551559144.1073916,957,0,0,0
1551559144.123885,957,0,0,0
1551559144.1403778,957,0,0,0
1551559144.1559744,957,0,0,0
1551559144.1878004,957,0,0,0
1551559144.2018886,957,0,0,0
1551559144.2184043,957,0,0,0
1551559144.233964,957,0,0,0
1551559144.2504416,957,0,0,0
1551559144.2659738,957,0,0,0
1551559144.2824364,957,0,0,0
1551559144.2988467,957,0,0,0
1551559144.3153775,957,0,0,0
1551559144.3318393,957,0,0,0
1551559144.3493555,957,0,0,0
1551559144.3649323,957,0,0,0
1551559144.381444,957,0,0,0
1551559144.397058,957,0,0,0
1551559144.4135818,957,0,0,0
1551559144.4290745,957,0,0,0
1551559144.4457011,957,0,0,0
1551559144.4612129,957,0,0,0
1551559144.4778306,957,0,0,0
1551559144.4943376,957,0,0,0
1551559144.5108476,957,0,0,0
1551559144.527458,957,0,0,0
1551559144.5429611,957,0,0,0
1551559144.5594943,957,0,0,0
1551559144.575091,957,0,0,0
1551559144.59165,957,0,0,0
1551559144.607171,957,0,0,0
1551559144.6236944,957,0,0,0
1551559144.6392045,957,0,0,0
1551559144.6558936,957,0,0,0
1551559144.6726263,957,0,0,0
1551559144.688172,957,0,0,0
1551559144.7046814,957,0,0,0
1551559144.7202032,957,0,0,0
1551559144.7368667,957,0,0,0
1551559144.753424,957,0,0,0
1551559144.768887,957,0,0,0
1551559144.7855067,957,0,0,0
1551559144.8009331,957,0,0,0
1551559144.8175383,957,0,0,0
1551559144.8330355,957,0,0,0
1551559144.8496084,957,0,0,0
1551559144.8651679,957,0,0,0
1551559144.8817537,957,0,0,0
1551559144.897267,957,0,0,0
1551559144.9137344,957,0,0,0
1551559144.9292402,957,0,0,0
1551559144.9457989,957,0,0,0
1551559144.9622846,957,0,0,0
1551559144.9787729,957,0,0,0
1551559144.994312,957,0,0,0
1551559145.0097759,957,0,0,0
1551559152.4035454,957,1,1,0
1551559152.4259958,964,1,1,0
1551559152.439744,964,0,0,0
1551559152.455392,964,0,0,0
1551559152.4709907,964,0,0,0
1551559152.4875977,964,0,0,0
1551559152.503111,964,0,0,0
1551559152.5196497,964,0,0,0
1551559152.5352738,964,0,0,0
1551559152.551808,964,0,0,0
1551559152.5683467,964,0,0,0
1551559152.5839293,964,0,0,0
1551559152.6004403,964,0,0,0
1551559152.6160147,964,0,0,0
1551559152.632535,964,0,0,0
1551559152.6481137,964,0,0,0
1551559152.664621,964,0,0,0
1551559152.6801438,964,0,0,0
1551559152.6968424,964,0,0,0
1551559152.71339,964,0,0,0
1551559152.7288918,964,0,0,0
1551559152.745549,964,0,0,0
1551559152.7609916,964,0,0,0
1551559152.777596,964,0,0,0
1551559152.793037,964,0,0,0
1551559152.8097856,964,0,0,0
1551559152.8263476,964,0,0,0
1551559152.8428695,964,0,0,0
1551559152.859318,964,0,0,0
1551559152.8758368,964,0,0,0
1551559152.8923101,964,0,0,0
1551559152.9088588,964,0,0,0
1551559152.9254477,964,0,0,0
1551559152.9409325,964,0,0,0
1551559152.9575515,964,0,0,0
1551559152.9730728,964,0,0,0
1551559152.9896138,964,0,0,0
1551559153.0043466,964,0,0,0
1551559153.0199625,964,0,0,0
1551559153.0365226,964,0,0,0
1551559153.0520434,964,0,0,0
1551559153.0685198,964,0,0,0
1551559153.084117,964,0,0,0
1551559153.100566,964,0,0,0
1551559153.116125,964,0,0,0
1551559153.132669,964,0,0,0
1551559153.148205,964,0,0,0
1551559153.1647146,964,0,0,0
1551559153.1802065,964,0,0,0
1551559153.1968493,964,0,0,0
1551559153.2133563,964,0,0,0
1551559153.2298622,964,0,0,0
1551559153.2464628,964,0,0,0
1551559153.2619753,964,0,0,0
1551559153.2785282,964,0,0,0
1551559153.294185,964,0,0,0
1551559153.3099554,964,0,0,0
1551559153.3265638,964,0,0,0
1551559153.342061,964,0,0,0
1551559153.3595858,964,0,0,0
1551559153.3752139,964,0,0,0
1551559153.3917987,964,0,0,0
1551559153.4073582,964,0,0,0
1551559153.4238617,964,0,0,0
1551559153.4403744,964,0,0,0
1551559153.4559376,964,0,0,0
1551559153.4725108,964,0,0,0
1551559153.4880931,964,0,0,0
1551559153.5046015,964,0,0,0
1551559153.520129,964,0,0,0
1551559153.5368307,964,0,0,0
1551559153.5533686,964,0,0,0
1551559153.569868,964,0,0,0
1551559153.5864732,964,0,0,0
1551559153.6019447,964,0,0,0
1551559153.6183999,964,0,0,0
1551559153.6348267,964,0,0,0
1551559153.6512473,964,0,0,0
1551559153.6677387,964,0,0,0
1551559153.6831777,964,0,0,0
1551559153.699674,964,0,0,0
1551559153.715211,964,0,0,0
1551559153.7317724,964,0,0,0
1551559153.7472458,964,0,0,0
1551559153.7637136,964,0,0,0
1551559153.7791526,964,0,0,0
1551559153.7957685,964,0,0,0
1551559153.8112864,964,0,0,0
1551559153.827869,964,0,0,0
1551559153.8443365,964,0,0,0
1551559153.8608615,964,0,0,0
1551559153.8776336,964,0,0,0
1551559153.8931477,964,0,0,0
1551559153.9242465,957,0,0,0
1551559153.9378676,957,0,0,0
1551559153.9543624,957,0,0,0
1551559153.9708247,957,0,0,0
1551559153.9873822,957,0,0,0
1551559154.0022027,957,0,0,0
1551559154.0179093,957,0,0,0
1551559154.0343559,957,0,0,0
1551559154.0507936,957,0,0,0
1551559154.067233,957,0,0,0
1551559154.0836747,957,0,0,0
1551559154.0991218,957,0,0,0
1551559154.1156604,957,0,0,0
1551559154.1311426,957,0,0,0
1551559154.1477025,957,0,0,0
1551559154.163177,957,0,0,0
1551559154.179662,957,0,0,0
1551559154.1952958,957,0,0,0
1551559154.211785,957,0,0,0
1551559154.2273395,957,0,0,0
1551559154.2438264,957,0,0,0
1551559154.2602978,957,0,0,0
1551559154.275923,957,0,0,0
1551559154.2924075,957,0,0,0
1551559154.3079531,957,0,0,0
1551559154.3244638,957,0,0,0
1551559154.3399496,957,0,0,0
1551559154.3574839,957,0,0,0
1551559154.372985,957,0,0,0
1551559154.3895159,957,0,0,0
1551559154.4050891,957,0,0,0
1551559154.4216638,957,0,0,0
1551559154.4371774,957,0,0,0
1551559154.453687,957,0,0,0
1551559154.46918,957,0,0,0
1551559154.4858031,957,0,0,0
1551559154.5022757,957,0,0,0
1551559154.5188246,957,0,0,0
1551559154.535475,957,0,0,0
1551559154.550961,957,0,0,0
1551559154.5674996,957,0,0,0
1551559154.582985,957,0,0,0
1551559154.5995154,957,0,0,0
1551559154.6151855,957,0,0,0
1551559154.6317656,957,0,0,0
1551559154.6473136,957,0,0,0
1551559154.6638317,957,0,0,0
1551559154.680336,957,0,0,0
1551559154.695923,957,0,0,0
1551559154.7124398,957,0,0,0
1551559154.7279773,957,0,0,0
1551559154.7444894,957,0,0,0
1551559154.7599988,957,0,0,0
1551559154.7766597,957,0,0,0
1551559154.7921941,957,0,0,0
1551559154.8087554,957,0,0,0
1551559154.8244312,957,0,0,0
1551559154.8399816,957,0,0,0
1551559154.8566222,957,0,0,0
1551559154.8721256,957,0,0,0
1551559154.8886867,957,0,0,0
1551559154.9042838,957,0,0,0
1551559154.9208167,957,0,0,0
1551559154.9374197,957,0,0,0
1551559154.9528873,957,0,0,0
1551559154.969534,957,0,0,0
1551559154.9850702,957,0,0,0
1551559155.0016894,957,0,0,0
1551559155.017131,957,0,0,0
1551559155.0336487,957,0,0,0
1551559155.0490892,957,0,0,0
1551559155.0656943,957,0,0,0
1551559155.0811508,957,0,0,0
1551559155.0977433,957,0,0,0
1551559155.1131983,957,0,0,0
1551559155.1297302,957,0,0,0
1551559155.1452765,957,0,0,0
1551559155.1617968,957,0,0,0
1551559155.1782796,957,0,0,0
1551559155.1947238,957,0,0,0
1551559155.210183,957,0,0,0
1551559155.22674,957,0,0,0
1551559155.2422063,957,0,0,0
1551559155.2587073,957,0,0,0
1551559155.2742639,957,0,0,0
1551559155.2907295,957,0,0,0
1551559155.3062408,957,0,0,0
1551559155.3226957,957,0,0,0
1551559155.3381708,957,0,0,0
1551559155.3556151,957,0,0,0
1551559155.371077,957,0,0,0
1551559155.3876758,957,0,0,0
1551559155.40314,957,0,0,0
1551559155.4374502,963,0,0,0
1551559155.4510386,963,0,0,0
1551559155.46756,963,0,0,0
1551559155.4830093,963,0,0,0
1551559155.499471,963,0,0,0
1551559155.514981,963,0,0,0
1551559155.53146,963,0,0,0
1551559155.5470219,963,0,0,0
1551559155.563663,963,0,0,0
1551559155.5791404,963,0,0,0
1551559155.5956545,963,0,0,0
1551559155.6110907,963,0,0,0
1551559155.6276574,963,0,0,0
1551559155.643147,963,0,0,0
1551559155.6596322,963,0,0,0
1551559155.675185,963,0,0,0
1551559155.6916945,963,0,0,0
1551559155.7071767,963,0,0,0
1551559155.7236602,963,0,0,0
1551559155.7391121,963,0,0,0
1551559155.755667,963,0,0,0
1551559155.771158,963,0,0,0
1551559155.7877731,963,0,0,0
1551559155.8032653,963,0,0,0
1551559155.8196683,963,0,0,0
1551559155.835231,963,0,0,0
1551559155.851755,963,0,0,0
1551559155.8672333,963,0,0,0
1551559155.883668,963,0,0,0
1551559155.8991,963,0,0,0
1551559155.9156344,963,0,0,0
1551559155.931118,963,0,0,0
1551559155.947859,963,0,0,0
1551559155.9643362,963,0,0,0
1551559155.9808574,963,0,0,0
1551559155.9976497,963,0,0,0
1551559156.0122402,963,0,0,0
1551559156.0279868,963,0,0,0
1551559156.0444474,963,0,0,0
1551559156.0599332,963,0,0,0
1551559156.0764687,963,0,0,0
1551559156.0919867,963,0,0,0
1551559156.1085153,963,0,0,0
1551559156.124113,963,0,0,0
1551559156.1405582,963,0,0,0
1551559156.1561348,963,0,0,0
1551559156.17261,963,0,0,0
1551559156.1881516,963,0,0,0
1551559156.2046108,963,0,0,0
1551559156.2204802,963,0,0,0
1551559156.2360473,963,0,0,0
1551559156.2525342,963,0,0,0
1551559156.2680888,963,0,0,0
1551559156.2845783,963,0,0,0
1551559156.300085,963,0,0,0
1551559156.316558,963,0,0,0
1551559156.3320804,963,0,0,0
1551559156.3495684,963,0,0,0
1551559156.3651705,963,0,0,0
1551559156.3817186,963,0,0,0
1551559156.3972132,963,0,0,0
1551559156.4137266,963,0,0,0
1551559156.4292364,963,0,0,0
1551559156.4458277,963,0,0,0
1551559156.4623115,963,0,0,0
1551559156.478858,963,0,0,0
1551559156.495522,963,0,0,0
1551559156.5114875,963,0,0,0
1551559156.5270643,963,0,0,0
1551559156.5436437,963,0,0,0
1551559156.5591438,963,0,0,0
1551559156.575808,963,0,0,0
1551559156.5923028,963,0,0,0
1551559156.6078968,963,0,0,0
1551559156.624386,963,0,0,0
1551559156.6398985,963,0,0,0
1551559156.6565418,963,0,0,0
1551559156.672079,963,0,0,0
1551559156.6886508,963,0,0,0
1551559156.7042437,963,0,0,0
1551559156.7207396,963,0,0,0
1551559156.7363172,963,0,0,0
1551559156.7528303,963,0,0,0
1551559156.7693946,963,0,0,0
1551559156.784954,963,0,0,0
1551559156.8015335,963,0,0,0
1551559156.8170927,963,0,0,0
1551559156.8336864,963,0,0,0
1551559156.8491387,963,0,0,0
1551559156.865708,963,0,0,0
1551559156.8811133,963,0,0,0
1551559156.8977094,963,0,0,0
1551559156.913155,963,0,0,0
1551559156.9477983,958,0,0,0
1551559156.9613233,958,0,0,0
1551559156.9770608,958,0,0,0
1551559156.993687,958,0,0,0
1551559157.008265,958,0,0,0
1551559157.023934,958,0,0,0
1551559157.040451,958,0,0,0
1551559157.0560422,958,0,0,0
1551559157.0725586,958,0,0,0
1551559157.0881,958,0,0,0
1551559157.1046176,958,0,0,0
1551559157.1201258,958,0,0,0
1551559157.136861,958,0,0,0
1551559157.1534204,958,0,0,0
1551559157.1689093,958,0,0,0
1551559157.1855488,958,0,0,0
1551559157.201,958,0,0,0
1551559157.2176363,958,0,0,0
1551559157.2330768,958,0,0,0
1551559157.2496374,958,0,0,0
1551559157.2651913,958,0,0,0
1551559157.2817311,958,0,0,0
1551559157.2971718,958,0,0,0
1551559157.3137195,958,0,0,0
1551559157.3292077,958,0,0,0
1551559157.3457801,958,0,0,0
1551559157.3612275,958,0,0,0
1551559157.3778045,958,0,0,0
1551559157.3942664,958,0,0,0
1551559157.410726,958,0,0,0
1551559157.4262412,958,0,0,0
1551559157.4427533,958,0,0,0
1551559157.4582746,958,0,0,0
1551559157.4747603,958,0,0,0
1551559157.4902155,958,0,0,0
1551559157.5067413,958,0,0,0
1551559157.5221949,958,0,0,0
1551559157.5386677,958,0,0,0
1551559157.5542169,958,0,0,0
1551559157.5707011,958,0,0,0
1551559157.5862176,958,0,0,0
1551559157.6026733,958,0,0,0
1551559157.6181788,958,0,0,0
1551559157.6346552,958,0,0,0
1551559157.6501224,958,0,0,0
1551559157.6666741,958,0,0,0
1551559157.6821423,958,0,0,0
1551559157.6986175,958,0,0,0
1551559157.7141354,958,0,0,0
1551559157.730577,958,0,0,0
1551559157.746079,958,0,0,0
1551559157.7625268,958,0,0,0
1551559157.7780268,958,0,0,0
1551559157.794538,958,0,0,0
1551559157.8099957,958,0,0,0
1551559157.8264961,958,0,0,0
1551559157.841937,958,0,0,0
1551559157.858439,958,0,0,0
1551559157.8739483,958,0,0,0
1551559157.8904169,958,0,0,0
1551559157.9059672,958,0,0,0
1551559157.9224136,958,0,0,0
1551559157.937889,958,0,0,0
1551559157.9543583,958,0,0,0
1551559157.9708471,958,0,0,0
1551559157.9873965,958,0,0,0
1551559158.0028586,958,0,0,0
1551559158.0193675,958,0,0,0
1551559158.035073,958,0,0,0
1551559158.0515256,958,0,0,0
1551559158.067087,958,0,0,0
1551559158.0835738,958,0,0,0
1551559158.0990481,958,0,0,0
1551559158.115023,958,0,0,0
1551559158.1314714,958,0,0,0
1551559158.147009,958,0,0,0
1551559158.1634634,958,0,0,0
1551559158.1789298,958,0,0,0
1551559158.1954932,958,0,0,0
1551559158.2109663,958,0,0,0
1551559158.2275279,958,0,0,0
1551559158.2430155,958,0,0,0
1551559158.2594972,958,0,0,0
1551559158.2750564,958,0,0,0
1551559158.2915328,958,0,0,0
1551559158.3071046,958,0,0,0
1551559158.3235302,958,0,0,0
1551559158.3389993,958,0,0,0
1551559158.3565342,958,0,0,0
1551559158.3720205,958,0,0,0
1551559158.388534,958,0,0,0
1551559158.4041202,958,0,0,0
1551559158.4205894,958,0,0,0
1551559158.4506464,957,0,0,0
1551559158.464268,957,0,0,0
1551559158.480772,957,0,0,0
1551559158.4963496,957,0,0,0
1551559158.512833,957,0,0,0
1551559158.5294373,957,0,0,0
1551559158.545018,957,0,0,0
1551559158.5616443,957,0,0,0
1551559158.5771213,957,0,0,0
1551559158.593658,957,0,0,0
1551559158.609107,957,0,0,0
1551559158.6257257,957,0,0,0
1551559158.6411905,957,0,0,0
1551559158.657799,957,0,0,0
1551559158.6742668,957,0,0,0
1551559158.690751,957,0,0,0
1551559158.706276,957,0,0,0
1551559158.7227373,957,0,0,0
1551559158.738195,957,0,0,0
1551559158.7546542,957,0,0,0
1551559158.770118,957,0,0,0
1551559158.7866504,957,0,0,0
1551559158.8021078,957,0,0,0
1551559158.8187387,957,0,0,0
1551559158.834376,957,0,0,0
1551559158.8508146,957,0,0,0
1551559158.8675904,957,0,0,0
1551559158.8830636,957,0,0,0
1551559158.8995907,957,0,0,0
1551559158.9151895,957,0,0,0
1551559158.9317434,957,0,0,0
1551559158.9472218,957,0,0,0
1551559158.9637063,957,0,0,0
1551559158.9790998,957,0,0,0
1551559158.9956484,957,0,0,0
1551559159.0101972,957,0,0,0
1551559159.0268526,957,0,0,0
1551559159.0433145,957,0,0,0
1551559159.0597682,957,0,0,0
1551559159.0753226,957,0,0,0
1551559159.0918052,957,0,0,0
1551559159.1083121,957,0,0,0
1551559159.1239767,957,0,0,0
1551559159.140439,957,0,0,0
1551559159.1560202,957,0,0,0
1551559159.172499,957,0,0,0
1551559159.188022,957,0,0,0
1551559159.2044988,957,0,0,0
1551559159.2199636,957,0,0,0
1551559159.236537,957,0,0,0
1551559159.2520564,957,0,0,0
1551559159.268594,957,0,0,0
1551559159.2841833,957,0,0,0
1551559159.3007147,957,0,0,0
1551559159.3162618,957,0,0,0
1551559159.3328528,957,0,0,0
1551559159.3503733,957,0,0,0
1551559159.3659506,957,0,0,0
1551559159.3824391,957,0,0,0
1551559159.3979619,957,0,0,0
1551559159.4144547,957,0,0,0
1551559159.4299455,957,0,0,0
1551559159.4465964,957,0,0,0
1551559166.2579434,957,1,1,0
1551559166.2732544,962,1,1,0
1551559166.2869763,962,0,0,0
1551559166.3034124,962,0,0,0
1551559166.3189456,962,0,0,0
1551559166.3356228,962,0,0,0
1551559166.35233,962,0,0,0
1551559166.3679032,962,0,0,0
1551559166.3844264,962,0,0,0
1551559166.3999414,962,0,0,0
1551559166.4166515,962,0,0,0
1551559166.432172,962,0,0,0
1551559166.448754,962,0,0,0
1551559166.464337,962,0,0,0
1551559166.4808576,962,0,0,0
1551559166.4974668,962,0,0,0
1551559166.5129251,962,0,0,0
1551559166.529511,962,0,0,0
1551559166.5450642,962,0,0,0
1551559166.561713,962,0,0,0
1551559166.577173,962,0,0,0
1551559166.593706,962,0,0,0
1551559166.6091805,962,0,0,0
1551559166.6257799,962,0,0,0
1551559166.6412544,962,0,0,0
1551559166.6578116,962,0,0,0
1551559166.674256,962,0,0,0
1551559166.6906822,962,0,0,0
1551559166.706245,962,0,0,0
1551559166.722686,962,0,0,0
1551559166.738166,962,0,0,0
1551559166.7546263,962,0,0,0
1551559166.7701018,962,0,0,0
1551559166.786649,962,0,0,0
1551559166.8020954,962,0,0,0
1551559166.8186035,962,0,0,0
1551559166.8342664,962,0,0,0
1551559166.8507755,962,0,0,0
1551559166.86631,962,0,0,0
1551559166.8827279,962,0,0,0
1551559166.8982296,962,0,0,0
1551559166.9146926,962,0,0,0
1551559166.9301696,962,0,0,0
1551559166.9466927,962,0,0,0
1551559166.9621518,962,0,0,0
1551559166.9786403,962,0,0,0
1551559166.9941852,962,0,0,0
1551559167.0096939,962,0,0,0
1551559167.0252147,962,0,0,0
1551559167.0418212,962,0,0,0
1551559167.058314,962,0,0,0
1551559167.0747592,962,0,0,0
1551559167.0902026,962,0,0,0
1551559167.1067057,962,0,0,0
1551559167.1221418,962,0,0,0
1551559167.138656,962,0,0,0
1551559167.1542099,962,0,0,0
1551559167.170686,962,0,0,0
1551559167.1861956,962,0,0,0
1551559167.202652,962,0,0,0
1551559167.2181437,962,0,0,0
1551559167.2345965,962,0,0,0
1551559167.2500653,962,0,0,0
1551559167.2665744,962,0,0,0
1551559167.2820296,962,0,0,0
1551559167.2985177,962,0,0,0
1551559167.3139842,962,0,0,0
1551559167.3304384,962,0,0,0
1551559167.346994,962,0,0,0
1551559167.363415,962,0,0,0
1551559167.3788974,962,0,0,0
1551559167.3954515,962,0,0,0
1551559167.4109356,962,0,0,0
1551559167.4274683,962,0,0,0
1551559167.442931,962,0,0,0
1551559167.4593952,962,0,0,0
1551559167.4749527,962,0,0,0
1551559167.4914432,962,0,0,0
1551559167.5069935,962,0,0,0
1551559167.5234244,962,0,0,0
1551559167.5398753,962,0,0,0
1551559167.556386,962,0,0,0
1551559167.5728142,962,0,0,0
1551559167.5893223,962,0,0,0
1551559167.6058373,962,0,0,0
1551559167.6222937,962,0,0,0
1551559167.6381958,962,0,0,0
1551559167.654712,962,0,0,0
1551559167.6702244,962,0,0,0
1551559167.686804,962,0,0,0
1551559167.7033095,962,0,0,0
1551559167.719843,962,0,0,0
1551559167.7365067,962,0,0,0
1551559167.7520142,962,0,0,0
1551559167.7880359,964,0,0,0
1551559167.801738,964,0,0,0
1551559167.8173106,964,0,0,0
1551559167.8329606,964,0,0,0
1551559167.8495967,964,0,0,0
1551559167.8651085,964,0,0,0
1551559167.8817284,964,0,0,0
1551559167.8971872,964,0,0,0
1551559167.9137366,964,0,0,0
1551559167.9292147,964,0,0,0
1551559167.945808,964,0,0,0
1551559167.9622624,964,0,0,0
1551559167.9787502,964,0,0,0
1551559167.994312,964,0,0,0
1551559168.0097804,964,0,0,0
1551559168.0253146,964,0,0,0
1551559168.0418234,964,0,0,0
1551559168.0583496,964,0,0,0
1551559168.0748162,964,0,0,0
1551559168.0912755,964,0,0,0
1551559168.1078098,964,0,0,0
1551559168.1242728,964,0,0,0
1551559168.140811,964,0,0,0
1551559168.1573813,964,0,0,0
1551559168.1729069,964,0,0,0
1551559168.1894236,964,0,0,0
1551559168.2049994,964,0,0,0
1551559168.221464,964,0,0,0
1551559168.237062,964,0,0,0
1551559168.2535949,964,0,0,0
1551559168.2690902,964,0,0,0
1551559168.2856834,964,0,0,0
1551559168.3011851,964,0,0,0
1551559168.3177638,964,0,0,0
1551559168.333255,964,0,0,0
1551559168.350803,964,0,0,0
1551559168.3673651,964,0,0,0
1551559168.3838694,964,0,0,0
1551559168.4003608,964,0,0,0
1551559168.4159682,964,0,0,0
1551559168.432647,964,0,0,0
1551559168.4481845,964,0,0,0
1551559168.4647007,964,0,0,0
1551559168.4802053,964,0,0,0
1551559168.4968786,964,0,0,0
1551559168.5133893,964,0,0,0
1551559168.528928,964,0,0,0
1551559168.5455832,964,0,0,0
1551559168.5610483,964,0,0,0
1551559168.5777028,964,0,0,0
1551559168.5931544,964,0,0,0
1551559168.6097162,964,0,0,0
1551559168.6252544,964,0,0,0
1551559168.641807,964,0,0,0
1551559168.6582966,964,0,0,0
1551559168.674767,964,0,0,0
1551559168.6902146,964,0,0,0
1551559168.7067237,964,0,0,0
1551559168.722167,964,0,0,0
1551559168.738624,964,0,0,0
1551559168.7541463,964,0,0,0
1551559168.7706347,964,0,0,0
1551559168.786162,964,0,0,0
1551559168.8026302,964,0,0,0
1551559168.818141,964,0,0,0
1551559168.834639,964,0,0,0
1551559168.8501427,964,0,0,0
1551559168.866686,964,0,0,0
1551559168.8821218,964,0,0,0
1551559168.8986235,964,0,0,0
1551559168.9141722,964,0,0,0
1551559168.930626,964,0,0,0
1551559168.946149,964,0,0,0
1551559168.962603,964,0,0,0
1551559168.9781005,964,0,0,0
1551559168.9945729,964,0,0,0
1551559169.009132,964,0,0,0
1551559169.025832,964,0,0,0
1551559169.0423179,964,0,0,0
1551559169.058801,964,0,0,0
1551559169.075294,964,0,0,0
1551559169.0918202,964,0,0,0
1551559169.1083245,964,0,0,0
1551559169.1248279,964,0,0,0
1551559169.141308,964,0,0,0
1551559169.1568956,964,0,0,0
1551559169.1734009,964,0,0,0
1551559169.1889148,964,0,0,0
1551559169.2054522,964,0,0,0
1551559169.2209263,964,0,0,0
1551559169.2374752,964,0,0,0
1551559169.2529917,964,0,0,0
1551559169.2831438,962,0,0,0
1551559169.296688,962,0,0,0
1551559169.3122962,962,0,0,0
1551559169.3279996,962,0,0,0
1551559169.3444276,962,0,0,0
1551559169.3599355,962,0,0,0
1551559169.3765435,962,0,0,0
1551559169.3920534,962,0,0,0
1551559169.4085977,962,0,0,0
1551559169.424195,962,0,0,0
1551559169.440702,962,0,0,0
1551559169.4562805,962,0,0,0
1551559169.4727876,962,0,0,0
1551559169.489339,962,0,0,0
1551559169.5049431,962,0,0,0
1551559169.5214777,962,0,0,0
1551559169.5370004,962,0,0,0
1551559169.5535681,962,0,0,0
1551559169.5690324,962,0,0,0
1551559169.5856614,962,0,0,0
1551559169.601112,962,0,0,0
1551559169.6177044,962,0,0,0
1551559169.6331522,962,0,0,0
1551559169.6497068,962,0,0,0
1551559169.6652298,962,0,0,0
1551559169.6818202,962,0,0,0
1551559169.6972883,962,0,0,0
1551559169.7138104,962,0,0,0
1551559169.73028,962,0,0,0
1551559169.7468028,962,0,0,0
1551559169.76325,962,0,0,0
1551559169.7797143,962,0,0,0
1551559169.795329,962,0,0,0
1551559169.8118188,962,0,0,0
1551559169.8283412,962,0,0,0
1551559169.8448071,962,0,0,0
1551559169.8613942,962,0,0,0
1551559169.87697,962,0,0,0
1551559169.8934734,962,0,0,0
1551559169.9089835,962,0,0,0
1551559169.925568,962,0,0,0
1551559169.9410632,962,0,0,0
1551559169.9576561,962,0,0,0
1551559169.9731526,962,0,0,0
1551559169.9896705,962,0,0,0
1551559170.0043705,962,0,0,0
1551559170.0200112,962,0,0,0
1551559170.0365539,962,0,0,0
1551559170.0520535,962,0,0,0
1551559170.0685642,962,0,0,0
1551559170.0841653,962,0,0,0
1551559170.1006794,962,0,0,0
1551559170.1162395,962,0,0,0
1551559170.1327767,962,0,0,0
1551559170.1482966,962,0,0,0
1551559170.1649358,962,0,0,0
1551559170.1814291,962,0,0,0
1551559170.1970406,962,0,0,0
1551559170.213539,962,0,0,0
1551559170.2290733,962,0,0,0
1551559170.245685,962,0,0,0
1551559170.2611742,962,0,0,0
1551559170.2778203,962,0,0,0
1551559170.2943265,962,0,0,0
1551559170.310835,962,0,0,0
1551559170.3274438,962,0,0,0
1551559170.3438685,962,0,0,0
1551559170.360387,962,0,0,0
1551559170.3760011,962,0,0,0
1551559170.3925097,962,0,0,0
1551559170.408095,962,0,0,0
1551559170.4246001,962,0,0,0
1551559170.4401212,962,0,0,0
1551559170.4567292,962,0,0,0
1551559170.4722555,962,0,0,0
1551559170.488831,962,0,0,0
1551559170.5056946,962,0,0,0
1551559170.521143,962,0,0,0
1551559170.53777,962,0,0,0
1551559170.5532072,962,0,0,0
1551559170.5689633,962,0,0,0
1551559170.5855887,962,0,0,0
1551559170.601054,962,0,0,0
1551559170.6177008,962,0,0,0
1551559170.6331296,962,0,0,0
1551559170.6497047,962,0,0,0
1551559170.665258,962,0,0,0
1551559170.6818137,962,0,0,0
1551559170.6983285,962,0,0,0
1551559170.714776,962,0,0,0
1551559170.7302523,962,0,0,0
1551559170.746802,962,0,0,0
1551559170.763256,962,0,0,0
1551559170.794333,957,0,0,0
1551559170.807879,957,0,0,0
1551559170.82445,957,0,0,0
1551559170.8402212,957,0,0,0
1551559170.8558865,957,0,0,0
1551559170.8723934,957,0,0,0
1551559170.8879573,957,0,0,0
1551559170.904439,957,0,0,0
1551559170.9199264,957,0,0,0
1551559170.9365199,957,0,0,0
1551559170.9520407,957,0,0,0
1551559170.9686282,957,0,0,0
1551559170.9842446,957,0,0,0
1551559171.0007699,957,0,0,0
1551559171.0163226,957,0,0,0
1551559171.0328293,957,0,0,0
1551559171.0493612,957,0,0,0
1551559171.0649588,957,0,0,0
1551559171.0815215,957,0,0,0
1551559171.0970643,957,0,0,0
1551559171.1136472,957,0,0,0
1551559171.1291406,957,0,0,0
1551559171.1457627,957,0,0,0
1551559171.1612537,957,0,0,0
1551559171.1778526,957,0,0,0
1551559171.194321,957,0,0,0
1551559171.2107825,957,0,0,0
1551559171.2263052,957,0,0,0
1551559171.2427652,957,0,0,0
1551559171.2582347,957,0,0,0
1551559171.2747054,957,0,0,0
1551559171.2902198,957,0,0,0
1551559171.30677,957,0,0,0
1551559171.3222322,957,0,0,0
1551559171.3387258,957,0,0,0
1551559171.3552933,957,0,0,0
1551559171.3717828,957,0,0,0
1551559171.3873076,957,0,0,0
1551559171.4037433,957,0,0,0
1551559171.4191968,957,0,0,0
1551559171.4357595,957,0,0,0
1551559171.4512422,957,0,0,0
1551559171.4678078,957,0,0,0
1551559171.4842894,957,0,0,0
1551559171.500833,957,0,0,0
1551559171.5174093,957,0,0,0
1551559171.532917,957,0,0,0
1551559171.5495284,957,0,0,0
1551559171.565095,957,0,0,0
1551559171.5816724,957,0,0,0
1551559171.5975926,957,0,0,0
1551559171.6131067,957,0,0,0
1551559171.6296284,957,0,0,0
1551559171.6452043,957,0,0,0
1551559171.661778,957,0,0,0
1551559171.677308,957,0,0,0
1551559171.6938214,957,0,0,0
1551559171.71031,957,0,0,0
1551559171.7258942,957,0,0,0
1551559171.7423983,957,0,0,0
1551559171.7579281,957,0,0,0
1551559171.7744439,957,0,0,0
1551559171.7899776,957,0,0,0
1551559171.8065817,957,0,0,0
1551559171.8221304,957,0,0,0
1551559171.8386598,957,0,0,0
1551559171.8542893,957,0,0,0
1551559171.8707435,957,0,0,0
1551559171.8863099,957,0,0,0
1551559171.9027617,957,0,0,0
1551559171.918269,957,0,0,0
1551559171.9347763,957,0,0,0
1551559171.9502642,957,0,0,0
1551559171.9658859,957,0,0,0
1551559171.9823844,957,0,0,0
1551559171.9979553,957,0,0,0
1551559172.0134342,957,0,0,0
1551559172.0289307,957,0,0,0
1551559172.0455203,957,0,0,0
1551559172.0610363,957,0,0,0
1551559172.0775762,957,0,0,0
1551559172.093103,957,0,0,0
1551559172.1096132,957,0,0,0
1551559172.1251855,957,0,0,0
1551559172.1417463,957,0,0,0
1551559172.1572742,957,0,0,0
1551559172.1737878,957,0,0,0
1551559172.1892724,957,0,0,0
1551559172.2058504,957,0,0,0
1551559172.2223432,957,0,0,0
1551559172.2379084,957,0,0,0
1551559172.2544143,957,0,0,0
1551559172.2699022,957,0,0,0
1551559172.3039994,959,0,0,0
1551559172.3175654,959,0,0,0
1551559172.333198,959,0,0,0
1551559172.3507457,959,0,0,0
1551559172.3663313,959,0,0,0
1551559172.3828528,959,0,0,0
1551559172.3993936,959,0,0,0
1551559172.4150333,959,0,0,0
1551559172.4315333,959,0,0,0
1551559172.447172,959,0,0,0
1551559172.4636998,959,0,0,0
1551559172.479207,959,0,0,0
1551559172.495829,959,0,0,0
1551559172.5123284,959,0,0,0
1551559172.5278986,959,0,0,0
1551559172.5444283,959,0,0,0
1551559172.5599525,959,0,0,0
1551559172.5765681,959,0,0,0
1551559172.5922742,959,0,0,0
1551559172.608861,959,0,0,0
1551559172.6254704,959,0,0,0
1551559172.6409798,959,0,0,0
1551559172.6576173,959,0,0,0
1551559172.6730776,959,0,0,0
1551559172.6896772,959,0,0,0
1551559172.7052126,959,0,0,0
1551559172.7218313,959,0,0,0
1551559172.7373307,959,0,0,0
1551559172.7538166,959,0,0,0
1551559172.7702756,959,0,0,0
1551559172.7868276,959,0,0,0
1551559172.8032684,959,0,0,0
1551559172.8197558,959,0,0,0
1551559172.835027,959,0,0,0
1551559172.8515084,959,0,0,0
1551559172.8670282,959,0,0,0
1551559172.88349,959,0,0,0
1551559172.8989773,959,0,0,0
PiStop sync.
1551559183.1593103