time,whichstim,iftouch,ifreward,ifout
1550083485.3568518,9999,0,0,0
1550083485.3573048,9999,0,0,0
0.018300294876098633,1,0,0,0
0.031755924224853516,1,0,0,0
0.048017263412475586,1,0,0,0
0.06343221664428711,1,0,0,0
0.07971763610839844,1,0,0,0
0.09599018096923828,1,0,0,0
0.11138033866882324,1,0,0,0
0.12762904167175293,1,0,0,0
0.1439805030822754,1,0,0,0
0.15932202339172363,1,0,0,0
0.17558550834655762,1,0,0,0
0.19183897972106934,1,0,0,0
0.20810174942016602,1,0,0,0
0.22336983680725098,1,0,0,0
0.23969101905822754,1,0,0,0
0.25594401359558105,1,0,0,0
0.27131128311157227,1,0,0,0
0.28754115104675293,1,0,0,0
0.30389881134033203,1,0,0,0
0.32021164894104004,1,0,0,0
0.3364584445953369,1,0,0,0
0.3528170585632324,1,0,0,0
0.3691720962524414,1,0,0,0
0.38441920280456543,1,0,0,0
0.4007430076599121,1,0,0,0
0.41702771186828613,1,0,0,0
0.43242549896240234,1,0,0,0
0.4487135410308838,1,0,0,0
0.46602487564086914,1,0,0,0
0.48145341873168945,1,0,0,0
0.497638463973999,1,0,0,0
0.5140349864959717,1,0,0,0
0.529367208480835,1,0,0,0
0.5456728935241699,1,0,0,0
0.5619804859161377,1,0,0,0
0.5782291889190674,1,0,0,0
0.5945773124694824,1,0,0,0
0.6108541488647461,1,0,0,0
0.6271488666534424,1,0,0,0
0.6415653228759766,1,0,0,0
0.6578786373138428,1,0,0,0
0.6742322444915771,1,0,0,0
0.6905159950256348,1,0,0,0
0.7067923545837402,1,0,0,0
0.723222017288208,1,0,0,0
0.7394893169403076,1,0,0,0
0.755814790725708,1,0,0,0
0.7720851898193359,1,0,0,0
0.7873179912567139,1,0,0,0
0.8037142753601074,1,0,0,0
0.8199937343597412,1,0,0,0
0.8362793922424316,1,0,0,0
0.8526833057403564,1,0,0,0
0.8690721988677979,1,0,0,0
0.8843231201171875,1,0,0,0
0.9005758762359619,1,0,0,0
0.9168765544891357,1,0,0,0
0.9332709312438965,1,0,0,0
0.9495398998260498,1,0,0,0
0.9658174514770508,1,0,0,0
0.9820902347564697,1,0,0,0
0.9973816871643066,1,0,0,0
1.026717185974121,5,0,0,0
1.0402133464813232,5,0,0,0
1.0555100440979004,5,0,0,0
1.0717840194702148,5,0,0,0
1.0880155563354492,5,0,0,0
1.1033899784088135,5,0,0,0
1.1197168827056885,5,0,0,0
1.1359539031982422,5,0,0,0
1.1513574123382568,5,0,0,0
1.1676089763641357,5,0,0,0
1.1839494705200195,5,0,0,0
1.2002630233764648,5,0,0,0
1.2165069580078125,5,0,0,0
1.232903003692627,5,0,0,0
1.2491962909698486,5,0,0,0
1.2644774913787842,5,0,0,0
1.2807772159576416,5,0,0,0
1.2970364093780518,5,0,0,0
1.3124327659606934,5,0,0,0
1.3286809921264648,5,0,0,0
1.3449649810791016,5,0,0,0
1.3612823486328125,5,0,0,0
1.3775575160980225,5,0,0,0
1.393949031829834,5,0,0,0
1.4102263450622559,5,0,0,0
1.4265151023864746,5,0,0,0
1.442969799041748,5,0,0,0
1.460261583328247,5,0,0,0
1.4765710830688477,5,0,0,0
1.4929254055023193,5,0,0,0
1.5092368125915527,5,0,0,0
1.525496244430542,5,0,0,0
1.5417509078979492,5,0,0,0
1.5580544471740723,5,0,0,0
1.5733699798583984,5,0,0,0
1.5895869731903076,5,0,0,0
1.6058642864227295,5,0,0,0
1.6221532821655273,5,0,0,0
1.6374585628509521,5,0,0,0
1.652841329574585,5,0,0,0
1.669219970703125,5,0,0,0
1.6854655742645264,5,0,0,0
1.701737880706787,5,0,0,0
1.718034267425537,5,0,0,0
1.7333650588989258,5,0,0,0
1.7496492862701416,5,0,0,0
1.7659411430358887,5,0,0,0
1.7812988758087158,5,0,0,0
1.7976136207580566,5,0,0,0
1.813951015472412,5,0,0,0
1.8302161693572998,5,0,0,0
1.8464503288269043,5,0,0,0
1.8628325462341309,5,0,0,0
1.8791651725769043,5,0,0,0
1.894395112991333,5,0,0,0
1.9106340408325195,5,0,0,0
1.926882028579712,5,0,0,0
1.9432499408721924,5,0,0,0
1.9595637321472168,5,0,0,0
1.9758293628692627,5,0,0,0
1.9920995235443115,5,0,0,0
2.0074551105499268,5,0,0,0
2.0360536575317383,5,0,0,0
2.0495123863220215,5,0,0,0
2.065857172012329,5,0,0,0
2.0813286304473877,5,0,0,0
2.0976040363311768,5,0,0,0
2.1140153408050537,5,0,0,0
2.1293652057647705,5,0,0,0
2.1456356048583984,5,0,0,0
2.161958694458008,5,0,0,0
2.178241491317749,5,0,0,0
2.1946089267730713,5,0,0,0
2.210857629776001,5,0,0,0
2.227095603942871,5,0,0,0
2.242499351501465,5,0,0,0
2.2588088512420654,5,0,0,0
2.2751779556274414,5,0,0,0
2.2904419898986816,5,0,0,0
2.3067123889923096,5,0,0,0
2.323171854019165,5,0,0,0
2.3384437561035156,5,0,0,0
2.354800224304199,5,0,0,0
2.371076822280884,5,0,0,0
2.3863437175750732,5,0,0,0
2.402808904647827,5,0,0,0
2.419156312942505,5,0,0,0
2.434436559677124,5,0,0,0
2.45076060295105,5,0,0,0
2.468026876449585,5,0,0,0
2.4833643436431885,5,0,0,0
2.4996249675750732,5,0,0,0
2.5159337520599365,5,0,0,0
2.5322787761688232,5,0,0,0
2.5485353469848633,5,0,0,0
2.564908742904663,5,0,0,0
2.5811877250671387,5,0,0,0
2.5964934825897217,5,0,0,0
2.612877607345581,5,0,0,0
2.6292288303375244,5,0,0,0
2.644484281539917,5,0,0,0
2.6607367992401123,5,0,0,0
2.6770284175872803,5,0,0,0
2.6923775672912598,5,0,0,0
2.708685874938965,5,0,0,0
2.7250468730926514,5,0,0,0
2.740321397781372,5,0,0,0
2.7566189765930176,5,0,0,0
2.7730233669281006,5,0,0,0
2.789295196533203,5,0,0,0
2.8055315017700195,5,0,0,0
2.821807861328125,5,0,0,0
2.8381197452545166,5,0,0,0
2.8534138202667236,5,0,0,0
2.869649887084961,5,0,0,0
2.8859214782714844,5,0,0,0
2.9013009071350098,5,0,0,0
2.9175963401794434,5,0,0,0
2.933924913406372,5,0,0,0
2.950169801712036,5,0,0,0
2.9654486179351807,5,0,0,0
2.981724262237549,5,0,0,0
2.998035430908203,5,0,0,0
3.013367176055908,5,0,0,0
3.0437307357788086,4,0,0,0
3.0570268630981445,4,0,0,0
3.072420120239258,4,0,0,0
3.088698148727417,4,0,0,0
3.1050519943237305,4,0,0,0
3.120392322540283,4,0,0,0
3.136699914932251,4,0,0,0
3.1531002521514893,4,0,0,0
3.168367624282837,4,0,0,0
3.1846911907196045,4,0,0,0
3.2010369300842285,4,0,0,0
3.2163503170013428,4,0,0,0
3.2327420711517334,4,0,0,0
3.249110460281372,4,0,0,0
3.2643585205078125,4,0,0,0
3.280679225921631,4,0,0,0
3.2969579696655273,4,0,0,0
3.3123433589935303,4,0,0,0
3.3286385536193848,4,0,0,0
3.3449478149414062,4,0,0,0
3.361280679702759,4,0,0,0
3.3775668144226074,4,0,0,0
3.393934726715088,4,0,0,0
3.4102132320404053,4,0,0,0
3.426447868347168,4,0,0,0
3.442838668823242,4,0,0,0
3.4600837230682373,4,0,0,0
3.4753687381744385,4,0,0,0
3.491626739501953,4,0,0,0
3.5079195499420166,4,0,0,0
3.5233113765716553,4,0,0,0
3.5395638942718506,4,0,0,0
3.555873155593872,4,0,0,0
3.572272539138794,4,0,0,0
3.5885169506073,4,0,0,0
3.6048789024353027,4,0,0,0
3.6211321353912354,4,0,0,0
3.6364448070526123,4,0,0,0
3.651844024658203,4,0,0,0
3.668097496032715,4,0,0,0
3.683483123779297,4,0,0,0
3.6997649669647217,4,0,0,0
3.716050148010254,4,0,0,0
3.7314350605010986,4,0,0,0
3.747697591781616,4,0,0,0
3.764094829559326,4,0,0,0
3.779359817504883,4,0,0,0
3.795663595199585,4,0,0,0
3.8119373321533203,4,0,0,0
3.828199625015259,4,0,0,0
3.843559741973877,4,0,0,0
3.859830856323242,4,0,0,0
3.8761579990386963,4,0,0,0
3.891500949859619,4,0,0,0
3.9077465534210205,4,0,0,0
3.9241135120391846,4,0,0,0
3.939403772354126,4,0,0,0
3.9556729793548584,4,0,0,0
3.9719326496124268,4,0,0,0
3.988168954849243,4,0,0,0
4.003514289855957,4,0,0,0
4.0197694301605225,4,0,0,0
4.053519248962402,1,0,0,0
4.066807985305786,1,0,0,0
4.083261728286743,1,0,0,0
4.099546909332275,1,0,0,0
4.115861177444458,1,0,0,0
4.1322667598724365,1,0,0,0
4.1485724449157715,1,0,0,0
4.165012359619141,1,0,0,0
4.180312633514404,1,0,0,0
4.1966233253479,1,0,0,0
4.213027238845825,1,0,0,0
4.228292942047119,1,0,0,0
4.244673490524292,1,0,0,0
4.260974884033203,1,0,0,0
4.276294469833374,1,0,0,0
4.292650938034058,1,0,0,0
4.308878183364868,1,0,0,0
4.325206518173218,1,0,0,0
4.34046745300293,1,0,0,0
4.356804370880127,1,0,0,0
4.373194694519043,1,0,0,0
4.388450384140015,1,0,0,0
4.404808282852173,1,0,0,0
4.421112298965454,1,0,0,0
4.436419486999512,1,0,0,0
4.452814340591431,1,0,0,0
4.470178842544556,1,0,0,0
4.485433340072632,1,0,0,0
4.501751184463501,1,0,0,0
4.518090009689331,1,0,0,0
4.533427000045776,1,0,0,0
4.5497050285339355,1,0,0,0
4.5659825801849365,1,0,0,0
4.5813562870025635,1,0,0,0
4.597645044326782,1,0,0,0
4.6140265464782715,1,0,0,0
4.629311561584473,1,0,0,0
4.644586086273193,1,0,0,0
4.660869836807251,1,0,0,0
4.677209138870239,1,0,0,0
4.692606210708618,1,0,0,0
4.708849191665649,1,0,0,0
4.725175380706787,1,0,0,0
4.740412950515747,1,0,0,0
4.756733179092407,1,0,0,0
4.773102045059204,1,0,0,0
4.788366794586182,1,0,0,0
4.804744720458984,1,0,0,0
4.8210554122924805,1,0,0,0
4.836367130279541,1,0,0,0
4.852750301361084,1,0,0,0
4.869169235229492,1,0,0,0
4.884404897689819,1,0,0,0
4.900697708129883,1,0,0,0
4.917035102844238,1,0,0,0
4.93243932723999,1,0,0,0
4.948458909988403,1,0,0,0
4.964920997619629,1,0,0,0
4.981200933456421,1,0,0,0
4.996660232543945,1,0,0,0
5.0131213665008545,1,0,0,0
5.028417348861694,1,0,0,0
5.057358026504517,5,0,0,0
5.070885419845581,5,0,0,0
5.08648943901062,5,0,0,0
5.103178262710571,5,0,0,0
5.1187639236450195,5,0,0,0
5.134382009506226,5,0,0,0
5.150928974151611,5,0,0,0
5.166461706161499,5,0,0,0
5.183180332183838,5,0,0,0
5.198812961578369,5,0,0,0
5.214364290237427,5,0,0,0
5.230989933013916,5,0,0,0
5.2465150356292725,5,0,0,0
5.263213396072388,5,0,0,0
5.279769420623779,5,0,0,0
5.2963035106658936,5,0,0,0
5.312989711761475,5,0,0,0
5.328590393066406,5,0,0,0
5.345196723937988,5,0,0,0
5.360846519470215,5,0,0,0
5.3764402866363525,5,0,0,0
5.393144607543945,5,0,0,0
5.408797979354858,5,0,0,0
5.424342632293701,5,0,0,0
5.441248178482056,5,0,0,0
5.458813905715942,5,0,0,0
5.474392890930176,5,0,0,0
5.490949392318726,5,0,0,0
5.506467819213867,5,0,0,0
5.523204803466797,5,0,0,0
5.5387585163116455,5,0,0,0
5.554440975189209,5,0,0,0
5.570980787277222,5,0,0,0
5.586549997329712,5,0,0,0
5.6032257080078125,5,0,0,0
5.619857311248779,5,0,0,0
5.635395050048828,5,0,0,0
5.650746822357178,5,0,0,0
5.6670355796813965,5,0,0,0
5.682469606399536,5,0,0,0
5.698742866516113,5,0,0,0
5.715083837509155,5,0,0,0
5.7303454875946045,5,0,0,0
5.746648550033569,5,0,0,0
5.763105630874634,5,0,0,0
5.778372526168823,5,0,0,0
5.794760227203369,5,0,0,0
5.811044931411743,5,0,0,0
5.826310873031616,5,0,0,0
5.842761993408203,5,0,0,0
5.85910177230835,5,0,0,0
5.874360799789429,5,0,0,0
5.890624284744263,5,0,0,0
5.906902313232422,5,0,0,0
5.9223010540008545,5,0,0,0
5.938603162765503,5,0,0,0
5.95496129989624,5,0,0,0
5.971355199813843,5,0,0,0
5.987605810165405,5,0,0,0
6.003998041152954,5,0,0,0
6.020254850387573,5,0,0,0
6.036550521850586,5,0,0,0
6.0650084018707275,5,0,0,0
6.078356504440308,5,0,0,0
6.094646215438843,5,0,0,0
6.110962390899658,5,0,0,0
6.127238035202026,5,0,0,0
6.143617153167725,5,0,0,0
6.159910440444946,5,0,0,0
6.176192045211792,5,0,0,0
6.191565990447998,5,0,0,0
6.207819223403931,5,0,0,0
6.224095106124878,5,0,0,0
6.239426136016846,5,0,0,0
6.255691051483154,5,0,0,0
6.271965742111206,5,0,0,0
6.288224935531616,5,0,0,0
6.304764747619629,5,0,0,0
6.321101188659668,5,0,0,0
6.336401700973511,5,0,0,0
6.352837800979614,5,0,0,0
6.369133472442627,5,0,0,0
6.384415149688721,5,0,0,0
6.400746583938599,5,0,0,0
6.417041301727295,5,0,0,0
6.4325056076049805,5,0,0,0
6.449121952056885,5,0,0,0
6.465693712234497,5,0,0,0
6.481358528137207,5,0,0,0
6.497997522354126,5,0,0,0
6.513667106628418,5,0,0,0
6.530282497406006,5,0,0,0
6.546846151351929,5,0,0,0
6.562588214874268,5,0,0,0
6.579219579696655,5,0,0,0
6.595788240432739,5,0,0,0
6.611459255218506,5,0,0,0
6.628013610839844,5,0,0,0
6.642668724060059,5,0,0,0
6.659290075302124,5,0,0,0
6.675868034362793,5,0,0,0
6.691590785980225,5,0,0,0
6.708141803741455,5,0,0,0
6.7237653732299805,5,0,0,0
6.74027681350708,5,0,0,0
6.756792306900024,5,0,0,0
6.772463798522949,5,0,0,0
6.789135694503784,5,0,0,0
6.804638385772705,5,0,0,0
6.821286678314209,5,0,0,0
6.837808132171631,5,0,0,0
6.853447437286377,5,0,0,0
6.869970798492432,5,0,0,0
6.885565519332886,5,0,0,0
6.90211296081543,5,0,0,0
6.917670726776123,5,0,0,0
6.934230327606201,5,0,0,0
6.9508445262908936,5,0,0,0
6.96632194519043,5,0,0,0
6.982722997665405,5,0,0,0
6.999054193496704,5,0,0,0
7.014300584793091,5,0,0,0
7.0305821895599365,5,0,0,0
7.046898603439331,5,0,0,0
7.074285984039307,3,0,0,0
7.0875632762908936,3,0,0,0
7.1039512157440186,3,0,0,0
7.120234489440918,3,0,0,0
7.136478900909424,3,0,0,0
7.15286660194397,3,0,0,0
7.169165134429932,3,0,0,0
7.184499025344849,3,0,0,0
7.200772285461426,3,0,0,0
7.217055797576904,3,0,0,0
7.232462644577026,3,0,0,0
7.2487711906433105,3,0,0,0
7.265122175216675,3,0,0,0
7.280379056930542,3,0,0,0
7.296676158905029,3,0,0,0
7.313082456588745,3,0,0,0
7.328389406204224,3,0,0,0
7.344724416732788,3,0,0,0
7.361000061035156,3,0,0,0
7.376298904418945,3,0,0,0
7.392671823501587,3,0,0,0
7.409046649932861,3,0,0,0
7.424304485321045,3,0,0,0
7.440557241439819,3,0,0,0
7.4578211307525635,3,0,0,0
7.474181413650513,3,0,0,0
7.489457130432129,3,0,0,0
7.50574254989624,3,0,0,0
7.522022247314453,3,0,0,0
7.537297964096069,3,0,0,0
7.553704500198364,3,0,0,0
7.5700132846832275,3,0,0,0
7.585297584533691,3,0,0,0
7.601601600646973,3,0,0,0
7.617908477783203,3,0,0,0
7.634230375289917,3,0,0,0
7.6495161056518555,3,0,0,0
7.665800094604492,3,0,0,0
7.6821112632751465,3,0,0,0
7.6974036693573,3,0,0,0
7.713829040527344,3,0,0,0
7.730124235153198,3,0,0,0
7.74541711807251,3,0,0,0
7.761720657348633,3,0,0,0
7.778020858764648,3,0,0,0
7.793371915817261,3,0,0,0
7.809697389602661,3,0,0,0
7.826004505157471,3,0,0,0
7.841432094573975,3,0,0,0
7.857752561569214,3,0,0,0
7.874098777770996,3,0,0,0
7.889392375946045,3,0,0,0
7.905658006668091,3,0,0,0
7.921956777572632,3,0,0,0
7.938219308853149,3,0,0,0
7.954625368118286,3,0,0,0
7.970905065536499,3,0,0,0
7.98720121383667,3,0,0,0
8.002488136291504,3,0,0,0
8.018783330917358,3,0,0,0
8.035096168518066,3,0,0,0
8.050354719161987,3,0,0,0
8.083518028259277,1,0,0,0
8.096797943115234,1,0,0,0
8.11324954032898,1,0,0,0
8.129575252532959,1,0,0,0
8.145906686782837,1,0,0,0
8.161302089691162,1,0,0,0
8.17761492729187,1,0,0,0
8.194025754928589,1,0,0,0
8.209304332733154,1,0,0,0
8.225609302520752,1,0,0,0
8.24193000793457,1,0,0,0
8.258243083953857,1,0,0,0
8.274579048156738,1,0,0,0
8.290871858596802,1,0,0,0
8.307148933410645,1,0,0,0
8.322558164596558,1,0,0,0
8.338817596435547,1,0,0,0
8.355147123336792,1,0,0,0
8.370384931564331,1,0,0,0
8.386697769165039,1,0,0,0
8.403114080429077,1,0,0,0
8.41836404800415,1,0,0,0
8.434710025787354,1,0,0,0
8.450996398925781,1,0,0,0
8.468267440795898,1,0,0,0
8.48456335067749,1,0,0,0
8.500835418701172,1,0,0,0
8.517107009887695,1,0,0,0
8.546920776367188,2,1,1,0
8.560372829437256,2,1,1,0
8.576663255691528,2,1,1,0
8.593132257461548,2,1,1,0
8.608427286148071,2,1,1,0
8.62477421760559,2,1,1,0
8.641134023666382,2,0,0,0
8.656454086303711,2,0,0,0
8.672851800918579,2,0,0,0
8.689174890518188,2,0,0,0
8.704414367675781,2,0,0,0
8.720704793930054,2,0,0,0
8.737003326416016,2,0,0,0
8.752444505691528,2,0,0,0
8.768722295761108,2,0,0,0
8.78505253791809,2,0,0,0
8.800345182418823,2,0,0,0
8.816629886627197,2,0,0,0
8.833065271377563,2,0,0,0
8.848362445831299,2,0,0,0
8.86469578742981,2,0,0,0
8.880982160568237,2,0,0,0
8.89725947380066,2,0,0,0
8.913689613342285,2,0,0,0
8.929996252059937,2,0,0,0
8.945297241210938,2,0,0,0
8.961630582809448,2,0,0,0
8.977936267852783,2,0,0,0
8.993329524993896,2,0,0,0
9.009643793106079,2,0,0,0
9.025953769683838,2,0,0,0
9.041321277618408,2,0,0,0
9.05763840675354,2,0,0,0
9.074009656906128,2,0,0,0
9.089309215545654,2,0,0,0
9.10559368133545,2,0,0,0
9.121893882751465,2,0,0,0
9.13818073272705,2,0,0,0
9.153514862060547,2,0,0,0
9.169825077056885,2,0,0,0
9.1861412525177,2,0,0,0
9.20154881477356,2,0,0,0
9.217864036560059,2,0,0,0
9.234233617782593,2,0,0,0
9.250519514083862,2,0,0,0
9.266826629638672,2,0,0,0
9.283209323883057,2,0,0,0
9.299514770507812,2,0,0,0
9.315797805786133,2,0,0,0
9.332082509994507,2,0,0,0
9.347373723983765,2,0,0,0
9.363738536834717,2,0,0,0
9.379976749420166,2,0,0,0
9.396282434463501,2,0,0,0
9.412710905075073,2,0,0,0
9.42905044555664,2,0,0,0
9.444298028945923,2,0,0,0
9.461587905883789,2,0,0,0
9.477867603302002,2,0,0,0
9.49372148513794,2,0,0,0
9.50998830795288,2,0,0,0
9.526261806488037,2,0,0,0
9.556944131851196,4,0,0,0
9.570355892181396,4,0,0,0
9.586625337600708,4,0,0,0
9.60307765007019,4,0,0,0
9.618359327316284,4,0,0,0
9.634747505187988,4,0,0,0
9.650017738342285,4,0,0,0
9.66532039642334,4,0,0,0
9.6816246509552,4,0,0,0
9.697927236557007,4,0,0,0
9.714272499084473,4,0,0,0
9.730571746826172,4,0,0,0
9.746867418289185,4,0,0,0
9.76229214668274,4,0,0,0
9.778580665588379,4,0,0,0
9.794897079467773,4,0,0,0
9.81118631362915,4,0,0,0
9.826462984085083,4,0,0,0
9.842857837677002,4,0,0,0
9.859148979187012,4,0,0,0
9.874454021453857,4,0,0,0
9.89074182510376,4,0,0,0
9.907039403915405,4,0,0,0
9.922406911849976,4,0,0,0
9.93871784210205,4,0,0,0
9.955021619796753,4,0,0,0
9.97126841545105,4,0,0,0
9.987514734268188,4,0,0,0
10.004209518432617,4,1,0,1
10.020013809204102,4,1,0,1
10.035807132720947,4,1,0,1
10.051764965057373,4,1,0,1
10.067584037780762,4,1,0,1
10.083613395690918,4,1,0,1
10.100282669067383,4,1,0,1
10.11691164970398,4,1,0,1
10.132816076278687,4,0,0,1
10.148569107055664,4,0,0,1
10.164441585540771,4,0,0,1
10.18123197555542,4,0,0,1
10.197993040084839,4,0,0,1
10.2138352394104,4,0,0,1
10.229604244232178,4,0,0,1
10.245408773422241,4,0,0,1
10.261329174041748,4,0,0,1
10.278143882751465,4,0,0,1
10.294006824493408,4,0,0,1
10.309821844100952,4,0,0,1
10.32563591003418,4,0,0,1
10.341545581817627,4,0,0,1
10.357338905334473,4,0,0,1
10.374244451522827,4,0,0,1
10.3910653591156,4,0,0,1
10.406867742538452,4,0,0,1
10.422749042510986,4,0,0,1
10.438554048538208,4,0,0,1
10.454411745071411,4,0,0,1
10.47122311592102,4,0,0,1
10.488008975982666,4,0,0,1
10.503873109817505,4,0,0,1
10.51967716217041,4,0,0,1
10.53544545173645,4,0,0,1
10.551343441009521,4,0,0,1
10.568137884140015,4,0,0,1
10.583988904953003,4,0,0,1
10.599798679351807,4,0,0,1
10.61555790901184,4,0,0,1
10.631475448608398,4,0,0,1
10.648230075836182,4,0,0,1
10.665074348449707,4,0,0,1
10.68088960647583,4,0,0,1
10.696672201156616,4,0,0,1
10.712584733963013,4,0,0,1
10.728378772735596,4,0,0,1
10.745240688323975,4,0,0,1
10.762077569961548,4,0,0,1
10.777890920639038,4,0,0,1
10.793779134750366,4,0,0,1
10.80961012840271,4,0,0,1
10.825424909591675,4,0,0,1
10.8413245677948,4,0,0,1
10.858120203018188,4,0,0,1
10.87401819229126,4,0,0,1
10.889850378036499,4,0,0,1
10.905683040618896,4,0,0,1
10.92162036895752,4,0,0,1
10.937421321868896,4,0,0,1
10.953321933746338,4,0,0,1
10.970149755477905,4,0,0,1
10.985984563827515,4,0,0,1
11.00193452835083,4,0,0,1
11.017660140991211,4,0,0,1
11.03354263305664,4,0,0,1
11.049343347549438,4,0,0,1
11.066154956817627,4,0,0,1
11.08206295967102,4,0,0,1
11.097877979278564,4,0,0,1
11.113768100738525,4,0,0,1
11.129606008529663,4,0,0,1
11.145368337631226,4,0,0,1
11.162283897399902,4,0,0,1
11.17913269996643,4,0,0,1
11.194974899291992,4,0,0,1
11.21084189414978,4,0,0,1
11.226671695709229,4,0,0,1
11.242626428604126,4,0,0,1
11.258469581604004,4,0,0,1
11.274351358413696,4,0,0,1
11.291194677352905,4,0,0,1
11.307042121887207,4,0,0,1
11.322986364364624,4,0,0,1
11.338815450668335,4,0,0,1
11.354727268218994,4,0,0,1
11.370578050613403,4,0,0,1
11.38640809059143,4,0,0,1
11.402302980422974,4,0,0,1
11.41927433013916,4,0,0,1
11.435094356536865,4,0,0,1
11.45094609260559,4,0,0,1
11.467792987823486,4,0,0,1
11.483689069747925,4,0,0,1
11.499646663665771,4,0,0,1
11.515394926071167,4,0,0,1
11.531330108642578,4,0,0,1
11.548189878463745,4,0,0,1
11.564110517501831,4,0,0,1
11.57999849319458,4,0,0,1
11.595874786376953,4,0,0,1
11.611823081970215,4,0,0,1
11.627663612365723,4,0,0,1
11.643609285354614,4,0,0,1
11.659508228302002,4,0,0,1
11.67539381980896,4,0,0,1
11.6913321018219,4,0,0,1
11.708186388015747,4,0,0,1
11.724101066589355,4,0,0,1
11.739979982376099,4,0,0,1
11.755873680114746,4,0,0,1
11.771872758865356,4,0,0,1
11.787750482559204,4,0,0,1
11.803696155548096,4,0,0,1
11.819570541381836,4,0,0,1
11.83548378944397,4,0,0,1
11.851464033126831,4,0,0,1
11.867345333099365,4,0,0,1
11.883333683013916,4,0,0,1
11.900203466415405,4,0,0,1
11.916106700897217,4,0,0,1
11.932099342346191,4,0,0,1
11.947981595993042,4,0,0,1
11.963933944702148,4,0,0,1
11.979809045791626,4,0,0,1
11.995630025863647,4,0,0,1
12.01161813735962,4,0,0,0
12.042261838912964,4,0,0,0
12.055652856826782,4,0,0,0
12.07202672958374,4,0,0,0
12.08734917640686,4,0,0,0
12.103795766830444,4,0,0,0
12.12016749382019,4,0,0,0
12.135505199432373,4,0,0,0
12.151800632476807,4,0,0,0
12.168122053146362,4,0,0,0
12.183503150939941,4,0,0,0
12.199824333190918,4,0,0,0
12.216133832931519,4,0,0,0
12.231702327728271,4,0,0,0
12.248009204864502,4,0,0,0
12.263448715209961,4,0,0,0
12.279798984527588,4,0,0,0
12.296135187149048,4,0,0,0
12.311617851257324,4,0,0,0
12.327925682067871,4,0,0,0
12.343380689620972,4,0,0,0
12.359698295593262,4,0,0,0
12.376027345657349,4,0,0,0
12.391584157943726,4,0,0,0
12.407876253128052,4,0,0,0
12.42329454421997,4,0,0,0
12.439720153808594,4,0,0,0
12.456022500991821,4,0,0,0
12.471476316452026,4,0,0,0
12.48782467842102,4,0,0,0
12.50428581237793,4,0,0,0
12.520657777786255,4,0,0,0
12.537017583847046,4,0,0,0
12.552448034286499,4,0,0,0
12.568808555603027,4,0,0,0
12.585201025009155,4,0,0,0
12.602185726165771,4,1,0,1
12.617009162902832,4,1,0,1
12.63296365737915,4,1,0,1
12.648841619491577,4,1,0,1
12.664766550064087,4,1,0,1
12.68061113357544,4,1,0,1
12.696426391601562,4,1,0,1
12.712392330169678,4,1,0,1
12.729308366775513,4,0,0,1
12.746118783950806,4,0,0,1
12.76208209991455,4,0,0,1
12.777958869934082,4,0,0,1
12.793880224227905,4,0,0,1
12.809772253036499,4,0,0,1
12.82565450668335,4,0,0,1
12.841656923294067,4,0,0,1
12.857505798339844,4,0,0,1
12.873431205749512,4,0,0,1
12.889322996139526,4,0,0,1
12.906181812286377,4,0,0,1
12.922156810760498,4,0,0,1
12.937994003295898,4,0,0,1
12.953927755355835,4,0,0,1
12.96984076499939,4,0,0,1
12.985664129257202,4,0,0,1
13.001606225967407,4,0,0,1
13.017390966415405,4,0,0,1
13.033304452896118,4,0,0,1
13.050114393234253,4,0,0,1
13.065935611724854,4,0,0,1
13.081888198852539,4,0,0,1
13.097689390182495,4,0,0,1
13.113631248474121,4,0,0,1
13.129446029663086,4,0,0,1
13.146264553070068,4,0,0,1
13.163216829299927,4,0,0,1
13.180066108703613,4,0,0,1
13.195891857147217,4,0,0,1
13.211891174316406,4,0,0,1
13.22768235206604,4,0,0,1
13.243554830551147,4,0,0,1
13.259368658065796,4,0,0,1
13.276198387145996,4,0,0,1
13.292163133621216,4,0,0,1
13.30797815322876,4,0,0,1
13.32390832901001,4,0,0,1
13.339746475219727,4,0,0,1
13.355604648590088,4,0,0,1
13.371609449386597,4,0,0,1
13.387429237365723,4,0,0,1
13.403358936309814,4,0,0,1
13.420193910598755,4,0,0,1
13.436037540435791,4,0,0,1
13.452030658721924,4,0,0,1
13.468839883804321,4,0,0,1
13.484689235687256,4,0,0,1
13.500490665435791,4,0,0,1
13.516306638717651,4,0,0,1
13.533283472061157,4,0,0,1
13.550071954727173,4,0,0,1
13.565900802612305,4,0,0,1
13.581815242767334,4,0,0,1
13.597617149353027,4,0,0,1
13.613492727279663,4,0,0,1
13.6293044090271,4,0,0,1
13.646116733551025,4,0,0,1
13.662017822265625,4,0,0,1
13.677805185317993,4,0,0,1
13.693638563156128,4,0,0,1
13.70943021774292,4,0,0,1
13.726262092590332,4,0,0,1
13.743163347244263,4,0,0,1
13.759018898010254,4,0,0,1
13.774824380874634,4,0,0,1
13.790642738342285,4,0,0,1
13.806462287902832,4,0,0,1
13.822377920150757,4,0,0,1
13.83920168876648,4,0,0,1
13.854989290237427,4,0,0,1
13.87081265449524,4,0,0,1
13.886619329452515,4,0,0,1
13.902514457702637,4,0,0,1
13.918315649032593,4,0,0,1
13.935203790664673,4,0,0,1
13.95102047920227,4,0,0,1
13.966806173324585,4,0,0,1
13.9826979637146,4,0,0,1
13.998485326766968,4,0,0,1
14.014400243759155,4,0,0,1
14.031145811080933,4,0,0,1
14.046921253204346,4,0,0,1
14.062814950942993,4,0,0,1
14.078655481338501,4,0,0,1
14.094502687454224,4,0,0,1
14.111282587051392,4,0,0,1
14.128077268600464,4,0,0,1
14.143929719924927,4,0,0,1
14.1597158908844,4,0,0,1
14.175488471984863,4,0,0,1
14.191437721252441,4,0,0,1
14.208233118057251,4,0,0,1
14.225093126296997,4,0,0,1
14.240909576416016,4,0,0,1
14.256689548492432,4,0,0,1
14.272608757019043,4,0,0,1
14.288414478302002,4,0,0,1
14.305279731750488,4,0,0,1
14.322113513946533,4,0,0,1
14.337950229644775,4,0,0,1
14.353876829147339,4,0,0,1
14.369723558425903,4,0,0,1
14.38555097579956,4,0,0,1
14.401463985443115,4,0,0,1
14.41825246810913,4,0,0,1
14.435170650482178,4,0,0,1
14.451042652130127,4,0,0,1
14.467895030975342,4,0,0,1
14.48380994796753,4,0,0,1
14.499620199203491,4,0,0,1
14.51546835899353,4,0,0,1
14.53146243095398,4,0,0,1
14.548287153244019,4,0,0,1
14.565191507339478,4,0,0,1
14.58101201057434,4,0,0,1
14.596837282180786,4,0,0,1
14.612777471542358,4,0,0,0
14.643352031707764,4,0,0,0
14.656751155853271,4,0,0,0
14.673230171203613,4,0,0,0
14.689601182937622,4,0,0,0
14.705953598022461,4,0,0,0
14.721409559249878,4,0,0,0
14.73776626586914,4,0,0,0
14.754201650619507,4,0,0,0
14.769566535949707,4,0,0,0
14.785934686660767,4,0,0,0
14.801389455795288,4,0,0,0
14.817716360092163,4,0,0,0
14.834174871444702,4,0,0,0
14.849507570266724,4,0,0,0
14.865871906280518,4,0,0,0
14.881325721740723,4,0,0,0
14.897667646408081,4,0,0,0
14.914124011993408,4,0,0,0
14.929484367370605,4,0,0,0
14.94585657119751,4,0,0,0
14.961323022842407,4,0,0,0
14.977689743041992,4,0,0,0
14.994073152542114,4,0,0,0
15.009479761123657,4,0,0,0
15.025895118713379,4,0,0,0
15.041616678237915,4,0,0,0
15.058003902435303,4,0,0,0
15.073370218276978,4,0,0,0
15.089769840240479,4,0,0,0
15.10615348815918,4,0,0,0
15.121477603912354,4,0,0,0
15.137832880020142,4,0,0,0
15.154272317886353,4,0,0,0
15.170618772506714,4,0,0,0
15.186938285827637,4,0,0,0
15.202472448348999,4,0,0,0
15.21881365776062,4,0,0,0
15.235153913497925,4,0,0,0
15.250479459762573,4,0,0,0
15.266804218292236,4,0,0,0
15.283128023147583,4,0,0,0
15.298349618911743,4,0,0,0
15.314706087112427,4,0,0,0
15.330993890762329,4,0,0,0
15.347272157669067,4,0,0,0
15.363647937774658,4,0,0,0
15.379908323287964,4,0,0,0
15.396126985549927,4,0,0,0
15.411607503890991,4,0,0,0
15.427979707717896,4,0,0,0
15.44330644607544,4,0,0,0
15.460572957992554,4,0,0,0
15.47726035118103,4,0,0,0
15.493704795837402,4,0,0,0
15.509980916976929,4,0,0,0
15.526252269744873,4,0,0,0
15.542736530303955,4,0,0,0
15.55908751487732,4,0,0,0
15.574333667755127,4,0,0,0
15.59061861038208,4,0,0,0
15.606834888458252,4,0,0,0
15.623229265213013,4,0,0,0
15.653879880905151,4,0,0,0
15.66719126701355,4,0,0,0
15.682573556900024,4,0,0,0
15.698809146881104,4,0,0,0
15.714434623718262,4,0,0,0
15.730759859085083,4,0,0,0
15.747055053710938,4,0,0,0
15.762460231781006,4,0,0,0
15.778850793838501,4,0,0,0
15.795175552368164,4,0,0,0
15.810607433319092,4,0,0,0
15.82686972618103,4,0,0,0
15.84341812133789,4,0,0,0
15.86013913154602,4,0,0,0
15.87557339668274,4,0,0,0
15.891474723815918,4,0,0,0
15.907918214797974,4,0,0,0
15.92344331741333,4,0,0,0
15.939896821975708,4,0,0,0
15.955379009246826,4,0,0,0
15.971848487854004,4,0,0,0
15.98729395866394,4,0,0,0
16.00386333465576,4,0,0,0
16.019338369369507,4,0,0,0
16.035797119140625,4,0,0,0
16.051349639892578,4,0,0,0
16.067792177200317,4,0,0,0
16.08427882194519,4,0,0,0
16.100764751434326,4,0,0,0
16.117303609848022,4,0,0,0
16.1338107585907,4,0,0,0
16.149739265441895,4,1,0,1
16.165549278259277,4,1,0,1
16.181521892547607,4,1,0,1
16.197378396987915,4,1,0,1
16.21334171295166,4,1,0,1
16.230199098587036,4,1,0,1
16.246001482009888,4,1,0,1
16.26204252243042,4,0,0,1
16.277807235717773,4,0,0,1
16.29371428489685,4,0,0,1
16.309549570083618,4,0,0,1
16.325369358062744,4,0,0,1
16.342365503311157,4,0,0,1
16.35913395881653,4,0,0,1
16.37491011619568,4,0,0,1
16.390684843063354,4,0,0,1
16.40648913383484,4,0,0,1
16.42243194580078,4,0,0,1
16.43921709060669,4,0,0,1
16.45603084564209,4,0,0,1
16.47200918197632,4,0,0,1
16.48782253265381,4,0,0,1
16.503692150115967,4,0,0,1
16.519474029541016,4,0,0,1
16.536285400390625,4,0,0,1
16.55318522453308,4,0,0,1
16.569040060043335,4,0,0,1
16.584848642349243,4,0,0,1
16.60064959526062,4,0,0,1
16.616482496261597,4,0,0,1
16.632437229156494,4,0,0,1
16.649234294891357,4,0,0,1
16.66603684425354,4,0,0,1
16.681983947753906,4,0,0,1
16.69782042503357,4,0,0,1
16.7137393951416,4,0,0,1
16.729576349258423,4,0,0,1
16.745426654815674,4,0,0,1
16.76135015487671,4,0,0,1
16.778151273727417,4,0,0,1
16.79403328895569,4,0,0,1
16.80985927581787,4,0,0,1
16.82570791244507,4,0,0,1
16.841634273529053,4,0,0,1
16.85745120048523,4,0,0,1
16.873417615890503,4,0,0,1
16.89024043083191,4,0,0,1
16.907062292099,4,0,0,1
16.92298698425293,4,0,0,1
16.938843965530396,4,0,0,1
16.954760313034058,4,0,0,1
16.970629453659058,4,0,0,1
16.9864718914032,4,0,0,1
17.002457857131958,4,0,0,1
17.019213676452637,4,0,0,1
17.035058975219727,4,0,0,1
17.050888061523438,4,0,0,1
17.066715955734253,4,0,0,1
17.08268928527832,4,0,0,1
17.098686456680298,4,0,0,1
17.114678859710693,4,0,0,1
17.13060712814331,4,0,0,1
17.146547079086304,4,0,0,1
17.16268563270569,4,0,0,1
17.178625106811523,4,0,0,1
17.194648504257202,4,0,0,1
17.210613012313843,4,0,0,1
17.22656559944153,4,0,0,1
17.242668867111206,4,0,0,1
17.2586669921875,4,0,0,1
17.274648904800415,4,0,0,1
17.290586948394775,4,0,0,1
17.30650782585144,4,0,0,1
17.322614669799805,4,0,0,1
17.338595867156982,4,0,0,1
17.35464906692505,4,0,0,1
17.370621919631958,4,0,0,1
17.38661003112793,4,0,0,1
17.40271544456482,4,0,0,1
17.418688535690308,4,0,0,1
17.434706211090088,4,0,0,1
17.45065975189209,4,0,0,1
17.4676353931427,4,0,0,1
17.483653783798218,4,0,0,1
17.49959659576416,4,0,0,1
17.515557527542114,4,0,0,1
17.531604528427124,4,0,0,1
17.5474534034729,4,0,0,1
17.563419818878174,4,0,0,1
17.58029532432556,4,0,0,1
17.597185850143433,4,0,0,1
17.61305832862854,4,0,0,1
17.62890887260437,4,0,0,1
17.64482617378235,4,0,0,1
17.660691499710083,4,0,0,1
17.676546812057495,4,0,0,1
17.692511081695557,4,0,0,1
17.7083797454834,4,0,0,1
17.72528624534607,4,0,0,1
17.742136240005493,4,0,0,1
17.75794243812561,4,0,0,1
17.77386212348938,4,0,0,1
17.789668083190918,4,0,0,1
17.80548357963562,4,0,0,1
17.821443796157837,4,0,0,1
17.83828830718994,4,0,0,1
17.85518217086792,4,0,0,1
17.870988845825195,4,0,0,1
17.88677430152893,4,0,0,1
17.90269112586975,4,0,0,1
17.91848850250244,4,0,0,1
17.934356212615967,4,0,0,1
17.951180696487427,4,0,0,1
17.96697974205017,4,0,0,1
17.982903480529785,4,0,0,1
17.998704433441162,4,0,0,1
18.0145742893219,4,0,0,1
18.030407905578613,4,0,0,1
18.047208309173584,4,0,0,1
18.0631206035614,4,0,0,1
18.07892680168152,4,0,0,1
18.094810724258423,4,0,0,1
18.11061954498291,4,0,0,1
18.12643337249756,4,0,0,1
18.14235830307007,4,0,0,1
18.159153699874878,4,0,0,0
18.191553592681885,1,0,0,0
18.204915523529053,1,0,0,0
18.220389366149902,1,0,0,0
18.236847400665283,1,0,0,0
18.252439737319946,1,0,0,0
18.26890277862549,1,0,0,0
18.284528493881226,1,0,0,0
18.300997734069824,1,0,0,0
18.31654453277588,1,0,0,0
18.333202362060547,1,0,0,0
18.348626613616943,1,0,0,0
18.365183353424072,1,0,0,0
18.380603551864624,1,0,0,0
18.397245407104492,1,0,0,0
18.4137544631958,1,0,0,0
18.43016815185547,1,0,0,0
18.445539951324463,1,0,0,0
18.46297597885132,1,0,0,0
18.47835421562195,1,0,0,0
18.494837999343872,1,0,0,0
18.51119112968445,1,0,0,0
18.52655792236328,1,0,0,0
18.543071746826172,1,0,0,0
18.55848002433777,1,0,0,0
18.574936628341675,1,0,0,0
18.590341806411743,1,0,0,0
18.60672116279602,1,0,0,0
18.62324619293213,1,0,0,0
18.639633655548096,1,0,0,0
18.656033277511597,1,0,0,0
18.671555995941162,1,0,0,0
18.68792748451233,1,0,0,0
18.716744899749756,5,1,1,0
18.73040199279785,5,1,1,0
18.74690341949463,5,0,0,0
18.762423276901245,5,0,0,0
18.778866291046143,5,0,0,0
18.79436469078064,5,0,0,0
18.81081986427307,5,0,0,0
18.827258110046387,5,0,0,0
18.84384846687317,5,0,0,0
18.85932683944702,5,0,0,0
18.875752687454224,5,0,0,0
18.89132046699524,5,0,0,0
18.907758235931396,5,0,0,0
18.92424178123474,5,0,0,0
18.940706729888916,5,0,0,0
18.957239866256714,5,0,0,0
18.972750663757324,5,0,0,0
18.989317893981934,5,0,0,0
19.00574278831482,5,0,0,0
19.02219557762146,5,0,0,0
19.03758430480957,5,0,0,0
19.05409812927246,5,0,0,0
19.06949806213379,5,0,0,0
19.08589816093445,5,0,0,0
19.101446866989136,5,0,0,0
19.117863178253174,5,0,0,0
19.133394956588745,5,0,0,0
19.149800539016724,5,0,0,0
19.166231155395508,5,0,0,0
19.18273162841797,5,0,0,0
19.19917583465576,5,0,0,0
19.214537382125854,5,0,0,0
19.230928897857666,5,0,0,0
19.246309757232666,5,0,0,0
19.262804985046387,5,0,0,0
19.279170989990234,5,0,0,0
19.29453754425049,5,0,0,0
19.31093668937683,5,0,0,0
19.32634401321411,5,0,0,0
19.342853307724,5,0,0,0
19.359304904937744,5,0,0,0
19.375699281692505,5,0,0,0
19.39211344718933,5,0,0,0
19.407503843307495,5,0,0,0
19.424025297164917,5,0,0,0
19.43946647644043,5,0,0,0
19.455860376358032,5,0,0,0
19.471357345581055,5,0,0,0
19.487728357315063,5,0,0,0
19.504184007644653,5,0,0,0
19.51959729194641,5,0,0,0
19.535935401916504,5,0,0,0
19.551494359970093,5,0,0,0
19.56786012649536,5,0,0,0
19.58341670036316,5,0,0,0
19.599828958511353,5,0,0,0
19.61623787879944,5,0,0,0
19.632774353027344,5,0,0,0
19.648171186447144,5,0,0,0
19.663660287857056,5,0,0,0
19.6800594329834,5,0,0,0
19.695459842681885,5,0,0,0
19.726234436035156,4,0,0,0
19.739779710769653,4,0,0,0
19.756226778030396,4,0,0,0
19.772879123687744,4,0,0,0
19.788331985473633,4,0,0,0
19.80486822128296,4,0,0,0
19.82035255432129,4,0,0,0
19.83680510520935,4,0,0,0
19.85238552093506,4,0,0,0
19.868853092193604,4,0,0,0
19.88437008857727,4,0,0,0
19.900832414627075,4,0,0,0
19.916320323944092,4,0,0,0
19.932910203933716,4,0,0,0
19.948367595672607,4,0,0,0
19.964871644973755,4,0,0,0
19.980356216430664,4,0,0,0
19.996814966201782,4,0,0,0
20.012386083602905,4,0,0,0
20.028861045837402,4,0,0,0
20.044328451156616,4,0,0,0
20.066904306411743,4,0,0,0
20.083178758621216,4,0,0,0
20.099260091781616,4,0,0,0
20.1154568195343,4,0,0,0
20.131781101226807,4,0,0,0
20.14790391921997,4,0,0,0
20.1641628742218,4,0,0,0
20.18031883239746,4,0,0,0
20.19637632369995,4,0,0,0
20.212530612945557,4,0,0,0
20.228755712509155,4,0,0,0
20.244956731796265,4,0,0,0
20.26097059249878,4,0,0,0
20.277059316635132,4,0,0,0
20.293232202529907,4,0,0,0
20.30937099456787,4,0,0,0
20.325557708740234,4,0,0,0
20.341906785964966,4,0,0,0
20.357996225357056,4,0,0,0
20.3742253780365,4,0,0,0
20.39032506942749,4,0,0,0
20.406399965286255,4,0,0,0
20.422759294509888,4,0,0,0
20.438907146453857,4,0,0,0
20.455003261566162,4,0,0,0
20.47114372253418,4,0,0,0
20.487242460250854,4,0,0,0
20.50346040725708,4,0,0,0
20.519773483276367,4,0,0,0
20.53596329689026,4,0,0,0
20.551672220230103,4,0,0,0
20.567399978637695,4,0,0,0
20.58424425125122,4,0,0,0
20.600972414016724,4,0,0,0
20.616780519485474,4,0,0,0
20.63277268409729,4,0,0,0
20.64754629135132,4,0,0,0
20.66349506378174,4,0,0,0
20.680216312408447,4,0,0,0
20.695953369140625,4,0,0,0
20.72356128692627,3,0,0,0
20.73742389678955,3,0,0,0
20.75338625907898,3,0,0,0
20.770213842391968,3,0,0,0
20.785948753356934,3,0,0,0
20.801798820495605,3,0,0,0
20.817539930343628,3,0,0,0
20.833380937576294,3,0,0,0
20.850119590759277,3,0,0,0
20.86591124534607,3,0,0,0
20.881880283355713,3,0,0,0
20.89766001701355,3,0,0,0
20.913509845733643,3,0,0,0
20.9302716255188,3,0,0,0
20.946922302246094,3,0,0,0
20.962549924850464,3,0,0,0
20.979068279266357,3,0,0,0
20.99451208114624,3,0,0,0
21.010967016220093,3,0,0,0
21.026464700698853,3,0,0,0
21.04315710067749,3,0,0,0
21.05867314338684,3,0,0,0
21.075243711471558,3,0,0,0
21.091728687286377,3,0,0,0
21.10822629928589,3,0,0,0
21.124729871749878,3,0,0,0
21.141236066818237,3,0,0,0
21.157749891281128,3,0,0,0
21.173406839370728,3,0,0,0
21.189901113510132,3,0,0,0
21.20530915260315,3,0,0,0
21.22188425064087,3,0,0,0
21.237321615219116,3,0,0,0
21.254101991653442,3,0,0,0
21.26957941055298,3,0,0,0
21.28603744506836,3,0,0,0
21.301679134368896,3,0,0,0
21.318148374557495,3,0,0,0
21.333808183670044,3,0,0,0
21.35025382041931,3,0,0,0
21.36661958694458,3,0,0,0
21.383094549179077,3,0,0,0
21.39849090576172,3,0,0,0
21.414960622787476,3,0,0,0
21.430298566818237,3,0,0,0
21.446643114089966,3,0,0,0
21.46420431137085,3,0,0,0
21.480185508728027,3,0,0,0
21.496204614639282,3,0,0,0
21.512764930725098,3,0,0,0
21.52931022644043,3,0,0,0
21.545416831970215,3,0,0,0
21.561596870422363,3,0,0,0
21.577643156051636,3,0,0,0
21.593758583068848,3,0,0,0
21.609838247299194,3,0,0,0
21.625937938690186,3,0,0,0
21.64107036590576,3,0,0,0
21.65704846382141,3,0,0,0
21.672311067581177,3,0,0,0
21.68838620185852,3,0,0,0
21.70457124710083,3,0,0,0
21.735939025878906,4,0,0,0
21.75020956993103,4,0,0,0
21.766236782073975,4,0,0,0
21.783146381378174,4,0,0,0
21.798745155334473,4,0,0,0
21.814455270767212,4,0,0,0
21.83117151260376,4,0,0,0
21.846759557724,4,0,0,0
21.86264944076538,4,0,0,0
21.878334045410156,4,0,0,0
21.895012140274048,4,0,0,0
21.91069006919861,4,0,0,0
21.927263259887695,4,0,0,0
21.944231271743774,4,0,0,0
21.96090865135193,4,0,0,0
21.976531744003296,4,0,0,0
21.992450714111328,4,0,0,0
22.009201288223267,4,0,0,0
22.02488422393799,4,0,0,0
22.040348768234253,4,0,0,0
22.05676770210266,4,0,0,0
22.07246422767639,4,0,0,0
22.088903427124023,4,0,0,0
22.1043963432312,4,0,0,0
22.12084197998047,4,0,0,0
22.136292457580566,4,0,0,0
22.152945280075073,4,0,0,0
22.168378829956055,4,0,0,0
22.18493103981018,4,0,0,0
22.20035719871521,4,0,0,0
22.216796159744263,4,0,0,0
22.232500076293945,4,0,0,0
22.24901247024536,4,0,0,0
22.264484167099,4,0,0,0
22.28089427947998,4,0,0,0
22.29631733894348,4,0,0,0
22.313042163848877,4,0,0,0
22.328511238098145,4,0,0,0
22.345011472702026,4,0,0,0
22.36046862602234,4,0,0,0
22.3769052028656,4,0,0,0
22.392550230026245,4,0,0,0
22.40906023979187,4,0,0,0
22.424503087997437,4,0,0,0
22.44096803665161,4,0,0,0
22.457396507263184,4,0,0,0
22.474154710769653,4,0,0,0
22.48990774154663,4,0,0,0
22.505597829818726,4,0,0,0
22.521316528320312,4,0,0,0
22.538136959075928,4,0,0,0
22.553829669952393,4,0,0,0
22.569493770599365,4,0,0,0
22.58628487586975,4,0,0,0
22.60312819480896,4,0,0,0
22.618797063827515,4,0,0,0
22.634522914886475,4,0,0,0
22.650150775909424,4,0,0,0
22.665836095809937,4,0,0,0
22.681756019592285,4,0,0,0
22.697369813919067,4,0,0,0
22.71425771713257,4,0,0,0
22.742436408996582,3,0,0,0
22.756104230880737,3,0,0,0
22.77198314666748,3,0,0,0
22.787685871124268,3,0,0,0
22.803311109542847,3,0,0,0
22.819981336593628,3,0,0,0
22.835633993148804,3,0,0,0
22.851399898529053,3,0,0,0
22.86809992790222,3,0,0,0
22.883774757385254,3,0,0,0
22.899437189102173,3,0,0,0
22.916086435317993,3,0,0,0
22.931968688964844,3,0,0,0
22.947614431381226,3,0,0,0
22.963455200195312,3,0,0,0
22.980054140090942,3,0,0,0
22.99568009376526,3,0,0,0
23.01133418083191,3,0,0,0
23.027756929397583,3,0,0,0
23.04329776763916,3,0,0,0
23.05963659286499,3,0,0,0
23.076002836227417,3,0,0,0
23.091386556625366,3,0,0,0
23.10776114463806,3,0,0,0
23.124155282974243,3,0,0,0
23.139715909957886,3,0,0,0
23.156084537506104,3,0,0,0
23.171466588974,3,0,0,0
23.18806743621826,3,1,0,1
23.203919172286987,3,1,0,1
23.219817876815796,3,1,0,1
23.23561930656433,3,0,0,1
23.251505613327026,3,0,0,1
23.26729679107666,3,0,0,1
23.284210920333862,3,0,0,1
23.30001997947693,3,0,0,1
23.315820455551147,3,0,0,1
23.331735372543335,3,0,0,1
23.347540378570557,3,0,0,1
23.363425731658936,3,0,0,1
23.380265712738037,3,0,0,1
23.397060871124268,3,0,0,1
23.412935495376587,3,0,0,1
23.428738832473755,3,0,0,1
23.444586515426636,3,0,0,1
23.4603853225708,3,0,0,1
23.477192163467407,3,0,0,1
23.49308753013611,3,0,0,1
23.508882999420166,3,0,0,1
23.524712085723877,3,0,0,1
23.540523052215576,3,0,0,1
23.556306838989258,3,0,0,1
23.573208570480347,3,0,0,1
23.589070796966553,3,0,0,1
23.604860544204712,3,0,0,1
23.62065887451172,3,0,0,1
23.636438369750977,3,0,0,1
23.651349782943726,3,0,0,1
23.668164014816284,3,0,0,1
23.684001207351685,3,0,0,1
23.699822425842285,3,0,0,1
23.71562695503235,3,0,0,1
23.731544733047485,3,0,0,1
23.74733591079712,3,0,0,1
23.764246225357056,3,0,0,1
23.78107738494873,3,0,0,1
23.796855449676514,3,0,0,1
23.812755346298218,3,0,0,1
23.82855248451233,3,0,0,1
23.844409465789795,3,0,0,1
23.861220836639404,3,0,0,1
23.878000020980835,3,0,0,1
23.89386224746704,3,0,0,1
23.909668922424316,3,0,0,1
23.925448179244995,3,0,0,1
23.94134497642517,3,0,0,1
23.95812463760376,3,0,0,1
23.973984718322754,3,0,0,1
23.989797353744507,3,0,0,1
24.00557827949524,3,0,0,1
24.02148985862732,3,0,0,1
24.03825879096985,3,0,0,1
24.05510425567627,3,0,0,1
24.070897817611694,3,0,0,1
24.086665391921997,3,0,0,1
24.102590799331665,3,0,0,1
24.118338108062744,3,0,0,1
24.135168313980103,3,0,0,1
24.150932550430298,3,0,0,1
24.166691303253174,3,0,0,1
24.18258547782898,3,0,0,1
24.198366403579712,3,0,0,1
24.21521830558777,3,0,0,1
24.232020378112793,3,0,0,1
24.24779987335205,3,0,0,1
24.263655185699463,3,0,0,1
24.279460906982422,3,0,0,1
24.296244144439697,3,0,0,1
24.313194513320923,3,0,0,1
24.32901954650879,3,0,0,1
24.34481644630432,3,0,0,1
24.360583305358887,3,0,0,1
24.376385927200317,3,0,0,1
24.39232301712036,3,0,0,1
24.409183263778687,3,0,0,1
24.42496681213379,3,0,0,1
24.4407479763031,3,0,0,1
24.456536054611206,3,0,0,1
24.472480535507202,3,0,0,1
24.488321781158447,3,0,0,1
24.50527811050415,3,0,0,1
24.52211022377014,3,0,0,1
24.538000106811523,3,0,0,1
24.5539972782135,3,0,0,1
24.569910287857056,3,0,0,1
24.585845470428467,3,0,0,1
24.60225009918213,3,0,0,1
24.619134426116943,3,0,0,1
24.63507318496704,3,0,0,1
24.650984525680542,3,0,0,1
24.666866064071655,3,0,0,1
24.68293285369873,3,0,0,1
24.698885917663574,3,0,0,1
24.714890480041504,3,0,0,1
24.730839014053345,3,0,0,1
24.74679923057556,3,0,0,1
24.76288866996765,3,0,0,1
24.7788565158844,3,0,0,1
24.794880628585815,3,0,0,1
24.81083846092224,3,0,0,1
24.826805353164673,3,0,0,1
24.842926025390625,3,0,0,1
24.858880043029785,3,0,0,1
24.874905824661255,3,0,0,1
24.890850067138672,3,0,0,1
24.906787395477295,3,0,0,1
24.922868013381958,3,0,0,1
24.938843488693237,3,0,0,1
24.95489501953125,3,0,0,1
24.97088360786438,3,0,0,1
24.98683452606201,3,0,0,1
25.002915382385254,3,0,0,1
25.01890730857849,3,0,0,1
25.034923791885376,3,0,0,1
25.050832986831665,3,0,0,1
25.067275762557983,3,0,0,1
25.083367824554443,3,0,0,1
25.09933066368103,3,0,0,1
25.11624026298523,3,0,0,1
25.13235116004944,3,0,0,1
25.14829659461975,3,0,0,1
25.16529107093811,3,0,0,1
25.182292938232422,3,0,0,1
25.19918417930603,3,0,0,0
25.22869038581848,4,0,0,0
25.242260456085205,4,0,0,0
25.2586772441864,4,0,0,0
25.27512240409851,4,0,0,0
25.29048228263855,4,0,0,0
25.30681848526001,4,0,0,0
25.32238793373108,4,0,0,0
25.33881139755249,4,0,0,0
25.35435914993286,4,0,0,0
25.37079644203186,4,0,0,0
25.387199878692627,4,0,0,0
25.402785062789917,4,0,0,0
25.419200897216797,4,0,0,0
25.434561729431152,4,0,0,0
25.45096707344055,4,0,0,0
25.46734356880188,4,0,0,0
25.483937740325928,4,0,0,0
25.49937343597412,4,0,0,0
25.515756368637085,4,0,0,0
25.53223943710327,4,0,0,0
25.548621892929077,4,0,0,0
25.565082788467407,4,0,0,0
25.580476760864258,4,0,0,0
25.596883535385132,4,0,0,0
25.612443208694458,4,0,0,0
25.628814697265625,4,0,0,0
25.644289016723633,4,0,0,0
25.660738229751587,4,0,0,0
25.677176237106323,4,0,0,0
25.692723751068115,4,0,0,0
25.709144830703735,4,0,0,0
25.724573612213135,4,0,0,0
25.74091410636902,4,0,0,0
25.75727677345276,4,0,0,0
25.773784160614014,4,0,0,0
25.790194034576416,4,0,0,0
25.805599212646484,4,0,0,0
25.822007417678833,4,0,0,0
25.83743667602539,4,0,0,0
25.854023694992065,4,0,0,0
25.86939525604248,4,0,0,0
25.885751247406006,4,0,0,0
25.902156114578247,4,0,0,0
25.917495012283325,4,0,0,0
25.93409562110901,4,0,0,0
25.949483394622803,4,0,0,0
25.965893507003784,4,0,0,0
25.981410026550293,4,0,0,0
25.997817993164062,4,0,0,0
26.01427388191223,4,0,0,0
26.030675649642944,4,0,0,0
26.04704785346985,4,0,0,0
26.062645435333252,4,0,0,0
26.0791232585907,4,0,0,0
26.094480514526367,4,0,0,0
26.110888719558716,4,0,0,0
26.127278327941895,4,0,0,0
26.14386820793152,4,0,0,0
26.159311056137085,4,0,0,0
26.175726413726807,4,0,0,0
26.192111253738403,4,0,0,0
26.207484483718872,4,0,0,0
26.23627996444702,5,0,0,0
26.24992537498474,5,0,0,0
26.265339136123657,5,0,0,0
26.281764030456543,5,0,0,0
26.29822850227356,5,0,0,0
26.314600944519043,5,0,0,0
26.331037044525146,5,0,0,0
26.346445560455322,5,0,0,0
26.36306619644165,5,0,0,0
26.378490447998047,5,0,0,0
26.39491844177246,5,0,0,0
26.410331964492798,5,0,0,0
26.426710844039917,5,0,0,0
26.443238019943237,5,0,0,0
26.46063542366028,5,0,0,0
26.4770290851593,5,0,0,0
26.492619276046753,5,0,0,0
26.50908637046814,5,0,0,0
26.524483680725098,5,0,0,0
26.540874242782593,5,0,0,0
26.557254552841187,5,0,0,0
26.573791027069092,5,0,0,0
26.590115070343018,5,0,0,0
26.605477333068848,5,0,0,0
26.62189221382141,5,0,0,0
26.638240575790405,5,0,0,0
26.653665781021118,5,0,0,0
26.67039704322815,5,1,0,1
26.686286687850952,5,1,0,1
26.702476263046265,5,0,0,1
26.71829628944397,5,0,0,1
26.735252618789673,5,0,0,1
26.75224781036377,5,0,0,1
26.769144773483276,5,0,0,1
26.78506851196289,5,0,0,1
26.800971746444702,5,0,0,1
26.81689167022705,5,0,0,1
26.832967519760132,5,0,0,1
26.848830223083496,5,0,0,1
26.864784002304077,5,0,0,1
26.880698919296265,5,0,0,1
26.896605730056763,5,0,0,1
26.912707328796387,5,0,0,1
26.92864441871643,5,0,0,1
26.944623231887817,5,0,0,1
26.960546493530273,5,0,0,1
26.97649598121643,5,0,0,1
26.992584705352783,5,0,0,1
27.00852108001709,5,0,0,1
27.0245099067688,5,0,0,1
27.040388584136963,5,0,0,1
27.057279586791992,5,0,0,1
27.073341608047485,5,0,0,1
27.090242385864258,5,0,0,1
27.107195377349854,5,0,0,1
27.122326135635376,5,0,0,1
27.139286756515503,5,0,0,1
27.156259536743164,5,0,0,1
27.172403573989868,5,0,0,1
27.188368558883667,5,0,0,1
27.20440149307251,5,0,0,1
27.22032642364502,5,0,0,1
27.237253665924072,5,0,0,1
27.25334119796753,5,0,0,1
27.269306421279907,5,0,0,1
27.286214590072632,5,0,0,1
27.30134606361389,5,0,0,1
27.3182692527771,5,0,0,1
27.335222721099854,5,0,0,1
27.35216975212097,5,0,0,1
27.36806583404541,5,0,0,1
27.3840389251709,5,0,0,1
27.399965286254883,5,0,0,1
27.415858268737793,5,0,0,1
27.431968688964844,5,0,0,1
27.44782066345215,5,0,0,1
27.46375584602356,5,0,0,1
27.479732036590576,5,0,0,1
27.495561838150024,5,0,0,1
27.511536121368408,5,0,0,1
27.528285264968872,5,0,0,1
27.545215129852295,5,0,0,1
27.562069416046143,5,0,0,1
27.577958345413208,5,0,0,1
27.593876600265503,5,0,0,1
27.60978102684021,5,0,0,1
27.62564468383789,5,0,0,1
27.641610383987427,5,0,0,1
27.657495260238647,5,0,0,1
27.67343044281006,5,0,0,1
27.689333200454712,5,0,0,1
27.706198692321777,5,0,0,1
27.722259044647217,5,0,0,1
27.739185571670532,5,0,0,1
27.755093097686768,5,0,0,1
27.771026372909546,5,0,0,1
27.786938428878784,5,0,0,1
27.802992582321167,5,0,0,1
27.819016695022583,5,0,0,1
27.834928274154663,5,0,0,1
27.850833415985107,5,0,0,1
27.866723775863647,5,0,0,1
27.882805347442627,5,0,0,1
27.898752689361572,5,0,0,1
27.91466212272644,5,0,0,1
27.930557012557983,5,0,0,1
27.946411609649658,5,0,0,1
27.962452173233032,5,0,0,1
27.978384017944336,5,0,0,1
27.99434518814087,5,0,0,1
28.011248111724854,5,0,0,1
28.02814292907715,5,0,0,1
28.044090032577515,5,0,0,1
28.059962272644043,5,0,0,1
28.075863122940063,5,0,0,1
28.091831922531128,5,0,0,1
28.10773730278015,5,0,0,1
28.12369704246521,5,0,0,1
28.139589309692383,5,0,0,1
28.155493021011353,5,0,0,1
28.171499967575073,5,0,0,1
28.1873996257782,5,0,0,1
28.20350432395935,5,0,0,1
28.21941590309143,5,0,0,1
28.23533606529236,5,0,0,1
28.251428604125977,5,0,0,1
28.26729989051819,5,0,0,1
28.283371448516846,5,0,0,1
28.299303770065308,5,0,0,1
28.31617307662964,5,0,0,1
28.332231760025024,5,0,0,1
28.349144458770752,5,0,0,1
28.364999294281006,5,0,0,1
28.380828380584717,5,0,0,1
28.396692991256714,5,0,0,1
28.412755727767944,5,0,0,1
28.428611516952515,5,0,0,1
28.444568872451782,5,0,0,1
28.46046280860901,5,0,0,1
28.476357221603394,5,0,0,1
28.49242877960205,5,0,0,1
28.50831627845764,5,0,0,1
28.525258779525757,5,0,0,1
28.542120933532715,5,0,0,1
28.558001279830933,5,0,0,1
28.573932886123657,5,0,0,1
28.589820384979248,5,0,0,1
28.60567045211792,5,0,0,1
28.621665000915527,5,0,0,1
28.637546062469482,5,0,0,1
28.652483701705933,5,0,0,1
28.668360710144043,5,0,0,1
28.68432068824768,5,0,0,0
28.717403650283813,1,0,0,0
28.73092532157898,1,0,0,0
28.747231245040894,1,0,0,0
28.76378560066223,1,0,0,0
28.780090808868408,1,0,0,0
28.795372486114502,1,0,0,0
28.811707973480225,1,0,0,0
28.828017473220825,1,0,0,0
28.84339737892151,1,0,0,0
28.859707355499268,1,0,0,0
28.87603735923767,1,0,0,0
28.891472816467285,1,0,0,0
28.90778660774231,1,0,0,0
28.924121141433716,1,0,0,0
28.93945550918579,1,0,0,0
28.955775022506714,1,0,0,0
28.97207021713257,1,0,0,0
28.987364768981934,1,0,0,0
29.00385069847107,1,0,0,0
29.02015471458435,1,0,0,0
29.03547716140747,1,0,0,0
29.05180549621582,1,0,0,0
29.068145751953125,1,0,0,0
29.083584785461426,1,0,0,0
29.09991955757141,1,0,0,0
29.116240978240967,1,0,0,0
29.132653951644897,1,0,0,0
29.14902949333191,1,0,0,0
29.164331436157227,1,0,0,0
29.180659532546997,1,0,0,0
29.1969895362854,1,0,0,0
29.21249508857727,1,0,0,0
29.24329662322998,2,1,1,0
29.256722450256348,2,1,1,0
29.27246880531311,2,1,1,0
29.28881025314331,2,1,1,0
29.30533719062805,2,0,0,0
29.321701288223267,2,0,0,0
29.338069200515747,2,0,0,0
29.35344386100769,2,0,0,0
29.369815587997437,2,0,0,0
29.386164665222168,2,0,0,0
29.401628494262695,2,0,0,0
29.418076753616333,2,0,0,0
29.433470249176025,2,0,0,0
29.449892282485962,2,0,0,0
29.46630072593689,2,0,0,0
29.48288106918335,2,0,0,0
29.499271631240845,2,0,0,0
29.51575469970703,2,0,0,0
29.532139539718628,2,0,0,0
29.547485828399658,2,0,0,0
29.56411075592041,2,0,0,0
29.57943820953369,2,0,0,0
29.595781087875366,2,0,0,0
29.612119674682617,2,0,0,0
29.627469539642334,2,0,0,0
29.642965078353882,2,0,0,0
29.658320426940918,2,0,0,0
29.674774169921875,2,0,0,0
29.691171169281006,2,0,0,0
29.706480741500854,2,0,0,0
29.723047733306885,2,0,0,0
29.738422632217407,2,0,0,0
29.75482702255249,2,0,0,0
29.771203994750977,2,0,0,0
29.786519050598145,2,0,0,0
29.80314826965332,2,0,0,0
29.818504333496094,2,0,0,0
29.83501172065735,2,0,0,0
29.85035514831543,2,0,0,0
29.866711378097534,2,0,0,0
29.883233070373535,2,0,0,0
29.899555206298828,2,0,0,0
29.915865182876587,2,0,0,0
29.93226981163025,2,0,0,0
29.948567152023315,2,0,0,0
29.965030193328857,2,0,0,0
29.980409383773804,2,0,0,0
29.9967679977417,2,0,0,0
30.01317548751831,2,0,0,0
30.0289044380188,2,0,0,0
30.044745683670044,2,0,0,0
30.060485124588013,2,0,0,0
30.077930688858032,2,0,0,0
30.093315601348877,2,0,0,0
30.109626531600952,2,0,0,0
30.125895977020264,2,0,0,0
30.141693353652954,2,0,0,0
30.15796709060669,2,0,0,0
30.173322677612305,2,0,0,0
30.189632415771484,2,0,0,0
30.205902576446533,2,0,0,0
30.222272157669067,2,0,0,0
30.25533699989319,1,0,0,0
30.268613576889038,1,0,0,0
30.284910678863525,1,0,0,0
30.301173210144043,1,0,0,0
30.3164222240448,1,0,0,0
30.332770109176636,1,0,0,0
30.349090099334717,1,0,0,0
30.36435055732727,1,0,0,0
30.380621910095215,1,0,0,0
30.396862983703613,1,0,0,0
30.413257122039795,1,0,0,0
30.429560661315918,1,0,0,0
30.445810556411743,1,0,0,0
30.463080883026123,1,0,0,0
30.47842288017273,1,0,0,0
30.49470806121826,1,0,0,0
30.5111825466156,1,0,0,0
30.526453971862793,1,0,0,0
30.54282259941101,1,0,0,0
30.559109210968018,1,0,0,0
30.57432246208191,1,0,0,0
30.590614080429077,1,0,0,0
30.606876850128174,1,0,0,0
30.62326741218567,1,0,0,0
30.63951873779297,1,0,0,0
30.655766487121582,1,0,0,0
30.672077178955078,1,0,0,0
30.687321186065674,1,0,0,0
30.7036554813385,1,0,0,0
30.719853401184082,1,0,0,0
30.73608112335205,1,0,0,0
30.751460313796997,1,0,0,0
30.76770043373108,1,0,0,0
30.78403329849243,1,0,0,0
30.800278663635254,1,0,0,0
30.8165385723114,1,0,0,0
30.83296799659729,1,0,0,0
30.849245071411133,1,0,0,0
30.865554094314575,1,0,0,0
30.881814002990723,1,0,0,0
30.89809560775757,1,0,0,0
30.913481950759888,1,0,0,0
30.929755210876465,1,0,0,0
30.946120023727417,1,0,0,0
30.961477279663086,1,0,0,0
30.97774887084961,1,0,0,0
30.994110584259033,1,0,0,0
31.009397745132446,1,0,0,0
31.025750875473022,1,0,0,0
31.04202151298523,1,0,0,0
31.057307958602905,1,0,0,0
31.073729991912842,1,0,0,0
31.090012073516846,1,0,0,0
31.105355501174927,1,0,0,0
31.121625900268555,1,0,0,0
31.137908220291138,1,0,0,0
31.15427017211914,1,0,0,0
31.17052698135376,1,0,0,0
31.186928033828735,1,0,0,0
31.203267097473145,1,0,0,0
31.219501733779907,1,0,0,0
31.235761642456055,1,0,0,0
31.264130353927612,5,0,0,0
31.2773916721344,5,0,0,0
31.29375195503235,5,0,0,0
31.31005573272705,5,0,0,0
31.325327157974243,5,0,0,0
31.341561794281006,5,0,0,0
31.35781240463257,5,0,0,0
31.374118328094482,5,0,0,0
31.389435529708862,5,0,0,0
31.405684232711792,5,0,0,0
31.421934604644775,5,0,0,0
31.438167572021484,5,0,0,0
31.453463554382324,5,0,0,0
31.469738960266113,5,0,0,0
31.485975980758667,5,0,0,0
31.502277374267578,5,0,0,0
31.51850938796997,5,0,0,0
31.534801959991455,5,0,0,0
31.551085233688354,5,0,0,0
31.566330671310425,5,0,0,0
31.582727670669556,5,0,0,0
31.59903645515442,5,0,0,0
31.615243673324585,5,0,0,0
31.631537437438965,5,0,0,0
31.646770477294922,5,0,0,0
31.6631760597229,5,0,0,0
31.678426265716553,5,0,0,0
31.694706678390503,5,0,0,0
31.711030960083008,5,0,0,0
31.726295948028564,5,0,0,0
31.74266529083252,5,0,0,0
31.759188175201416,5,1,0,1
31.774945974349976,5,1,0,1
31.79074215888977,5,1,0,1
31.8065242767334,5,1,0,1
31.822421073913574,5,1,0,1
31.839275121688843,5,0,0,1
31.855994701385498,5,0,0,1
31.871912240982056,5,0,0,1
31.887691259384155,5,0,0,1
31.903558015823364,5,0,0,1
31.919363737106323,5,0,0,1
31.93615961074829,5,0,0,1
31.952089548110962,5,0,0,1
31.967873334884644,5,0,0,1
31.983713150024414,5,0,0,1
31.999521017074585,5,0,0,1
32.01531410217285,5,0,0,1
32.03198599815369,5,0,0,1
32.047757148742676,5,0,0,1
32.063607692718506,5,0,0,1
32.079352140426636,5,0,0,1
32.09613585472107,5,0,0,1
32.11205291748047,5,0,0,1
32.127821922302246,5,0,0,1
32.14365029335022,5,0,0,1
32.15943694114685,5,0,0,1
32.17620539665222,5,0,0,1
32.193119764328,5,0,0,1
32.20891046524048,5,0,0,1
32.22476291656494,5,0,0,1
32.24057102203369,5,0,0,1
32.256348609924316,5,0,0,1
32.27231574058533,5,0,0,1
32.289145708084106,5,0,0,1
32.30492448806763,5,0,0,1
32.32072687149048,5,0,0,1
32.336507081985474,5,0,0,1
32.35243773460388,5,0,0,1
32.36922478675842,5,0,0,1
32.386033058166504,5,0,0,1
32.40198731422424,5,0,0,1
32.41775989532471,5,0,0,1
32.4336416721344,5,0,0,1
32.449445486068726,5,0,0,1
32.46624231338501,5,0,0,1
32.48314642906189,5,0,0,1
32.49905037879944,5,0,0,1
32.51492643356323,5,0,0,1
32.53075289726257,5,0,0,1
32.546562910079956,5,0,0,1
32.56250476837158,5,0,0,1
32.57831573486328,5,0,0,1
32.59524655342102,5,0,0,1
32.612060546875,5,0,0,1
32.62785482406616,5,0,0,1
32.64370107650757,5,0,0,1
32.659586906433105,5,0,0,1
32.675429582595825,5,0,0,1
32.69134831428528,5,0,0,1
32.70818281173706,5,0,0,1
32.72403621673584,5,0,0,1
32.739861249923706,5,0,0,1
32.75572466850281,5,0,0,1
32.77163243293762,5,0,0,1
32.7874596118927,5,0,0,1
32.80337953567505,5,0,0,1
32.820250511169434,5,0,0,1
32.83707237243652,5,0,0,1
32.85303711891174,5,0,0,1
32.86892318725586,5,0,0,1
32.884844064712524,5,0,0,1
32.90070152282715,5,0,0,1
32.916558027267456,5,0,0,1
32.93253707885742,5,0,0,1
32.94842791557312,5,0,0,1
32.964372634887695,5,0,0,1
32.98125600814819,5,0,0,1
32.99812150001526,5,0,0,1
33.013995885849,5,0,0,1
33.02987027168274,5,0,0,1
33.04569363594055,5,0,0,1
33.06165170669556,5,0,0,1
33.07745385169983,5,0,0,1
33.0933256149292,5,0,0,1
33.110198736190796,5,0,0,1
33.12604641914368,5,0,0,1
33.14202857017517,5,0,0,1
33.15789866447449,5,0,0,1
33.173805236816406,5,0,0,1
33.1896653175354,5,0,0,1
33.20553946495056,5,0,0,1
33.22149085998535,5,0,0,1
33.237351417541504,5,0,0,1
33.253302574157715,5,0,0,1
33.270150661468506,5,0,0,1
33.285990715026855,5,0,0,1
33.30196499824524,5,0,0,1
33.31783437728882,5,0,0,1
33.333757638931274,5,0,0,1
33.34965252876282,5,0,0,1
33.36545658111572,5,0,0,1
33.38142538070679,5,0,0,1
33.39827489852905,5,0,0,1
33.415191888809204,5,0,0,1
33.431039571762085,5,0,0,1
33.44685745239258,5,0,0,1
33.46279048919678,5,0,0,1
33.478649616241455,5,0,0,1
33.494545698165894,5,0,0,1
33.51039743423462,5,0,0,1
33.52713346481323,5,0,0,1
33.54303026199341,5,0,0,1
33.558873414993286,5,0,0,1
33.57477068901062,5,0,0,1
33.59060096740723,5,0,0,1
33.606431007385254,5,0,0,1
33.62238812446594,5,0,0,1
33.63923645019531,5,0,0,1
33.655091762542725,5,0,0,1
33.67094945907593,5,0,0,1
33.686787128448486,5,0,0,1
33.70271682739258,5,0,0,1
33.71858763694763,5,0,0,1
33.734495878219604,5,0,0,1
33.75037932395935,5,0,0,1
33.76724123954773,5,0,0,0
33.79761862754822,2,0,0,0
33.811102628707886,2,0,0,0
33.82646441459656,2,0,0,0
33.84291362762451,2,0,0,0
33.85926651954651,2,0,0,0
33.87562870979309,2,0,0,0
33.89192748069763,2,0,0,0
33.90734910964966,2,0,0,0
33.92378234863281,2,0,0,0
33.94010591506958,2,0,0,0
33.95538687705994,2,0,0,0
33.971726417541504,2,0,0,0
33.98806643486023,2,0,0,0
34.00340723991394,2,0,0,0
34.019760608673096,2,0,0,0
34.036076068878174,2,0,0,0
34.05146384239197,2,0,0,0
34.067808628082275,2,0,0,0
34.08416271209717,2,0,0,0
34.099445819854736,2,0,0,0
34.11572813987732,2,0,0,0
34.13207674026489,2,0,0,0
34.14785051345825,2,0,0,0
34.16422963142395,2,0,0,0
34.180567264556885,2,0,0,0
34.19686698913574,2,0,0,0
34.21232199668884,2,0,0,0
34.22869253158569,2,0,0,0
34.245052337646484,2,0,0,0
34.26037311553955,2,0,0,0
34.27668809890747,2,0,0,0
34.2930908203125,2,0,0,0
34.3084454536438,2,0,0,0
34.324779987335205,2,0,0,0
34.3411169052124,2,0,0,0
34.35639476776123,2,0,0,0
34.372802734375,2,0,0,0
34.389193296432495,2,0,0,0
34.404500246047974,2,0,0,0
34.42079043388367,2,0,0,0
34.43709993362427,2,0,0,0
34.45251488685608,2,0,0,0
34.469852685928345,2,0,0,0
34.48615550994873,2,0,0,0
34.50159502029419,2,0,0,0
34.51789331436157,2,0,0,0
34.53419804573059,2,0,0,0
34.549562215805054,2,0,0,0
34.56585097312927,2,0,0,0
34.582127809524536,2,0,0,0
34.59740924835205,2,0,0,0
34.61383271217346,2,0,0,0
34.63019037246704,2,0,0,0
34.64444708824158,2,0,0,0
34.66074872016907,2,0,0,0
34.67707109451294,2,0,0,0
34.6924729347229,2,0,0,0
34.708834648132324,2,0,0,0
34.72518014907837,2,0,0,0
34.74047517776489,2,0,0,0
34.75675559043884,2,0,0,0
34.77316761016846,2,0,0,0
34.80089497566223,5,0,0,0
34.81421875953674,5,0,0,0
34.830562353134155,5,0,0,0
34.846869707107544,5,0,0,0
34.862290143966675,5,0,0,0
34.87859082221985,5,0,0,0
34.89490532875061,5,0,0,0
34.91126799583435,5,0,0,0
34.92758345603943,5,0,0,0
34.94399571418762,5,0,0,0
34.960285663604736,5,0,0,0
34.97660493850708,5,0,0,0
34.99304270744324,5,0,0,0
35.00834679603577,5,0,0,0
35.02469491958618,5,0,0,0
35.04102635383606,5,0,0,0
35.0563747882843,5,0,0,0
35.07288122177124,5,0,0,0
35.08919811248779,5,0,0,0
35.104575634002686,5,0,0,0
35.12039828300476,5,0,0,0
35.13667964935303,5,0,0,0
35.15325927734375,5,0,0,0
35.16953206062317,5,0,0,0
35.18595314025879,5,0,0,0
35.20229625701904,5,0,0,0
35.2185537815094,5,0,0,0
35.23492431640625,5,0,0,0
35.251190423965454,5,0,0,0
35.266475677490234,5,0,0,0
35.28283381462097,5,0,0,0
35.29912805557251,5,0,0,0
35.31438875198364,5,0,0,0
35.330647230148315,5,0,0,0
35.346943855285645,5,0,0,0
35.36231541633606,5,0,0,0
35.37859511375427,5,0,0,0
35.39496970176697,5,0,0,0
35.41122126579285,5,0,0,0
35.42750000953674,5,0,0,0
35.44390368461609,5,0,0,0
35.46114897727966,5,0,0,0
35.476381063461304,5,0,0,0
35.49273443222046,5,0,0,0
35.50911498069763,5,0,0,0
35.524343729019165,5,0,0,0
35.54059553146362,5,0,0,0
35.556851625442505,5,0,0,0
35.573198318481445,5,0,0,0
35.58855414390564,5,0,0,0
35.604896783828735,5,0,0,0
35.621206521987915,5,0,0,0
35.63650703430176,5,0,0,0
35.651936531066895,5,0,0,0
35.6682493686676,5,0,0,0
35.68460202217102,5,0,0,0
35.70092225074768,5,0,0,0
35.71721649169922,5,0,0,0
35.73254871368408,5,0,0,0
35.74881982803345,5,0,0,0
35.7651584148407,5,0,0,0
35.78041052818298,5,0,0,0
35.80881977081299,5,0,0,0
35.822272062301636,5,0,0,0
35.83851408958435,5,0,0,0
35.854774713516235,5,0,0,0
35.871049642562866,5,0,0,0
35.88629174232483,5,0,0,0
35.902682065963745,5,0,0,0
35.91899275779724,5,0,0,0
35.93521523475647,5,0,0,0
35.95049715042114,5,0,0,0
35.96674060821533,5,0,0,0
35.98308777809143,5,0,0,0
35.999319553375244,5,0,0,0
36.01552414894104,5,0,0,0
36.031805753707886,5,0,0,0
36.048057317733765,5,0,0,0
36.063395977020264,5,0,0,0
36.07969570159912,5,0,0,0
36.0959587097168,5,0,0,0
36.11132836341858,5,0,0,0
36.12756633758545,5,0,0,0
36.143919229507446,5,0,0,0
36.16015291213989,5,0,0,0
36.17541527748108,5,0,0,0
36.191694021224976,5,0,0,0
36.20793652534485,5,0,0,0
36.22425675392151,5,0,0,0
36.24048566818237,5,0,0,0
36.256760597229004,5,0,0,0
36.273181676864624,5,0,0,0
36.28845405578613,5,0,0,0
36.304816246032715,5,0,0,0
36.32111954689026,5,0,0,0
36.33641052246094,5,0,0,0
36.352792501449585,5,0,0,0
36.369197845458984,5,0,0,0
36.38446927070618,5,0,0,0
36.40066432952881,5,0,0,0
36.41689991950989,5,0,0,0
36.43328237533569,5,0,0,0
36.44952344894409,5,0,0,0
36.466798067092896,5,0,0,0
36.48318600654602,5,0,0,0
36.49846076965332,5,0,0,0
36.515034198760986,5,0,0,0
36.53032898902893,5,0,0,0
36.54668951034546,5,0,0,0
36.56316065788269,5,0,0,0
36.57849597930908,5,0,0,0
36.59493064880371,5,0,0,0
36.61124920845032,5,0,0,0
36.627567529678345,5,0,0,0
36.64299821853638,5,0,0,0
36.65925073623657,5,0,0,0
36.6755735874176,5,0,0,0
36.69183707237244,5,0,0,0
36.708157539367676,5,0,0,0
36.72349715232849,5,0,0,0
36.739784955978394,5,0,0,0
36.7560350894928,5,0,0,0
36.7713577747345,5,0,0,0
36.787617683410645,5,0,0,0
36.81525659561157,3,0,0,0
36.828508138656616,3,0,0,0
36.84484314918518,3,0,0,0
36.86110973358154,3,0,0,0
36.87639546394348,3,0,0,0
36.89277100563049,3,0,0,0
36.90916132926941,3,0,0,0
36.924400329589844,3,0,0,0
36.940656900405884,3,0,0,0
36.95689153671265,3,0,0,0
36.97324252128601,3,0,0,0
36.989450216293335,3,0,0,0
37.00588583946228,3,0,0,0
37.022249698638916,3,0,0,0
37.0374858379364,3,0,0,0
37.05382966995239,3,0,0,0
37.07011556625366,3,0,0,0
37.08535671234131,3,0,0,0
37.10160255432129,3,0,0,0
37.11782956123352,3,0,0,0
37.13426733016968,3,0,0,0
37.15066742897034,3,0,0,0
37.16696119308472,3,0,0,0
37.18239450454712,3,0,0,0
37.19870352745056,3,0,0,0
37.21501159667969,3,0,0,0
37.23033428192139,3,0,0,0
37.246625900268555,3,0,0,0
37.26304745674133,3,0,0,0
37.27892088890076,3,0,0,0
37.29526996612549,3,0,0,0
37.31161379814148,3,0,0,0
37.327895402908325,3,0,0,0
37.34332084655762,3,0,0,0
37.35968780517578,3,0,0,0
37.375954151153564,3,0,0,0
37.391350984573364,3,0,0,0
37.40766620635986,3,0,0,0
37.42422294616699,3,0,0,0
37.44058156013489,3,0,0,0
37.457905769348145,3,0,0,0
37.47338056564331,3,0,0,0
37.489696979522705,3,0,0,0
37.5060875415802,3,0,0,0
37.52160096168518,3,0,0,0
37.53794074058533,3,0,0,0
37.55345559120178,3,0,0,0
37.569862842559814,3,0,0,0
37.585299253463745,3,0,0,0
37.60171175003052,3,0,0,0
37.61813306808472,3,0,0,0
37.63363218307495,3,0,0,0
37.649123430252075,3,0,0,0
37.664499282836914,3,0,0,0
37.68087649345398,3,0,0,0
37.697267055511475,3,0,0,0
37.713945388793945,3,0,0,0
37.72980046272278,3,0,0,0
37.74541211128235,3,0,0,0
37.7622184753418,3,0,0,0
37.77911067008972,3,0,0,0
37.794923305511475,3,0,0,0
37.824862241744995,2,0,0,0
37.83769392967224,2,0,0,0
37.85356855392456,2,0,0,0
37.86940026283264,2,0,0,0
37.886048793792725,2,0,0,0
37.90172529220581,2,0,0,0
37.9174063205719,2,0,0,0
37.93413996696472,2,0,0,0
37.95023226737976,2,0,0,0
37.965951919555664,2,0,0,0
37.98168063163757,2,0,0,0
37.997376918792725,2,0,0,0
38.01417779922485,2,0,0,0
38.029911518096924,2,0,0,0
38.04561734199524,2,0,0,0
38.06133794784546,2,0,0,0
38.078028202056885,2,0,0,0
38.09379982948303,2,0,0,0
38.10963582992554,2,0,0,0
38.12543702125549,2,0,0,0
38.142094135284424,2,0,0,0
38.157795667648315,2,0,0,0
38.173583030700684,2,0,0,0
38.18939685821533,2,0,0,0
38.20617437362671,2,0,0,0
38.221970081329346,2,0,0,0
38.23771023750305,2,0,0,0
38.25344920158386,2,0,0,0
38.27017331123352,2,0,0,0
38.28593897819519,2,0,0,0
38.30175232887268,2,0,0,0
38.31740474700928,2,0,0,0
38.33413791656494,2,0,0,0
38.34986329078674,2,0,0,0
38.3655309677124,2,0,0,0
38.38218569755554,2,0,0,0
38.3978271484375,2,0,0,0
38.41363310813904,2,0,0,0
38.42929673194885,2,0,0,0
38.44606137275696,2,0,0,0
38.462860345840454,2,0,0,0
38.478614807128906,2,0,0,0
38.494428396224976,2,0,0,0
38.51123237609863,2,0,0,0
38.527984619140625,2,0,0,0
38.54374647140503,2,0,0,0
38.55946135520935,2,0,0,0
38.57613229751587,2,0,0,0
38.59187126159668,2,0,0,0
38.60762143135071,2,0,0,0
38.623536586761475,2,0,0,0
38.63930559158325,2,0,0,0
38.655065298080444,2,0,0,0
38.67086935043335,2,0,0,0
38.68659520149231,2,0,0,0
38.7023184299469,2,0,0,0
38.71913480758667,2,0,0,0
38.73487305641174,2,0,0,0
38.7506799697876,2,0,0,0
38.76642465591431,2,0,0,0
38.78326630592346,2,0,0,0
38.80001974105835,2,0,0,0
38.832788944244385,1,0,0,0
38.869794845581055,1,0,0,0
38.88413953781128,1,0,0,0
38.89995265007019,1,0,0,0
38.9153938293457,1,0,0,0
38.93180537223816,1,0,0,0
38.948235750198364,1,0,0,0
38.96473240852356,1,0,0,0
38.981170892715454,1,0,0,0
38.996601819992065,1,0,0,0
39.013174057006836,1,0,0,0
39.02868151664734,1,0,0,0
39.045093059539795,1,0,0,0
39.06050372123718,1,0,0,0
39.07685303688049,1,0,0,0
39.09239459037781,1,0,0,0
39.108768939971924,1,0,0,0
39.125192403793335,1,0,0,0
39.140626430511475,1,0,0,0
39.15696930885315,1,0,0,0
39.17249846458435,1,0,0,0
39.18912625312805,1,0,0,0
39.20456671714783,1,0,0,0
39.22091889381409,1,0,0,0
39.23635816574097,1,0,0,0
39.252938985824585,1,0,0,0
39.26839256286621,1,0,0,0
39.28487539291382,1,0,0,0
39.30129051208496,1,0,0,0
39.31771802902222,1,0,0,0
39.33427333831787,1,0,0,0
39.350722312927246,1,0,0,0
39.367143869400024,1,0,0,0
39.382725954055786,1,0,0,0
39.39914584159851,1,0,0,0
39.41454482078552,1,0,0,0
39.430994510650635,1,0,0,0
39.44638228416443,1,0,0,0
39.46387505531311,1,0,0,0
39.4802725315094,1,0,0,0
39.49663209915161,1,0,0,0
39.51330351829529,1,0,0,0
39.529401779174805,1,0,0,0
39.54590368270874,1,0,0,0
39.56142830848694,1,0,0,0
39.57785773277283,1,0,0,0
39.59346580505371,1,0,0,0
39.609923362731934,1,0,0,0
39.62542223930359,1,0,0,0
39.64187526702881,1,0,0,0
39.6573281288147,1,0,0,0
39.67397212982178,1,0,0,0
39.68943476676941,1,0,0,0
39.706178188323975,1,0,0,0
39.72221326828003,1,0,0,0
39.73901653289795,1,0,0,0
39.754680156707764,1,0,0,0
39.77046513557434,1,0,0,0
39.78717637062073,1,0,0,0
39.802887201309204,1,0,0,0
39.835447788238525,1,0,0,0
39.849042654037476,1,0,0,0
39.864741802215576,1,0,0,0
39.88120222091675,1,0,0,0
39.896642208099365,1,0,0,0
39.91320443153381,1,0,0,0
39.928651571273804,1,0,0,0
39.945152044296265,1,0,0,0
39.96058416366577,1,0,0,0
39.976999282836914,1,0,0,0
39.9926278591156,1,0,0,0
40.00913953781128,1,0,0,0
40.02465772628784,1,0,0,0
40.04105353355408,1,0,0,0
40.0564923286438,1,0,0,0
40.0731246471405,1,0,0,0
40.088555574417114,1,0,0,0
40.10507154464722,1,0,0,0
40.12052893638611,1,0,0,0
40.13693356513977,1,0,0,0
40.15255260467529,1,0,0,0
40.16904592514038,1,0,0,0
40.184529066085815,1,0,0,0
40.20094895362854,1,0,0,0
40.216379165649414,1,0,0,0
40.23322629928589,1,0,0,0
40.24971842765808,1,0,0,0
40.265445947647095,1,0,0,0
40.28227734565735,1,0,0,0
40.298805952072144,1,0,0,0
40.31962585449219,1,0,0,0
40.335745334625244,1,0,0,0
40.35193061828613,1,0,0,0
40.367767572402954,1,0,0,0
40.38384675979614,1,0,0,0
40.39968252182007,1,0,0,0
40.416436195373535,1,0,0,0
40.433075189590454,1,0,0,0
40.448620080947876,1,0,0,0
40.46533131599426,1,0,0,0
40.481847047805786,1,0,0,0
40.49737882614136,1,0,0,0
40.51438069343567,1,0,0,0
40.52999997138977,1,0,0,0
40.54561471939087,1,0,0,0
40.56209754943848,1,0,0,0
40.578277349472046,1,0,0,0
40.594964265823364,1,0,0,0
40.610431432724,1,0,0,0
40.6269645690918,1,0,0,0
40.64161038398743,1,0,0,0
40.65811514854431,1,0,0,0
40.673688888549805,1,0,0,0
40.690173387527466,1,0,0,0
40.70569205284119,1,0,0,0
40.72217273712158,1,0,0,0
40.7376594543457,1,0,0,0
40.753358602523804,1,0,0,0
40.76979851722717,1,0,0,0
40.78629541397095,1,0,0,0
40.80294871330261,1,0,0,0
40.81842517852783,1,0,0,0
40.84911298751831,2,0,0,0
40.86261820793152,2,0,0,0
40.878406047821045,2,0,0,0
40.89478850364685,2,0,0,0
40.91117525100708,2,0,0,0
40.92653489112854,2,0,0,0
40.94305419921875,2,0,0,0
40.958434104919434,2,0,0,0
40.975144147872925,2,0,0,0
40.99069356918335,2,0,0,0
41.00704312324524,2,0,0,0
41.022616386413574,2,0,0,0
41.039031982421875,2,0,0,0
41.055354833602905,2,0,0,0
41.07186198234558,2,0,0,0
41.08817672729492,2,0,0,0
41.10360789299011,2,0,0,0
41.11990761756897,2,0,0,0
41.13630414009094,2,0,0,0
41.15260434150696,2,0,0,0
41.16883873939514,2,0,0,0
41.18521046638489,2,0,0,0
41.2013373374939,2,0,0,0
41.21806764602661,2,0,0,0
41.23394513130188,2,0,0,0
41.24966907501221,2,0,0,0
41.265451192855835,2,0,0,0
41.28210163116455,2,0,0,0
41.297547340393066,2,0,0,0
41.31430625915527,2,0,0,0
41.33092260360718,2,0,0,0
41.34654951095581,2,0,0,0
41.3633074760437,2,0,0,0
41.379918813705444,2,0,0,0
41.39549970626831,2,0,0,0
41.41206955909729,2,0,0,0
41.42767143249512,2,0,0,0
41.44430470466614,2,0,0,0
41.4617018699646,2,0,0,0
41.4782497882843,2,0,0,0
41.4936900138855,2,0,0,0
41.510175466537476,2,0,0,0
41.525601625442505,2,0,0,0
41.54202651977539,2,0,0,0
41.55745601654053,2,0,0,0
41.57403039932251,2,0,0,0
41.589487075805664,2,0,0,0
41.605929136276245,2,0,0,0
41.621464252471924,2,0,0,0
41.63790726661682,2,0,0,0
41.65241980552673,2,0,0,0
41.668888330459595,2,0,0,0
41.68438243865967,2,0,0,0
41.70079827308655,2,0,0,0
41.71724009513855,2,0,0,0
41.73380136489868,2,0,0,0
41.75027084350586,2,0,0,0
41.76667308807373,2,0,0,0
41.78327775001526,2,0,0,0
41.79969310760498,2,0,0,0
41.81610560417175,2,0,0,0
41.83166313171387,2,0,0,0
41.85140061378479,2,1,0,1
41.864124059677124,2,1,0,1
41.881882190704346,2,1,0,1
41.89837694168091,2,1,0,1
41.91509008407593,2,0,0,1
41.93094348907471,2,0,0,1
41.946818590164185,2,0,0,1
41.962730169296265,2,0,0,1
41.978554248809814,2,0,0,1
41.99447059631348,2,0,0,1
42.01128363609314,2,0,0,1
42.02809953689575,2,0,0,1
42.04395771026611,2,0,0,1
42.05979132652283,2,0,0,1
42.075624227523804,2,0,0,1
42.09154796600342,2,0,0,1
42.107367515563965,2,0,0,1
42.1242790222168,2,0,0,1
42.14108467102051,2,0,0,1
42.15691590309143,2,0,0,1
42.17280101776123,2,0,0,1
42.188581705093384,2,0,0,1
42.20441675186157,2,0,0,1
42.22117781639099,2,0,0,1
42.23688793182373,2,0,0,1
42.25269341468811,2,0,0,1
42.2685387134552,2,0,0,1
42.284377574920654,2,0,0,1
42.30111336708069,2,0,0,1
42.31695747375488,2,0,0,1
42.332854986190796,2,0,0,1
42.34865999221802,2,0,0,1
42.364564180374146,2,0,0,1
42.38043403625488,2,0,0,1
42.39724922180176,2,0,0,1
42.41319179534912,2,0,0,1
42.42899012565613,2,0,0,1
42.444878578186035,2,0,0,1
42.460702896118164,2,0,0,1
42.47656226158142,2,0,0,1
42.4925274848938,2,0,0,1
42.509339332580566,2,0,0,1
42.52623534202576,2,0,0,1
42.54221248626709,2,0,0,1
42.55814290046692,2,0,0,1
42.57420754432678,2,0,0,1
42.59015393257141,2,0,0,1
42.606008768081665,2,0,0,1
42.622063398361206,2,0,0,1
42.63797569274902,2,0,0,1
42.65295433998108,2,0,0,1
42.66883134841919,2,0,0,1
42.6849091053009,2,0,0,1
42.70082378387451,2,0,0,1
42.71673321723938,2,0,0,1
42.73270869255066,2,0,0,1
42.74862289428711,2,0,0,1
42.764671087265015,2,0,0,1
42.78064322471619,2,0,0,1
42.796509742736816,2,0,0,1
42.81262230873108,2,0,0,1
42.82842445373535,2,0,0,1
42.84433054924011,2,0,0,1
42.86125349998474,2,0,0,1
42.87704586982727,2,0,0,1
42.89302039146423,2,0,0,1
42.90889763832092,2,0,0,1
42.92481875419617,2,0,0,1
42.940704345703125,2,0,0,1
42.956626176834106,2,0,0,1
42.97254014015198,2,0,0,1
42.988457441329956,2,0,0,1
43.00433945655823,2,0,0,1
43.02127981185913,2,0,0,1
43.03813934326172,2,0,0,1
43.054017543792725,2,0,0,1
43.06995463371277,2,0,0,1
43.08575415611267,2,0,0,1
43.101725339889526,2,0,0,1
43.11761689186096,2,0,0,1
43.133596420288086,2,0,0,1
43.14950156211853,2,0,0,1
43.1653835773468,2,0,0,1
43.18147873878479,2,0,0,1
43.197354316711426,2,0,0,1
43.21334791183472,2,0,0,1
43.23025584220886,2,0,0,1
43.24717402458191,2,0,0,1
43.263155698776245,2,0,0,1
43.279069900512695,2,0,0,1
43.294928550720215,2,0,0,1
43.31081032752991,2,0,0,1
43.326704025268555,2,0,0,1
43.34266185760498,2,0,0,1
43.358510971069336,2,0,0,1
43.374478578567505,2,0,0,1
43.390339374542236,2,0,0,1
43.40718197822571,2,0,0,1
43.423158168792725,2,0,0,1
43.43906593322754,2,0,0,1
43.45492649078369,2,0,0,1
43.47079515457153,2,0,0,1
43.48663020133972,2,0,0,1
43.502572774887085,2,0,0,1
43.51838254928589,2,0,0,1
43.53431415557861,2,0,0,1
43.55115556716919,2,0,0,1
43.56699800491333,2,0,0,1
43.58294677734375,2,0,0,1
43.59878492355347,2,0,0,1
43.61471366882324,2,0,0,1
43.63057017326355,2,0,0,1
43.646419525146484,2,0,0,1
43.66239261627197,2,0,0,1
43.679221391677856,2,0,0,1
43.69610142707825,2,0,0,1
43.71216702461243,2,0,0,1
43.72795033454895,2,0,0,1
43.743955850601196,2,0,0,1
43.75979018211365,2,0,0,1
43.77562594413757,2,0,0,1
43.79161310195923,2,0,0,1
43.80743074417114,2,0,0,1
43.82336449623108,2,0,0,1
43.84023356437683,2,0,0,1
43.857091665267944,2,0,0,0
43.88668084144592,2,0,0,0
43.90038704872131,2,0,0,0
43.91687321662903,2,0,0,0
43.932424545288086,2,0,0,0
43.94882678985596,2,0,0,0
43.96442627906799,2,0,0,0
43.980867862701416,2,0,0,0
43.99631190299988,2,0,0,0
44.012866497039795,2,0,0,0
44.028502225875854,2,0,0,0
44.045127868652344,2,0,0,0
44.06055736541748,2,0,0,0
44.07699728012085,2,0,0,0
44.0925772190094,2,0,0,0
44.109060764312744,2,0,0,0
44.12449884414673,2,0,0,0
44.14093995094299,2,0,0,0
44.15637755393982,2,0,0,0
44.17311143875122,2,0,0,0
44.18853735923767,2,0,0,0
44.205071449279785,2,0,0,0
44.22052502632141,2,0,0,0
44.23696160316467,2,0,0,0
44.252503871917725,2,0,0,0
44.269012212753296,2,0,0,0
44.28450798988342,2,0,0,0
44.300968647003174,2,0,0,0
44.31665825843811,2,0,0,0
44.332465410232544,2,0,0,0
44.34920954704285,2,0,0,0
44.36493110656738,2,0,0,0
44.38062524795532,2,0,0,0
44.39732003211975,2,0,0,0
44.41387701034546,2,0,0,0
44.429367780685425,2,0,0,0
44.44583058357239,2,0,0,0
44.46233892440796,2,0,0,0
44.47880816459656,2,0,0,0
44.4943745136261,2,0,0,0
44.51107430458069,2,0,0,0
44.5265109539032,2,0,0,0
44.54304242134094,2,0,0,0
44.558597564697266,2,0,0,0
44.575112104415894,2,0,0,0
44.590491771698,2,0,0,0
44.606942892074585,2,0,0,0
44.62253785133362,2,0,0,0
44.63905668258667,2,0,0,0
44.653510332107544,2,0,0,0
44.66994333267212,2,0,0,0
44.685410499572754,2,0,0,0
44.70185446739197,2,0,0,0
44.71829032897949,2,0,0,0
44.73483443260193,2,0,0,0
44.75124716758728,2,0,0,0
44.76786541938782,2,0,0,0
44.78349494934082,2,0,0,0
44.79992365837097,2,0,0,0
44.815354347229004,2,0,0,0
44.83176326751709,2,0,0,0
44.84820628166199,2,0,0,0
44.86378192901611,2,0,0,0
44.89429450035095,2,0,0,0
44.90777325630188,2,0,0,0
44.924296140670776,2,0,0,0
44.94073724746704,2,0,0,0
44.957189083099365,2,0,0,0
44.97281265258789,2,0,0,0
44.98934483528137,2,0,0,0
45.005799531936646,2,0,0,0
45.021300315856934,2,0,0,0
45.03777885437012,2,0,0,0
45.053324937820435,2,0,0,0
45.0697283744812,2,0,0,0
45.086214780807495,2,0,0,0
45.10176348686218,2,0,0,0
45.118226051330566,2,0,0,0
45.13476014137268,2,0,0,0
45.15117526054382,2,0,0,0
45.16661739349365,2,0,0,0
45.1832070350647,2,0,0,0
45.19865107536316,2,0,0,0
45.21519708633423,2,0,0,0
45.23062586784363,2,0,0,0
45.24730896949768,2,0,0,0
45.26392674446106,2,0,0,0
45.27941846847534,2,0,0,0
45.29612898826599,2,0,0,0
45.319435834884644,2,0,0,0
45.335893869400024,2,0,0,0
45.35145044326782,2,0,0,0
45.36804795265198,2,0,0,0
45.38369703292847,2,0,0,0
45.40014123916626,2,0,0,0
45.415573596954346,2,0,0,0
45.43199014663696,2,0,0,0
45.447418212890625,2,0,0,0
45.46503257751465,2,0,0,0
45.480506896972656,2,0,0,0
45.49699878692627,2,0,0,0
45.5127387046814,2,0,0,0
45.529112577438354,2,0,0,0
45.544426918029785,2,0,0,0
45.56067681312561,2,0,0,0
45.576939821243286,2,0,0,0
45.59283947944641,2,1,0,1
45.60861086845398,2,1,0,1
45.62449526786804,2,1,0,1
45.64128875732422,2,1,0,1
45.65810441970825,2,1,0,1
45.67349886894226,2,0,0,1
45.68930768966675,2,0,0,1
45.706119775772095,2,0,0,1
45.72204875946045,2,0,0,1
45.73784589767456,2,0,0,1
45.75374507904053,2,0,0,1
45.769545555114746,2,0,0,1
45.785346031188965,2,0,0,1
45.80214309692383,2,0,0,1
45.818273067474365,2,0,0,1
45.83514046669006,2,0,0,1
45.850929498672485,2,0,0,1
45.866708517074585,2,0,0,1
45.88266348838806,2,0,0,1
45.898483991622925,2,0,0,1
45.9144172668457,2,0,0,1
45.931257486343384,2,0,0,1
45.94809103012085,2,0,0,1
45.96398901939392,2,0,0,1
45.979841232299805,2,0,0,1
45.99567198753357,2,0,0,1
46.01161050796509,2,0,0,1
46.02742004394531,2,0,0,1
46.043389558792114,2,0,0,1
46.060264348983765,2,0,0,1
46.07708549499512,2,0,0,1
46.09308052062988,2,0,0,1
46.10900592803955,2,0,0,1
46.12479114532471,2,0,0,1
46.14061713218689,2,0,0,1
46.15642738342285,2,0,0,1
46.172391176223755,2,0,0,1
46.18922829627991,2,0,0,1
46.206040143966675,2,0,0,1
46.22200036048889,2,0,0,1
46.237781286239624,2,0,0,1
46.25366401672363,2,0,0,1
46.26947903633118,2,0,0,1
46.286250591278076,2,0,0,1
46.303213357925415,2,0,0,1
46.31999230384827,2,0,0,1
46.335793256759644,2,0,0,1
46.35168242454529,2,0,0,1
46.36744809150696,2,0,0,1
46.38337564468384,2,0,0,1
46.40013408660889,2,0,0,1
46.41590666770935,2,0,0,1
46.43184566497803,2,0,0,1
46.44762086868286,2,0,0,1
46.46354532241821,2,0,0,1
46.47933840751648,2,0,0,1
46.49614953994751,2,0,0,1
46.512123823165894,2,0,0,1
46.52791452407837,2,0,0,1
46.5438015460968,2,0,0,1
46.559589862823486,2,0,0,1
46.57557916641235,2,0,0,1
46.59143114089966,2,0,0,1
46.608240365982056,2,0,0,1
46.62512803077698,2,0,0,1
46.640918254852295,2,0,0,1
46.656707763671875,2,0,0,1
46.672672748565674,2,0,0,1
46.6884868144989,2,0,0,1
46.704355239868164,2,0,0,1
46.72115111351013,2,0,0,1
46.736955404281616,2,0,0,1
46.75292444229126,2,0,0,1
46.76870918273926,2,0,0,1
46.78456497192383,2,0,0,1
46.80039167404175,2,0,0,1
46.81716322898865,2,0,0,1
46.83309745788574,2,0,0,1
46.84885787963867,2,0,0,1
46.864723443984985,2,0,0,1
46.880510568618774,2,0,0,1
46.89632821083069,2,0,0,1
46.91324543952942,2,0,0,1
46.930025577545166,2,0,0,1
46.94581961631775,2,0,0,1
46.96173048019409,2,0,0,1
46.97752237319946,2,0,0,1
46.9934401512146,2,0,0,1
47.01025032997131,2,0,0,1
47.02707052230835,2,0,0,1
47.04293751716614,2,0,0,1
47.05876159667969,2,0,0,1
47.07469844818115,2,0,0,1
47.090543031692505,2,0,0,1
47.10637593269348,2,0,0,1
47.12236261367798,2,0,0,1
47.139155864715576,2,0,0,1
47.15502667427063,2,0,0,1
47.170870542526245,2,0,0,1
47.18685436248779,2,0,0,1
47.20280075073242,2,0,0,1
47.218616247177124,2,0,0,1
47.23454403877258,2,0,0,1
47.25037860870361,2,0,0,1
47.267163038253784,2,0,0,1
47.283111810684204,2,0,0,1
47.298919677734375,2,0,0,1
47.314960956573486,2,0,0,1
47.330782890319824,2,0,0,1
47.34664249420166,2,0,0,1
47.3627073764801,2,0,0,1
47.378514528274536,2,0,0,1
47.394431829452515,2,0,0,1
47.41126227378845,2,0,0,1
47.428104639053345,2,0,0,1
47.444005489349365,2,0,0,1
47.459864139556885,2,0,0,1
47.47575783729553,2,0,0,1
47.49170637130737,2,0,0,1
47.50756597518921,2,0,0,1
47.52362418174744,2,0,0,1
47.53960466384888,2,0,0,1
47.55552077293396,2,0,0,1
47.57147240638733,2,0,0,1
47.587456703186035,2,0,0,1
47.60353994369507,2,0,0,0
47.63494277000427,4,0,0,0
47.648921489715576,4,0,0,0
47.66514730453491,4,0,0,0
47.681145906448364,4,0,0,0
47.6972451210022,4,0,0,0
47.71251940727234,4,0,0,0
47.72853875160217,4,0,0,0
47.7447395324707,4,0,0,0
47.760782957077026,4,0,0,0
47.7767813205719,4,0,0,0
47.79272985458374,4,0,0,0
47.80859589576721,4,0,0,0
47.82472014427185,4,0,0,0
47.840550899505615,4,0,0,0
47.85645389556885,4,0,0,0
47.87236189842224,4,0,0,0
47.88915777206421,4,0,0,0
47.905083894729614,4,0,0,0
47.920923471450806,4,0,0,0
47.936745405197144,4,0,0,0
47.952751874923706,4,0,0,0
47.9686176776886,4,0,0,0
47.98491954803467,4,1,0,1
48.00079679489136,4,1,0,1
48.01677322387695,4,1,0,1
48.03278732299805,4,1,0,1
48.04874539375305,4,1,0,1
48.064873695373535,4,0,0,1
48.08071446418762,4,0,0,1
48.09670352935791,4,0,0,1
48.11282277107239,4,0,0,1
48.12870407104492,4,0,0,1
48.144734621047974,4,0,0,1
48.16070318222046,4,0,0,1
48.176605463027954,4,0,0,1
48.19273567199707,4,0,0,1
48.20870232582092,4,0,0,1
48.22472143173218,4,0,0,1
48.24065065383911,4,0,0,1
48.25662541389465,4,0,0,1
48.27271127700806,4,0,0,1
48.288679361343384,4,0,0,1
48.30469107627869,4,0,0,1
48.32067823410034,4,0,0,1
48.33662438392639,4,0,0,1
48.35271739959717,4,0,0,1
48.368672609329224,4,0,0,1
48.384713888168335,4,0,0,1
48.400665283203125,4,0,0,1
48.41662907600403,4,0,0,1
48.432644844055176,4,0,0,1
48.44857120513916,4,0,0,1
48.46463203430176,4,0,0,1
48.480509757995605,4,0,0,1
48.49638652801514,4,0,0,1
48.51243877410889,4,0,0,1
48.52930784225464,4,0,0,1
48.546234369277954,4,0,0,1
48.56318283081055,4,0,0,1
48.57920694351196,4,0,0,1
48.59519982337952,4,0,0,1
48.61106729507446,4,0,0,1
48.62701916694641,4,0,0,1
48.643012285232544,4,0,0,1
48.658926486968994,4,0,0,1
48.67503118515015,4,0,0,1
48.69089961051941,4,0,0,1
48.70681929588318,4,0,0,1
48.72291135787964,4,0,0,1
48.73878002166748,4,0,0,1
48.75488519668579,4,0,0,1
48.77085328102112,4,0,0,1
48.786725997924805,4,0,0,1
48.80283451080322,4,0,0,1
48.818732261657715,4,0,0,1
48.834696769714355,4,0,0,1
48.850619077682495,4,0,0,1
48.866496324539185,4,0,0,1
48.88249659538269,4,0,0,1
48.89833164215088,4,0,0,1
48.91526222229004,4,0,0,1
48.932127714157104,4,0,0,1
48.94798922538757,4,0,0,1
48.963937759399414,4,0,0,1
48.97991418838501,4,0,0,1
48.995819091796875,4,0,0,1
49.01182556152344,4,0,0,1
49.02772259712219,4,0,0,1
49.0436954498291,4,0,0,1
49.05966782569885,4,0,0,1
49.075629472732544,4,0,0,1
49.09167456626892,4,0,0,1
49.107635259628296,4,0,0,1
49.12364840507507,4,0,0,1
49.13958930969238,4,0,0,1
49.15556216239929,4,0,0,1
49.17164182662964,4,0,0,1
49.18758249282837,4,0,0,1
49.20358657836914,4,0,0,1
49.219472885131836,4,0,0,1
49.23537731170654,4,0,0,1
49.25137162208557,4,0,0,1
49.26830816268921,4,0,0,1
49.285226345062256,4,0,0,1
49.30220127105713,4,0,0,1
49.31801915168762,4,0,0,1
49.33403992652893,4,0,0,1
49.34988808631897,4,0,0,1
49.365811586380005,4,0,0,1
49.38184094429016,4,0,0,1
49.3976309299469,4,0,0,1
49.41356015205383,4,0,0,1
49.42939639091492,4,0,0,1
49.44535970687866,4,0,0,1
49.46137714385986,4,0,0,1
49.478203773498535,4,0,0,1
49.49419927597046,4,0,0,1
49.510032415390015,4,0,0,1
49.52602410316467,4,0,0,1
49.54206037521362,4,0,0,1
49.5578715801239,4,0,0,1
49.573853731155396,4,0,0,1
49.58969855308533,4,0,0,1
49.60565638542175,4,0,0,1
49.621703147888184,4,0,0,1
49.63752889633179,4,0,0,1
49.65250015258789,4,0,0,1
49.66838192939758,4,0,0,1
49.6844425201416,4,0,0,1
49.70042896270752,4,0,0,1
49.71726202964783,4,0,0,1
49.73427104949951,4,0,0,1
49.75110983848572,4,0,0,1
49.76694965362549,4,0,0,1
49.782899379730225,4,0,0,1
49.79881930351257,4,0,0,1
49.814866065979004,4,0,0,1
49.8306725025177,4,0,0,1
49.846561431884766,4,0,0,1
49.86251378059387,4,0,0,1
49.87846279144287,4,0,0,1
49.894439458847046,4,0,0,1
49.91032433509827,4,0,0,1
49.92729163169861,4,0,0,1
49.944239139556885,4,0,0,1
49.961148262023926,4,0,0,1
49.976970911026,4,0,0,1
49.993054151535034,4,0,0,0
50.02210569381714,5,0,0,0
50.03586959838867,5,0,0,0
50.05194973945618,5,0,0,0
50.06767153739929,5,0,0,0
50.083579778671265,5,0,0,0
50.09932851791382,5,0,0,0
50.11623287200928,5,0,0,0
50.13306760787964,5,0,0,0
50.148876905441284,5,0,0,0
50.16471600532532,5,0,0,0
50.18057179450989,5,0,0,0
50.19630694389343,5,0,0,0
50.213271617889404,5,0,0,0
50.22965455055237,5,0,0,0
50.246055603027344,5,0,0,0
50.261470317840576,5,0,0,0
50.27810001373291,5,0,0,0
50.293922424316406,5,0,0,0
50.30969023704529,5,0,0,0
50.325419664382935,5,0,0,0
50.34215593338013,5,0,0,0
50.36253619194031,5,0,0,0
50.37901592254639,5,0,0,0
50.39440870285034,5,0,0,0
50.410831451416016,5,0,0,0
50.4272518157959,5,0,0,0
50.44375801086426,5,0,0,0
50.461127042770386,5,0,0,0
50.47651648521423,5,0,0,0
50.492905616760254,5,0,0,0
50.5086784362793,5,0,0,0
50.52454853057861,5,0,0,0
50.541250467300415,5,0,0,0
50.55798864364624,5,0,0,0
50.57385206222534,5,0,0,0
50.58963942527771,5,0,0,0
50.60536503791809,5,0,0,0
50.62214732170105,5,0,0,0
50.63785529136658,5,0,0,0
50.652677059173584,5,0,0,0
50.66841697692871,5,0,0,0
50.68531370162964,5,0,0,0
50.701788902282715,5,0,0,0
50.71827006340027,5,0,0,0
50.734821796417236,5,0,0,0
50.75031614303589,5,0,0,0
50.76675009727478,5,0,0,0
50.782511472702026,5,0,0,0
50.799161195755005,5,0,0,0
50.81459832191467,5,0,0,0
50.83107304573059,5,0,0,0
50.84651565551758,5,0,0,0
50.863048791885376,5,0,0,0
50.878472328186035,5,0,0,0
50.8950035572052,5,0,0,0
50.91046690940857,5,0,0,0
50.926902055740356,5,0,0,0
50.94255256652832,5,0,0,0
50.95907282829285,5,0,0,0
50.97453331947327,5,0,0,0
50.99101161956787,5,0,0,0
51.00644397735596,5,0,0,0
51.037070512771606,2,0,0,0
51.05067706108093,2,0,0,0
51.06720161437988,2,0,0,0
51.082746505737305,2,0,0,0
51.099236249923706,2,0,0,0
51.11573529243469,2,0,0,0
51.1321759223938,2,0,0,0
51.147644996643066,2,0,0,0
51.16417336463928,2,0,0,0
51.179646015167236,2,0,0,0
51.19610929489136,2,0,0,0
51.21165418624878,2,0,0,0
51.22812795639038,2,0,0,0
51.243685245513916,2,0,0,0
51.26013135910034,2,0,0,0
51.2755913734436,2,0,0,0
51.292046785354614,2,0,0,0
51.30751180648804,2,0,0,0
51.32410383224487,2,0,0,0
51.339603662490845,2,0,0,0
51.356029748916626,2,0,0,0
51.37177896499634,2,0,0,0
51.38823342323303,2,0,0,0
51.40480875968933,2,0,0,0
51.42124581336975,2,0,0,0
51.43768525123596,2,0,0,0
51.45421242713928,2,0,0,0
51.469680070877075,2,0,0,0
51.48609733581543,2,0,0,0
51.501588106155396,2,0,0,0
51.518033504486084,2,0,0,0
51.53336548805237,2,0,0,0
51.55002570152283,2,0,0,0
51.56567668914795,2,0,0,0
51.58181428909302,2,1,0,1
51.597614765167236,2,1,0,1
51.613601207733154,2,1,0,1
51.629520893096924,2,1,0,1
51.64552402496338,2,1,0,1
51.66154336929321,2,1,0,1
51.67744851112366,2,1,0,1
51.69346857070923,2,1,0,1
51.709428787231445,2,0,0,1
51.725335359573364,2,0,0,1
51.741371154785156,2,0,0,1
51.758254051208496,2,0,0,1
51.775266885757446,2,0,0,1
51.79132628440857,2,0,0,1
51.80819368362427,2,0,0,1
51.824188232421875,2,0,0,1
51.840193033218384,2,0,0,1
51.85602402687073,2,0,0,1
51.87214732170105,2,0,0,1
51.88799977302551,2,0,0,1
51.903913497924805,2,0,0,1
51.919758319854736,2,0,0,1
51.93561363220215,2,0,0,1
51.951536417007446,2,0,0,1
51.96737337112427,2,0,0,1
51.983367919921875,2,0,0,1
52.000200510025024,2,0,0,1
52.01605558395386,2,0,0,1
52.03199219703674,2,0,0,1
52.0478458404541,2,0,0,1
52.06374549865723,2,0,0,1
52.07962369918823,2,0,0,1
52.09546375274658,2,0,0,1
52.11140823364258,2,0,0,1
52.12828707695007,2,0,0,1
52.14524221420288,2,0,0,1
52.16213774681091,2,0,0,1
52.178027629852295,2,0,0,1
52.19401001930237,2,0,0,1
52.209914445877075,2,0,0,1
52.22580289840698,2,0,0,1
52.241782426834106,2,0,0,1
52.2576789855957,2,0,0,1
52.273682594299316,2,0,0,1
52.28957223892212,2,0,0,1
52.30544185638428,2,0,0,1
52.32141876220703,2,0,0,1
52.33830547332764,2,0,0,1
52.35527539253235,2,0,0,1
52.37214398384094,2,0,0,1
52.38807988166809,2,0,0,1
52.404128551483154,2,0,0,1
52.4200804233551,2,0,0,1
52.436028480529785,2,0,0,1
52.45202350616455,2,0,0,1
52.469056606292725,2,0,0,1
52.484943151474,2,0,0,1
52.500784397125244,2,0,0,1
52.51663589477539,2,0,0,1
52.532634019851685,2,0,0,1
52.548502683639526,2,0,0,1
52.56443786621094,2,0,0,1
52.58131003379822,2,0,0,1
52.598111629486084,2,0,0,1
52.61406970024109,2,0,0,1
52.62991547584534,2,0,0,1
52.645761489868164,2,0,0,1
52.6616895198822,2,0,0,1
52.67747163772583,2,0,0,1
52.69340634346008,2,0,0,1
52.71029019355774,2,0,0,1
52.72714829444885,2,0,0,1
52.74308490753174,2,0,0,1
52.758923292160034,2,0,0,1
52.774840116500854,2,0,0,1
52.79069471359253,2,0,0,1
52.80657458305359,2,0,0,1
52.8225462436676,2,0,0,1
52.83834266662598,2,0,0,1
52.855271339416504,2,0,0,1
52.8721239566803,2,0,0,1
52.88795614242554,2,0,0,1
52.90382647514343,2,0,0,1
52.919676303863525,2,0,0,1
52.935555934906006,2,0,0,1
52.95147371292114,2,0,0,1
52.96732568740845,2,0,0,1
52.984302282333374,2,0,0,1
53.00109648704529,2,0,0,1
53.01697587966919,2,0,0,1
53.03314542770386,2,0,0,1
53.04905700683594,2,0,0,1
53.06496858596802,2,0,0,1
53.08085608482361,2,0,0,1
53.0967755317688,2,0,0,1
53.112802028656006,2,0,0,1
53.12871742248535,2,0,0,1
53.14480686187744,2,0,0,1
53.16070103645325,2,0,0,1
53.17660641670227,2,0,0,1
53.19271993637085,2,0,0,1
53.208683013916016,2,0,0,1
53.224719762802124,2,0,0,1
53.24065589904785,2,0,0,1
53.25654077529907,2,0,0,1
53.27263116836548,2,0,0,1
53.288599491119385,2,0,0,1
53.304689168930054,2,0,0,1
53.32056498527527,2,0,0,1
53.33655571937561,2,0,0,1
53.35268568992615,2,0,0,1
53.36855745315552,2,0,0,1
53.384578466415405,2,0,0,1
53.40049386024475,2,0,0,1
53.41648030281067,2,0,0,1
53.43262577056885,2,0,0,1
53.448567628860474,2,0,0,1
53.46449565887451,2,0,0,1
53.480470180511475,2,0,0,1
53.49635291099548,2,0,0,1
53.51240944862366,2,0,0,1
53.52837586402893,2,0,0,1
53.5444552898407,2,0,0,1
53.561280250549316,2,0,0,1
53.578204870224,2,0,0,1
53.59411978721619,2,0,0,0
53.62220525741577,3,0,0,0
53.63622498512268,3,0,0,0
53.65137600898743,3,0,0,0
53.667370557785034,3,0,0,0
53.68342161178589,3,0,0,0
53.69939827919006,3,0,0,0
53.71550226211548,3,0,0,0
53.73157238960266,3,0,0,0
53.74773073196411,3,0,0,0
53.76382064819336,3,0,0,0
53.77991032600403,3,0,0,0
53.79557275772095,3,0,0,0
53.811362504959106,3,0,0,0
53.82824921607971,3,0,0,0
53.84432673454285,3,0,0,0
53.860485792160034,3,0,0,0
53.8765127658844,3,0,0,0
53.8926100730896,3,0,0,0
53.908615589141846,3,0,0,0
53.92473292350769,3,0,0,0
53.94078207015991,3,0,0,0
53.9568977355957,3,0,0,0
53.97305226325989,3,0,0,0
53.98914432525635,3,0,0,0
54.00522541999817,3,0,0,0
54.02128338813782,3,0,0,0
54.03828763961792,3,0,0,0
54.05439734458923,3,0,0,0
54.070393800735474,3,0,0,0
54.08653283119202,3,0,0,0
54.10269331932068,3,0,0,0
54.11869692802429,3,0,0,0
54.13489246368408,3,0,0,0
54.15083122253418,3,0,0,0
54.16683506965637,3,0,0,0
54.183027029037476,3,0,0,0
54.199095249176025,3,0,0,0
54.21517014503479,3,0,0,0
54.231263399124146,3,0,0,0
54.24827766418457,3,0,0,0
54.264331102371216,3,0,0,0
54.280367612838745,3,0,0,0
54.29650950431824,3,0,0,0
54.31263279914856,3,0,0,0
54.32873511314392,3,0,0,0
54.3448691368103,3,0,0,0
54.36091876029968,3,0,0,0
54.37696647644043,3,0,0,0
54.39309811592102,3,0,0,0
54.40918779373169,3,0,0,0
54.42527890205383,3,0,0,0
54.44134974479675,3,0,0,0
54.45839476585388,3,0,0,0
54.474552631378174,3,0,0,0
54.49056339263916,3,0,0,0
54.50661659240723,3,0,0,0
54.52277112007141,3,0,0,0
54.53913474082947,3,0,0,0
54.554466247558594,3,0,0,0
54.570794343948364,3,0,0,0
54.587165117263794,3,0,0,0
54.602649211883545,3,0,0,0
54.630271911621094,3,0,0,0
54.64355778694153,3,0,0,0
54.65984892845154,3,0,0,0
54.67618441581726,3,0,0,0
54.69154644012451,3,0,0,0
54.707860469818115,3,0,0,0
54.72427940368652,3,0,0,0
54.74055027961731,3,0,0,0
54.756823778152466,3,0,0,0
54.77323579788208,3,0,0,0
54.7895450592041,3,0,0,0
54.80583715438843,3,0,0,0
54.82212424278259,3,0,0,0
54.83740234375,3,0,0,0
54.85384654998779,3,0,0,0
54.87016701698303,3,0,0,0
54.88545775413513,3,0,0,0
54.90172553062439,3,0,0,0
54.91798782348633,3,0,0,0
54.93337392807007,3,0,0,0
54.949650287628174,3,0,0,0
54.96590852737427,3,0,0,0
54.98216724395752,3,0,0,0
54.99742293357849,3,0,0,0
55.013835191726685,3,0,0,0
55.03015184402466,3,0,0,0
55.04543662071228,3,0,0,0
55.0617516040802,3,0,0,0
55.07828688621521,3,0,0,0
55.09498333930969,3,0,0,0
55.11060166358948,3,0,0,0
55.127175092697144,3,0,0,0
55.14289569854736,3,0,0,0
55.15849447250366,3,0,0,0
55.17514419555664,3,0,0,0
55.190858602523804,3,0,0,0
55.20647120475769,3,0,0,0
55.223193883895874,3,0,0,0
55.2387375831604,3,0,0,0
55.25435829162598,3,0,0,0
55.270975828170776,3,0,0,0
55.28653168678284,3,0,0,0
55.302329301834106,3,0,0,0
55.318927526474,3,0,0,0
55.33452653884888,3,0,0,0
55.35111427307129,3,0,0,0
55.3666512966156,3,0,0,0
55.382378578186035,3,0,0,0
55.39892220497131,3,0,0,0
55.41452503204346,3,0,0,0
55.43072247505188,3,0,0,0
55.44702386856079,3,0,0,0
55.46344971656799,3,0,0,0
55.479756355285645,3,0,0,0
55.49602460861206,3,0,0,0
55.51141595840454,3,0,0,0
55.52766990661621,3,0,0,0
55.54410099983215,3,0,0,0
55.55935311317444,3,0,0,0
55.5756094455719,3,0,0,0
55.59192109107971,3,0,0,0
55.60819172859192,3,0,0,0
55.637831687927246,4,0,0,0
55.65127897262573,4,0,0,0
55.66759991645813,4,0,0,0
55.68407225608826,4,0,0,0
55.699342489242554,4,0,0,0
55.7156720161438,4,0,0,0
55.73195242881775,4,0,0,0
55.748268365859985,4,0,0,0
55.76466608047485,4,0,0,0
55.78090286254883,4,0,0,0
55.797194957733154,4,0,0,0
55.812620878219604,4,0,0,0
55.8290011882782,4,0,0,0
55.84431266784668,4,0,0,0
55.86063289642334,4,0,0,0
55.87692308425903,4,0,0,0
55.89236617088318,4,0,0,0
55.908681869506836,4,0,0,0
55.925020933151245,4,0,0,0
55.941285848617554,4,0,0,0
55.95754837989807,4,0,0,0
55.97397565841675,4,0,0,0
55.99029040336609,4,0,0,0
56.00656247138977,4,0,0,0
56.02302098274231,4,0,0,0
56.03832221031189,4,0,0,0
56.054694175720215,4,0,0,0
56.07102727890015,4,0,0,0
56.08633208274841,4,0,0,0
56.102723598480225,4,0,0,0
56.11909532546997,4,0,0,0
56.13434362411499,4,0,0,0
56.150634765625,4,0,0,0
56.16689705848694,4,0,0,0
56.18327760696411,4,0,0,0
56.199533462524414,4,0,0,0
56.21579432487488,4,0,0,0
56.23205256462097,4,0,0,0
56.24730563163757,4,0,0,0
56.26367974281311,4,0,0,0
56.279958724975586,4,0,0,0
56.29624795913696,4,0,0,0
56.3126277923584,4,0,0,0
56.32891082763672,4,0,0,0
56.34528350830078,4,0,0,0
56.361565351486206,4,0,0,0
56.37786936759949,4,0,0,0
56.39331364631653,4,0,0,0
56.40961265563965,4,0,0,0
56.42594313621521,4,0,0,0
56.441323041915894,4,0,0,0
56.45861864089966,4,0,0,0
56.475035429000854,4,0,0,0
56.49033308029175,4,0,0,0
56.50670909881592,4,0,0,0
56.523165464401245,4,0,0,0
56.53846478462219,4,0,0,0
56.5549099445343,4,0,0,0
56.57124853134155,4,0,0,0
56.58756947517395,4,0,0,0
56.60400652885437,4,0,0,0
56.61929774284363,4,0,0,0
56.64661431312561,3,0,0,0
56.66005825996399,3,0,0,0
56.675358295440674,3,0,0,0
56.691659688949585,3,0,0,0
56.70797848701477,3,0,0,0
56.723384857177734,3,0,0,0
56.73969268798828,3,0,0,0
56.756030559539795,3,0,0,0
56.77133536338806,3,0,0,0
56.78765034675598,3,0,0,0
56.804099798202515,3,0,0,0
56.81936049461365,3,0,0,0
56.83570909500122,3,0,0,0
56.851996660232544,3,0,0,0
56.86729454994202,3,0,0,0
56.88372278213501,3,0,0,0
56.900060415267944,3,0,0,0
56.91532611846924,3,0,0,0
56.93157911300659,3,0,0,0
56.94786763191223,3,0,0,0
56.964282512664795,3,0,0,0
56.98058199882507,3,0,0,0
56.99685025215149,3,0,0,0
57.012293338775635,3,0,0,0
57.02859354019165,3,0,0,0
57.044928312301636,3,0,0,0
57.061198711395264,3,0,0,0
57.076478004455566,3,0,0,0
57.09281945228577,3,0,0,0
57.1091673374176,3,0,0,0
57.12448024749756,3,0,0,0
57.140748262405396,3,0,0,0
57.15703868865967,3,0,0,0
57.17246890068054,3,0,0,0
57.18880653381348,3,0,0,0
57.20518112182617,3,0,0,0
57.220444679260254,3,0,0,0
57.236717224121094,3,0,0,0
57.253121852874756,3,0,0,0
57.268412590026855,3,0,0,0
57.284772872924805,3,0,0,0
57.30105495452881,3,0,0,0
57.31631302833557,3,0,0,0
57.33265948295593,3,0,0,0
57.348918437957764,3,0,0,0
57.364359617233276,3,0,0,0
57.3808057308197,3,0,0,0
57.397093772888184,3,0,0,0
57.41255497932434,3,0,0,0
57.42885088920593,3,0,0,0
57.44526696205139,3,0,0,0
57.462568044662476,3,0,0,0
57.478821754455566,3,0,0,0
57.49517369270325,3,0,0,0
57.51046967506409,3,0,0,0
57.52675247192383,3,0,0,0
57.54317569732666,3,0,0,0
57.55843472480774,3,0,0,0
57.5747926235199,3,0,0,0
57.59110236167908,3,0,0,0
57.60637450218201,3,0,0,0
57.62273812294006,3,0,0,0
57.65027689933777,3,0,0,0
57.66364502906799,3,0,0,0
57.67992448806763,3,0,0,0
57.696176290512085,3,0,0,0
57.71155643463135,3,0,0,0
57.72782897949219,3,0,0,0
57.74424862861633,3,0,0,0
57.76051330566406,3,0,0,0
57.77678823471069,3,0,0,0
57.79321789741516,3,0,0,0
57.809476375579834,3,0,0,0
57.82581043243408,3,0,0,0
57.842097759246826,3,0,0,0
57.857404947280884,3,0,0,0
57.87387442588806,3,0,0,0
57.890161752700806,3,0,0,0
57.90550231933594,3,0,0,0
57.9217894077301,3,0,0,0
57.938069343566895,3,0,0,0
57.9535186290741,3,0,0,0
57.96979594230652,3,0,0,0
57.98608207702637,3,0,0,0
58.00146245956421,3,0,0,0
58.01775932312012,3,0,0,0
58.03421974182129,3,0,0,0
58.05050182342529,3,0,0,0
58.06683874130249,3,0,0,0
58.082305908203125,3,0,0,0
58.098599672317505,3,0,0,0
58.114980697631836,3,0,0,0
58.13125419616699,3,0,0,0
58.14754676818848,3,0,0,0
58.16396927833557,3,0,0,0
58.180230140686035,3,0,0,0
58.19649791717529,3,0,0,0
58.21287727355957,3,0,0,0
58.22921013832092,3,0,0,0
58.24447250366211,3,0,0,0
58.260762214660645,3,0,0,0
58.27702260017395,3,0,0,0
58.29244899749756,3,0,0,0
58.30874443054199,3,0,0,0
58.32509970664978,3,0,0,0
58.34036946296692,3,0,0,0
58.356616258621216,3,0,0,0
58.37301230430603,3,0,0,0
58.38829755783081,3,0,0,0
58.40470004081726,3,0,0,0
58.42097806930542,3,0,0,0
58.43727254867554,3,0,0,0
58.4536988735199,3,0,0,0
58.469995737075806,3,0,0,0
58.4862916469574,3,0,0,0
58.50263476371765,3,0,0,0
58.5188934803009,3,0,0,0
58.535239458084106,3,0,0,0
58.551547050476074,3,0,0,0
58.56781005859375,3,0,0,0
58.584228515625,3,0,0,0
58.600547790527344,3,0,0,0
58.6168532371521,3,0,0,0
58.63231086730957,3,0,0,0
58.6599543094635,5,0,0,0
58.6732976436615,5,0,0,0
58.689536571502686,5,0,0,0
58.7058629989624,5,0,0,0
58.722147703170776,5,0,0,0
58.73742914199829,5,0,0,0
58.75383472442627,5,0,0,0
58.77010679244995,5,0,0,0
58.785396575927734,5,0,0,0
58.80165100097656,5,0,0,0
58.81792211532593,5,0,0,0
58.83333086967468,5,0,0,0
58.84958243370056,5,0,0,0
58.86589574813843,5,0,0,0
58.88217043876648,5,0,0,0
58.8974449634552,5,0,0,0
58.91383385658264,5,0,0,0
58.930073499679565,5,0,0,0
58.9453399181366,5,0,0,0
58.96160292625427,5,0,0,0
58.97788667678833,5,0,0,0
58.9942786693573,5,0,0,0
59.010560274124146,5,0,0,0
59.02695894241333,5,0,0,0
59.043134450912476,5,0,0,0
59.059187173843384,5,0,0,0
59.07434701919556,5,0,0,0
59.09050369262695,5,0,0,0
59.1065411567688,5,0,0,0
59.12262749671936,5,0,0,0
59.13864827156067,5,0,0,0
59.154869079589844,5,0,0,0
59.17088794708252,5,0,0,0
59.186944246292114,5,0,0,0
59.203096866607666,5,0,0,0
59.219154357910156,5,0,0,0
59.23434019088745,5,0,0,0
59.250372886657715,5,0,0,0
59.266510248184204,5,0,0,0
59.282636642456055,5,0,0,0
59.29869246482849,5,0,0,0
59.31485152244568,5,0,0,0
59.330878257751465,5,0,0,0
59.346888065338135,5,0,0,0
59.3630793094635,5,0,0,0
59.37912559509277,5,0,0,0
59.39516830444336,5,0,0,0
59.411258935928345,5,0,0,0
59.427318811416626,5,0,0,0
59.443408250808716,5,0,0,0
59.46039175987244,5,0,0,0
59.47642230987549,5,0,0,0
59.492475748062134,5,0,0,0
59.50849103927612,5,0,0,0
59.524620056152344,5,0,0,0
59.54079985618591,5,0,0,0
59.55678915977478,5,0,0,0
59.57289099693298,5,0,0,0
59.58887767791748,5,0,0,0
59.605021953582764,5,0,0,0
59.62103009223938,5,0,0,0
59.6370267868042,5,0,0,0
59.67014718055725,1,0,0,0
59.68425273895264,1,0,0,0
59.70124912261963,1,0,0,0
59.718308210372925,1,0,0,0
59.73441696166992,1,0,0,0
59.75045037269592,1,0,0,0
59.76641917228699,1,0,0,0
59.78270411491394,1,0,0,0
59.798689126968384,1,0,0,0
59.814778566360474,1,0,0,0
59.83082318305969,1,0,0,0
59.846813917160034,1,0,0,0
59.86296534538269,1,0,0,0
59.87893009185791,1,0,0,0
59.895108461380005,1,0,0,0
59.911139726638794,1,0,0,0
59.92716646194458,1,0,0,0
59.943204402923584,1,0,0,0
59.958885192871094,1,0,0,0
59.974602460861206,1,0,0,0
59.990565061569214,1,0,0,0
60.00661301612854,1,0,0,0
60.02287817001343,1,0,0,0
60.03883194923401,1,0,0,0
60.055004358291626,1,0,0,0
60.07107925415039,1,0,0,0
60.08719992637634,1,0,0,0
60.10331845283508,1,0,0,0
60.119426012039185,1,0,0,0
60.135507345199585,1,0,0,0
60.151630878448486,1,0,0,0
60.16763114929199,1,0,0,0
60.20265030860901,1,1,1,0
60.21659278869629,1,1,1,0
60.2328085899353,1,1,1,0
60.24887681007385,1,1,1,0
60.26513695716858,1,0,0,0
60.28122663497925,1,0,0,0
60.296345233917236,1,0,0,0
60.31240653991699,1,0,0,0
60.32837629318237,1,0,0,0
60.34450101852417,1,0,0,0
60.36048889160156,1,0,0,0
60.376598596572876,1,0,0,0
60.392770290374756,1,0,0,0
60.40873885154724,1,0,0,0
60.42495369911194,1,0,0,0
60.44094491004944,1,0,0,0
60.45804572105408,1,0,0,0
60.47425436973572,1,0,0,0
60.490445375442505,1,0,0,0
60.506455421447754,1,0,0,0
60.522573709487915,1,0,0,0
60.54083871841431,1,0,0,0
60.55686330795288,1,0,0,0
60.57297730445862,1,0,0,0
60.589088439941406,1,0,0,0
60.60510778427124,1,0,0,0
60.62111496925354,1,0,0,0
60.63717198371887,1,0,0,0
60.65224266052246,1,0,0,0
60.66930603981018,1,0,0,0
60.68539881706238,1,0,0,0
60.70155906677246,1,0,0,0
60.7175669670105,1,0,0,0
60.733675956726074,1,0,0,0
60.74966311454773,1,0,0,0
60.76577568054199,1,0,0,0
60.78192925453186,1,0,0,0
60.797972440719604,1,0,0,0
60.814085721969604,1,0,0,0
60.83017158508301,1,0,0,0
60.846280097961426,1,0,0,0
60.8624267578125,1,0,0,0
60.878432512283325,1,0,0,0
60.89451026916504,1,0,0,0
60.91052055358887,1,0,0,0
60.926533937454224,1,0,0,0
60.94279098510742,1,0,0,0
60.95878887176514,1,0,0,0
60.97497773170471,1,0,0,0
60.99102425575256,1,0,0,0
61.00705599784851,1,0,0,0
61.02316975593567,1,0,0,0
61.03927683830261,1,0,0,0
61.055349826812744,1,0,0,0
61.084282636642456,5,1,1,0
1550083546.4674475,9999,0,0,0