All stim.
[957, 958, 959, 960, 961, 962, 963, 964]
Reward stim.
[957, 959, 961, 963]
PiReceivePC sync.
1551559888.9828267
PiSendPC sync.
1551559888.9831703
time,whichstim,iftouch,ifreward,ifout
1551559889.0185642,961,0,0,0
1551559889.0326178,961,0,0,0
1551559889.0484142,961,0,0,0
1551559889.0642526,961,0,0,0
1551559889.0808444,961,0,0,0
1551559889.0965683,961,0,0,0
1551559889.112097,961,0,0,0
1551559889.1288388,961,0,0,0
1551559889.1443462,961,0,0,0
1551559889.1609473,961,0,0,0
1551559889.17762,961,0,0,0
1551559889.1931221,961,0,0,0
1551559889.209681,961,0,0,0
1551559889.22525,961,0,0,0
1551559889.2417476,961,0,0,0
1551559889.2574272,961,0,0,0
1551559889.2729628,961,0,0,0
1551559889.2895317,961,0,0,0
1551559889.3050916,961,0,0,0
1551559889.3215852,961,0,0,0
1551559889.337326,961,0,0,0
1551559889.3538408,961,0,0,0
1551559889.3703945,961,0,0,0
1551559889.38591,961,0,0,0
1551559889.4024122,961,0,0,0
1551559889.418052,961,0,0,0
1551559889.435557,961,0,0,0
1551559889.451135,961,0,0,0
1551559889.4677827,961,0,0,0
1551559889.4832866,961,0,0,0
1551559889.4998088,961,0,0,0
1551559889.515318,961,0,0,0
1551559889.5318477,961,0,0,0
1551559889.548534,961,0,0,0
1551559889.564137,961,0,0,0
1551559889.5806346,961,0,0,0
1551559889.5960827,961,0,0,0
1551559889.612572,961,0,0,0
1551559889.6282203,961,0,0,0
1551559889.6447904,961,0,0,0
1551559889.6603742,961,0,0,0
1551559889.6759362,961,0,0,0
1551559889.6925268,961,0,0,0
1551559889.7081661,961,0,0,0
1551559889.7247443,961,0,0,0
1551559889.740294,961,0,0,0
1551559889.7568843,961,0,0,0
1551559889.7734241,961,0,0,0
1551559889.789026,961,0,0,0
1551559889.805596,961,0,0,0
1551559889.821146,961,0,0,0
1551559889.8369133,961,0,0,0
1551559889.8534646,961,0,0,0
1551559889.8690538,961,0,0,0
1551559889.8855853,961,0,0,0
1551559889.9011552,961,0,0,0
1551559889.917826,961,0,0,0
1551559889.9344268,961,0,0,0
1551559889.9499521,961,0,0,0
1551559889.96651,961,0,0,0
1551559889.9820263,961,0,0,0
1551559889.9986892,961,0,0,0
1551559890.0133824,961,0,0,0
1551559890.0291502,961,0,0,0
1551559890.0457184,961,0,0,0
1551559890.0612886,961,0,0,0
1551559890.076981,961,0,0,0
1551559890.0935192,961,0,0,0
1551559890.1090732,961,0,0,0
1551559890.125603,961,0,0,0
1551559890.1411612,961,0,0,0
1551559890.1578693,961,0,0,0
1551559890.1743984,961,0,0,0
1551559890.1899734,961,0,0,0
1551559890.206573,961,0,0,0
1551559890.2221243,961,0,0,0
1551559890.2388015,961,0,0,0
1551559890.2544098,961,0,0,0
1551559890.2699602,961,0,0,0
1551559890.2865372,961,0,0,0
1551559890.3020525,961,0,0,0
1551559890.318725,961,0,0,0
1551559890.3342416,961,0,0,0
1551559890.3507633,961,0,0,0
1551559890.366371,961,0,0,0
1551559890.3829184,961,0,0,0
1551559890.3994703,961,0,0,0
1551559890.4149935,961,0,0,0
1551559890.432519,961,0,0,0
1551559890.4481435,961,0,0,0
1551559890.4647164,961,0,0,0
1551559890.4802303,961,0,0,0
1551559890.496876,961,0,0,0
1551559890.5274625,961,0,0,0
1551559890.5410988,961,0,0,0
1551559890.5577507,961,0,0,0
1551559890.5733013,961,0,0,0
1551559890.5889354,961,0,0,0
1551559890.605485,961,0,0,0
1551559890.6210473,961,0,0,0
1551559890.6377373,961,0,0,0
1551559890.6534715,961,0,0,0
1551559890.669051,961,0,0,0
1551559890.6855955,961,0,0,0
1551559890.701159,961,0,0,0
1551559890.7178743,961,0,0,0
1551559890.7344263,961,0,0,0
1551559890.7499766,961,0,0,0
1551559890.7665398,961,0,0,0
1551559890.7821,961,0,0,0
1551559890.7987254,961,0,0,0
1551559890.8142376,961,0,0,0
1551559890.8307133,961,0,0,0
1551559890.8463933,961,0,0,0
1551559890.86195,961,0,0,0
1551559890.8786354,961,0,0,0
1551559890.894239,961,0,0,0
1551559890.910783,961,0,0,0
1551559890.9264767,961,0,0,0
1551559890.9420655,961,0,0,0
1551559890.9587464,961,0,0,0
1551559890.9743195,961,0,0,0
1551559890.9908693,961,0,0,0
1551559891.0065835,961,0,0,0
1551559891.022182,961,0,0,0
1551559891.0388582,961,0,0,0
1551559891.0554516,961,0,0,0
1551559891.071002,961,0,0,0
1551559891.0876937,961,0,0,0
1551559891.103296,961,0,0,0
1551559891.1199007,961,0,0,0
1551559891.1364763,961,0,0,0
1551559891.1520438,961,0,0,0
1551559891.168928,961,0,0,0
1551559891.1855288,961,0,0,0
1551559891.201144,961,0,0,0
1551559891.2169442,961,0,0,0
1551559891.2335303,961,0,0,0
1551559891.2491517,961,0,0,0
1551559891.265755,961,0,0,0
1551559891.2812839,961,0,0,0
1551559891.2970314,961,0,0,0
1551559891.3136756,961,0,0,0
1551559891.3293107,961,0,0,0
1551559891.3449473,961,0,0,0
1551559891.3615193,961,0,0,0
1551559891.377249,961,0,0,0
1551559891.3938293,961,0,0,0
1551559891.4104512,961,0,0,0
1551559891.4260316,961,0,0,0
1551559891.4425726,961,0,0,0
1551559891.4582326,961,0,0,0
1551559891.4747543,961,0,0,0
1551559891.49029,961,0,0,0
1551559891.506867,961,0,0,0
1551559891.523402,961,0,0,0
1551559891.539042,961,0,0,0
1551559891.5555654,961,0,0,0
1551559891.571185,961,0,0,0
1551559891.5878665,961,0,0,0
1551559891.604447,961,0,0,0
1551559891.6200087,961,0,0,0
1551559891.636558,961,0,0,0
1551559891.652111,961,0,0,0
1551559891.6688128,961,0,0,0
1551559891.685365,961,0,0,0
1551559891.700942,961,0,0,0
1551559891.7176294,961,0,0,0
1551559891.7332058,961,0,0,0
1551559891.7497962,961,0,0,0
1551559891.7653816,961,0,0,0
1551559891.7809155,961,0,0,0
1551559891.797577,961,0,0,0
1551559891.8131258,961,0,0,0
1551559891.8298514,961,0,0,0
1551559891.8464494,961,0,0,0
1551559891.8620183,961,0,0,0
1551559891.8786995,961,0,0,0
1551559891.894294,961,0,0,0
1551559891.9108791,961,0,0,0
1551559891.9275966,961,0,0,0
1551559891.9432466,961,0,0,0
1551559891.9598658,961,0,0,0
1551559891.976463,961,0,0,0
1551559891.9920027,961,0,0,0
1551559892.007735,961,0,0,0
1551559892.0391483,962,0,0,0
1551559892.0528414,962,0,0,0
1551559892.0685117,962,0,0,0
1551559892.0842454,962,0,0,0
1551559892.1008017,962,0,0,0
1551559892.1165054,962,0,0,0
1551559892.1320572,962,0,0,0
1551559892.1487286,962,0,0,0
1551559892.1642706,962,0,0,0
1551559892.1808121,962,0,0,0
1551559892.196484,962,0,0,0
1551559892.2120411,962,0,0,0
1551559892.2287264,962,0,0,0
1551559892.2444572,962,0,0,0
1551559892.260405,962,0,0,0
1551559892.2759898,962,0,0,0
1551559892.2925234,962,0,0,0
1551559892.3081775,962,0,0,0
1551559892.3247313,962,0,0,0
1551559892.3403435,962,0,0,0
1551559892.3559456,962,0,0,0
1551559892.3725126,962,0,0,0
1551559892.3881817,962,0,0,0
1551559892.4047391,962,0,0,0
1551559892.420326,962,0,0,0
1551559892.4378748,962,0,0,0
1551559892.4544475,962,0,0,0
1551559892.469998,962,0,0,0
1551559892.4866202,962,0,0,0
1551559892.5021894,962,0,0,0
1551559892.5188782,962,0,0,0
1551559892.5354376,962,0,0,0
1551559892.5509875,962,0,0,0
1551559892.567751,962,0,0,0
1551559892.5833158,962,0,0,0
1551559892.5998542,962,0,0,0
1551559892.616469,962,0,0,0
1551559892.6320589,962,0,0,0
1551559892.6487849,962,0,0,0
1551559892.6643372,962,0,0,0
1551559892.680916,962,0,0,0
1551559892.697621,962,0,0,0
1551559892.7131171,962,0,0,0
1551559892.7298133,962,0,0,0
1551559892.7463589,962,0,0,0
1551559892.7628722,962,0,0,0
1551559892.7794037,962,0,0,0
1551559892.7949154,962,0,0,0
1551559892.8114715,962,0,0,0
1551559892.8271923,962,0,0,0
1551559892.8437486,962,0,0,0
1551559892.8593674,962,0,0,0
1551559892.87588,962,0,0,0
1551559892.892479,962,0,0,0
1551559892.9081461,962,0,0,0
1551559892.9246757,962,0,0,0
1551559892.9402177,962,0,0,0
1551559892.956814,962,0,0,0
1551559892.9723613,962,0,0,0
1551559892.9880543,962,0,0,0
1551559893.0036123,962,0,0,0
1551559893.019234,962,0,0,0
1551559893.0358078,962,0,0,0
1551559893.0513675,962,0,0,0
1551559893.0671306,962,0,0,0
1551559893.083668,962,0,0,0
1551559893.0993395,962,0,0,0
1551559893.1158867,962,0,0,0
1551559893.1324258,962,0,0,0
1551559893.1481204,962,0,0,0
1551559893.1646743,962,0,0,0
1551559893.1802115,962,0,0,0
1551559893.1967807,962,0,0,0
1551559893.2123024,962,0,0,0
1551559893.2279866,962,0,0,0
1551559893.2445602,962,0,0,0
1551559893.260107,962,0,0,0
1551559893.276696,962,0,0,0
1551559893.2922578,962,0,0,0
1551559893.3079417,962,0,0,0
1551559893.3245118,962,0,0,0
1551559893.3400733,962,0,0,0
1551559893.3566594,962,0,0,0
1551559893.3727248,962,0,0,0
1551559893.3883474,962,0,0,0
1551559893.4049,962,0,0,0
1551559893.4214725,962,0,0,0
1551559893.4381535,962,0,0,0
1551559893.4547122,962,0,0,0
1551559893.4702911,962,0,0,0
1551559893.4868646,962,0,0,0
1551559893.5034273,962,0,0,0
1551559893.5190392,962,0,0,0
1551559893.5529702,960,0,0,0
1551559893.5666673,960,0,0,0
1551559893.5823286,960,0,0,0
1551559893.5981886,960,0,0,0
1551559893.6147618,960,0,0,0
1551559893.6303368,960,0,0,0
1551559893.6459422,960,0,0,0
1551559893.6624796,960,0,0,0
1551559893.6781578,960,0,0,0
1551559893.6947303,960,0,0,0
1551559893.710285,960,0,0,0
1551559893.726895,960,0,0,0
1551559893.7434824,960,0,0,0
1551559893.7591438,960,0,0,0
1551559893.77571,960,0,0,0
1551559893.7912934,960,0,0,0
1551559893.8070374,960,0,0,0
1551559893.8236191,960,0,0,0
1551559893.8392224,960,0,0,0
1551559893.8558002,960,0,0,0
1551559893.8713849,960,0,0,0
1551559893.8870487,960,0,0,0
1551559893.9036334,960,0,0,0
1551559893.9192398,960,0,0,0
1551559893.9349036,960,0,0,0
1551559893.9514832,960,0,0,0
1551559893.967213,960,0,0,0
1551559893.9837909,960,0,0,0
1551559893.9994297,960,0,0,0
1551559894.0145898,960,0,0,0
1551559894.0304399,960,0,0,0
1551559894.0460541,960,0,0,0
1551559894.0626047,960,0,0,0
1551559894.0782032,960,0,0,0
1551559894.094741,960,0,0,0
1551559894.1102922,960,0,0,0
1551559894.1268756,960,0,0,0
1551559894.1434112,960,0,0,0
1551559894.1589987,960,0,0,0
1551559894.1756418,960,0,0,0
1551559894.1912034,960,0,0,0
1551559894.2069602,960,0,0,0
1551559894.223542,960,0,0,0
1551559894.2391417,960,0,0,0
1551559894.2556944,960,0,0,0
1551559894.2712758,960,0,0,0
1551559894.2870076,960,0,0,0
1551559894.303617,960,0,0,0
1551559894.3192375,960,0,0,0
1551559894.3357396,960,0,0,0
1551559894.3513436,960,0,0,0
1551559894.3670418,960,0,0,0
1551559894.3836153,960,0,0,0
1551559894.3992288,960,0,0,0
1551559894.4157958,960,0,0,0
1551559894.4323397,960,0,0,0
1551559894.4480503,960,0,0,0
1551559894.4646776,960,0,0,0
1551559894.480178,960,0,0,0
1551559894.4968245,960,0,0,0
1551559894.5123372,960,0,0,0
1551559894.527996,960,0,0,0
1551559894.544558,960,0,0,0
1551559894.5600755,960,0,0,0
1551559894.5768092,960,0,0,0
1551559894.5923364,960,0,0,0
1551559894.608009,960,0,0,0
1551559894.6245892,960,0,0,0
1551559894.6401815,960,0,0,0
1551559894.6568925,960,0,0,0
1551559894.6734145,960,0,0,0
1551559894.6889756,960,0,0,0
1551559894.705535,960,0,0,0
1551559894.7210455,960,0,0,0
1551559894.7377217,960,0,0,0
1551559894.7532392,960,0,0,0
1551559894.7691805,960,1,0,0
1551559894.7693355,960,1,0,1
1551559894.7851896,960,1,0,1
1551559894.8011024,960,1,0,1
1551559894.8172991,960,1,0,1
1551559894.833178,960,1,0,1
1551559894.8491433,960,1,0,1
1551559894.865063,960,1,0,1
1551559894.8809752,960,1,0,1
1551559894.89698,960,1,0,1
1551559894.913862,960,1,0,1
1551559894.9308608,960,0,0,1
1551559894.9459295,960,0,0,1
1551559894.9628413,960,0,0,1
1551559894.9798074,960,0,0,1
1551559894.9956968,960,0,0,1
1551559895.0115814,960,0,0,1
1551559895.0275989,960,0,0,1
1551559895.0434914,960,0,0,1
1551559895.0594413,960,0,0,1
1551559895.0753274,960,0,0,1
1551559895.091225,960,0,0,1
1551559895.1072676,960,0,0,1
1551559895.1231382,960,0,0,1
1551559895.1391141,960,0,0,1
1551559895.1549714,960,0,0,1
1551559895.1718302,960,0,0,1
1551559895.1888187,960,0,0,1
1551559895.2056882,960,0,0,1
1551559895.2215796,960,0,0,1
1551559895.237576,960,0,0,1
1551559895.2534697,960,0,0,1
1551559895.2694805,960,0,0,1
1551559895.2854419,960,0,0,1
1551559895.3013678,960,0,0,1
1551559895.317429,960,0,0,1
1551559895.3333638,960,0,0,1
1551559895.3493721,960,0,0,1
1551559895.3653028,960,0,0,1
1551559895.3812153,960,0,0,1
1551559895.397239,960,0,0,1
1551559895.4131885,960,0,0,1
1551559895.4292161,960,0,0,1
1551559895.4451797,960,0,0,1
1551559895.4611435,960,0,0,1
1551559895.477177,960,0,0,1
1551559895.4931557,960,0,0,1
1551559895.5091705,960,0,0,1
1551559895.5251665,960,0,0,1
1551559895.5411565,960,0,0,1
1551559895.5572145,960,0,0,1
1551559895.5731492,960,0,0,1
1551559895.589187,960,0,0,1
1551559895.6052046,960,0,0,1
1551559895.6211534,960,0,0,1
1551559895.6371691,960,0,0,1
1551559895.6531184,960,0,0,1
1551559895.6691446,960,0,0,1
1551559895.6851425,960,0,0,1
1551559895.7011397,960,0,0,1
1551559895.7172062,960,0,0,1
1551559895.733156,960,0,0,1
1551559895.7491596,960,0,0,1
1551559895.765158,960,0,0,1
1551559895.7811575,960,0,0,1
1551559895.7972105,960,0,0,1
1551559895.813149,960,0,0,1
1551559895.829196,960,0,0,1
1551559895.8452022,960,0,0,1
1551559895.8611517,960,0,0,1
1551559895.8772242,960,0,0,1
1551559895.8931448,960,0,0,1
1551559895.9091756,960,0,0,1
1551559895.9251738,960,0,0,1
1551559895.9411347,960,0,0,1
1551559895.9571867,960,0,0,1
1551559895.973151,960,0,0,1
1551559895.9892163,960,0,0,1
1551559896.0051763,960,0,0,1
1551559896.021134,960,0,0,1
1551559896.0371606,960,0,0,1
1551559896.0531409,960,0,0,1
1551559896.069145,960,0,0,1
1551559896.0851197,960,0,0,1
1551559896.101109,960,0,0,1
1551559896.1171594,960,0,0,1
1551559896.1331313,960,0,0,1
1551559896.1491566,960,0,0,1
1551559896.165153,960,0,0,1
1551559896.1811435,960,0,0,1
1551559896.197164,960,0,0,1
1551559896.2131314,960,0,0,1
1551559896.229148,960,0,0,1
1551559896.2451818,960,0,0,1
1551559896.2611523,960,0,0,1
1551559896.277217,960,0,0,1
1551559896.2931669,960,0,0,1
1551559896.309203,960,0,0,1
1551559896.3251674,960,0,0,1
1551559896.341137,960,0,0,1
1551559896.357183,960,0,0,1
1551559896.373147,960,0,0,1
1551559896.3891406,960,0,0,1
1551559896.405126,960,0,0,1
1551559896.4210956,960,0,0,1
1551559896.437144,960,0,0,1
1551559896.4530947,960,0,0,1
1551559896.4691427,960,0,0,1
1551559896.4851654,960,0,0,1
1551559896.5011551,960,0,0,1
1551559896.517163,960,0,0,1
1551559896.533152,960,0,0,1
1551559896.5491698,960,0,0,1
1551559896.56517,960,0,0,1
1551559896.5811327,960,0,0,1
1551559896.5971801,960,0,0,1
1551559896.6131706,960,0,0,1
1551559896.6291816,960,0,0,1
1551559896.6451635,960,0,0,1
1551559896.6611454,960,0,0,1
1551559896.677185,960,0,0,1
1551559896.6931548,960,0,0,1
1551559896.7091818,960,0,0,1
1551559896.7252412,960,0,0,1
1551559896.7411525,960,0,0,1
1551559896.75718,960,0,0,1
1551559896.7731361,960,0,0,1
1551559896.7892005,960,0,0,1
1551559896.8051765,960,0,0,1
1551559896.8211343,960,0,0,1
1551559896.8372025,960,0,0,1
1551559896.8531656,960,0,0,1
1551559896.8691504,960,0,0,1
1551559896.8851354,960,0,0,1
1551559896.901114,960,0,0,1
1551559896.917183,960,0,0,1
1551559896.9331543,960,0,0,1
1551559896.9492278,960,0,0,1
1551559896.965192,960,0,0,1
1551559896.981154,960,0,0,1
1551559896.9971688,960,0,0,1
1551559897.0121412,960,0,0,1
1551559897.0281684,960,0,0,1
1551559897.0441117,960,0,0,1
1551559897.060027,960,0,0,1
1551559897.0759518,960,0,0,1
1551559897.0928729,960,0,0,1
1551559897.1091478,960,0,0,1
1551559897.1251519,960,0,0,1
1551559897.1411412,960,0,0,1
1551559897.1572034,960,0,0,1
1551559897.1731386,960,0,0,1
1551559897.189158,960,0,0,1
1551559897.2051501,960,0,0,1
1551559897.22114,960,0,0,1
1551559897.237282,960,1,0,0
1551559897.237438,960,1,0,1
1551559897.2532678,960,1,0,1
1551559897.2692702,960,1,0,1
1551559897.2852092,960,1,0,1
1551559897.3011289,960,1,0,1
1551559897.3172545,960,0,0,1
1551559897.3332248,960,0,0,1
1551559897.3492262,960,0,0,1
1551559897.365179,960,0,0,1
1551559897.3811443,960,0,0,1
1551559897.3971949,960,0,0,1
1551559897.4131348,960,0,0,1
1551559897.4291754,960,0,0,1
1551559897.4451663,960,0,0,1
1551559897.4611373,960,0,0,1
1551559897.4772067,960,0,0,1
1551559897.493142,960,0,0,1
1551559897.5091686,960,0,0,1
1551559897.5251646,960,0,0,1
1551559897.5411344,960,0,0,1
1551559897.5572047,960,0,0,1
1551559897.573129,960,0,0,1
1551559897.5891755,960,0,0,1
1551559897.6051657,960,0,0,1
1551559897.6211286,960,0,0,1
1551559897.6371808,960,0,0,1
1551559897.6531463,960,0,0,1
1551559897.6691499,960,0,0,1
1551559897.6851122,960,0,0,1
1551559897.7010772,960,0,0,1
1551559897.7171416,960,0,0,1
1551559897.7331166,960,0,0,1
1551559897.7491636,960,0,0,1
1551559897.765159,960,0,0,1
1551559897.781139,960,0,0,1
1551559897.7971954,960,0,0,1
1551559897.8131375,960,0,0,1
1551559897.8291535,960,0,0,1
1551559897.8452442,960,0,0,1
1551559897.861145,960,0,0,1
1551559897.8771915,960,0,0,1
1551559897.8931575,960,0,0,1
1551559897.909163,960,0,0,1
1551559897.9251804,960,0,0,1
1551559897.9411457,960,0,0,1
1551559897.9572093,960,0,0,1
1551559897.973139,960,0,0,1
1551559897.989229,960,0,0,1
1551559898.0051844,960,0,0,1
1551559898.0211535,960,0,0,1
1551559898.0371916,960,0,0,1
1551559898.0531414,960,0,0,1
1551559898.0691464,960,0,0,1
1551559898.0854957,960,0,0,1
1551559898.101413,960,0,0,1
1551559898.1175382,960,0,0,1
1551559898.1334293,960,0,0,1
1551559898.1494517,960,0,0,1
1551559898.165389,960,0,0,1
1551559898.181304,960,0,0,1
1551559898.197398,960,0,0,1
1551559898.2133274,960,0,0,1
1551559898.2293432,960,0,0,1
1551559898.2452552,960,0,0,1
1551559898.261189,960,0,0,1
1551559898.2772417,960,0,0,1
1551559898.29316,960,0,0,1
1551559898.309188,960,0,0,1
1551559898.3251953,960,0,0,1
1551559898.3411236,960,0,0,1
1551559898.3571806,960,0,0,1
1551559898.373165,960,0,0,1
1551559898.3891637,960,0,0,1
1551559898.4051616,960,0,0,1
1551559898.4213402,960,0,0,1
1551559898.4376752,960,0,0,1
1551559898.4537518,960,0,0,1
1551559898.469752,960,0,0,1
1551559898.4856906,960,0,0,1
1551559898.5015998,960,0,0,1
1551559898.5176144,960,0,0,1
1551559898.5335214,960,0,0,1
1551559898.549535,960,0,0,1
1551559898.565489,960,0,0,1
1551559898.5814183,960,0,0,1
1551559898.5974755,960,0,0,1
1551559898.6134048,960,0,0,1
1551559898.6293867,960,0,0,1
1551559898.6453383,960,0,0,1
1551559898.6612713,960,0,0,1
1551559898.6772928,960,0,0,1
1551559898.6932094,960,0,0,1
1551559898.709239,960,0,0,1
1551559898.7251885,960,0,0,1
1551559898.7411468,960,0,0,1
1551559898.7572174,960,0,0,1
1551559898.773153,960,0,0,1
1551559898.7892144,960,0,0,1
1551559898.8051896,960,0,0,1
1551559898.8211408,960,0,0,1
1551559898.8372688,960,0,0,1
1551559898.8531842,960,0,0,1
1551559898.8692067,960,0,0,1
1551559898.8851597,960,0,0,1
1551559898.9010956,960,0,0,1
1551559898.9171135,960,0,0,1
1551559898.933084,960,0,0,1
1551559898.9491584,960,0,0,1
1551559898.9651618,960,0,0,1
1551559898.9811425,960,0,0,1
1551559898.99721,960,0,0,1
1551559899.012131,960,0,0,1
1551559899.0282083,960,0,0,1
1551559899.0441513,960,0,0,1
1551559899.060051,960,0,0,1
1551559899.075985,960,0,0,1
1551559899.092897,960,0,0,1
1551559899.1089697,960,0,0,1
1551559899.1259015,960,0,0,1
1551559899.1428368,960,0,0,1
1551559899.1598728,960,0,0,1
1551559899.1768816,960,0,0,1
1551559899.193772,960,0,0,1
1551559899.2097151,960,0,0,1
1551559899.2256124,960,0,0,1
1551559899.2415009,960,0,0,1
1551559899.2575297,960,0,0,1
1551559899.2734554,960,0,0,1
1551559899.2894247,960,0,0,1
1551559899.3053222,960,0,0,1
1551559899.3212166,960,0,0,1
1551559899.337235,960,0,0,1
1551559899.3531125,960,0,0,1
1551559899.3690734,960,0,0,1
1551559899.3849819,960,0,0,1
1551559899.401863,960,0,0,1
1551559899.418835,960,0,0,1
1551559899.435697,960,0,0,1
1551559899.4515867,960,0,0,1
1551559899.467605,960,0,0,1
1551559899.4834688,960,0,0,1
1551559899.499433,960,0,0,1
1551559899.5153902,960,0,0,1
1551559899.5313005,960,0,0,1
1551559899.5473647,960,0,0,1
1551559899.5632665,960,0,0,1
1551559899.5792408,960,0,0,1
1551559899.5951684,960,0,0,1
1551559899.6110504,960,0,0,1
1551559899.6271312,960,0,0,1
1551559899.6430109,960,0,0,1
1551559899.658964,960,0,0,1
1551559899.6758432,960,0,0,1
1551559899.6927655,960,0,0,1
1551559899.708749,960,0,0,1
1551559899.7246327,960,0,0,1
1551559899.740532,960,0,0,0
1551559899.7736533,958,0,0,0
1551559899.78731,958,0,0,0
1551559899.8037968,958,0,0,0
1551559899.8194146,958,0,0,0
1551559899.8350942,958,0,0,0
1551559899.851612,958,0,0,0
1551559899.8673162,958,0,0,0
1551559899.883197,958,1,0,0
1551559899.8833504,958,1,0,1
1551559899.899218,958,1,0,1
1551559899.915142,958,1,0,1
1551559899.9310331,958,1,0,1
1551559899.9470978,958,1,0,1
1551559899.9629903,958,1,0,1
1551559899.979021,958,1,0,1
1551559899.9949586,958,1,0,1
1551559900.0118377,958,1,0,1
1551559900.028901,958,1,0,1
1551559900.0458715,958,0,0,1
1551559900.0618281,958,0,0,1
1551559900.0788426,958,0,0,1
1551559900.0957437,958,0,0,1
1551559900.1117105,958,0,0,1
1551559900.1277714,958,0,0,1
1551559900.14369,958,0,0,1
1551559900.1596973,958,0,0,1
1551559900.175669,958,0,0,1
1551559900.1915927,958,0,0,1
1551559900.2076285,958,0,0,1
1551559900.2235548,958,0,0,1
1551559900.2396004,958,0,0,1
1551559900.2555616,958,0,0,1
1551559900.2715077,958,0,0,1
1551559900.2875516,958,0,0,1
1551559900.3034801,958,0,0,1
1551559900.3194966,958,0,0,1
1551559900.3354387,958,0,0,1
1551559900.3515701,958,0,0,1
1551559900.3675952,958,0,0,1
1551559900.3834963,958,0,0,1
1551559900.3994539,958,0,0,1
1551559900.415384,958,0,0,1
1551559900.4313152,958,0,0,1
1551559900.44736,958,0,0,1
1551559900.4632864,958,0,0,1
1551559900.479329,958,0,0,1
1551559900.4952645,958,0,0,1
1551559900.5111868,958,0,0,1
1551559900.527218,958,0,0,1
1551559900.543151,958,0,0,1
1551559900.5592287,958,0,0,1
1551559900.5751948,958,0,0,1
1551559900.5911157,958,0,0,1
1551559900.6071637,958,0,0,1
1551559900.6230974,958,0,0,1
1551559900.6391387,958,0,0,1
1551559900.6551323,958,0,0,1
1551559900.6710482,958,0,0,1
1551559900.6870732,958,0,0,1
1551559900.702987,958,0,0,1
1551559900.719012,958,0,0,1
1551559900.7349079,958,0,0,1
1551559900.7518165,958,0,0,1
1551559900.7688708,958,0,0,1
1551559900.7857623,958,0,0,1
1551559900.8016431,958,0,0,1
1551559900.8176405,958,0,0,1
1551559900.833505,958,0,0,1
1551559900.8494542,958,0,0,1
1551559900.865333,958,0,0,1
1551559900.8812342,958,0,0,1
1551559900.8972847,958,0,0,1
1551559900.913187,958,0,0,1
1551559900.929233,958,0,0,1
1551559900.945153,958,0,0,1
1551559900.9610355,958,0,0,1
1551559900.9770455,958,0,0,1
1551559900.9929547,958,0,0,1
1551559901.0089319,958,0,0,1
1551559901.0258257,958,0,0,1
1551559901.0427306,958,0,0,1
1551559901.0579374,958,0,0,1
1551559901.0748537,958,0,0,1
1551559901.0917203,958,0,0,1
1551559901.1078002,958,0,0,1
1551559901.1236985,958,0,0,1
1551559901.1396847,958,0,0,1
1551559901.1556094,958,0,0,1
1551559901.1714802,958,0,0,1
1551559901.187536,958,0,0,1
1551559901.2034507,958,0,0,1
1551559901.2194011,958,0,0,1
1551559901.2353148,958,0,0,1
1551559901.2512214,958,0,0,1
1551559901.2672956,958,0,0,1
1551559901.2831614,958,0,0,1
1551559901.2990963,958,0,0,1
1551559901.3149555,958,0,0,1
1551559901.3318272,958,0,0,1
1551559901.3488595,958,0,0,1
1551559901.3657045,958,0,0,1
1551559901.381605,958,0,0,1
1551559901.3976328,958,0,0,1
1551559901.4135444,958,0,0,1
1551559901.429554,958,0,0,1
1551559901.4454947,958,0,0,1
1551559901.4614227,958,0,0,1
1551559901.4774704,958,0,0,1
1551559901.4933949,958,0,0,1
1551559901.509407,958,0,0,1
1551559901.5253248,958,0,0,1
1551559901.5412853,958,0,0,1
1551559901.5573263,958,0,0,1
1551559901.5732567,958,0,0,1
1551559901.5892553,958,0,0,1
1551559901.6051857,958,0,0,1
1551559901.6211379,958,0,0,1
1551559901.6372125,958,0,0,1
1551559901.6531436,958,0,0,1
1551559901.669186,958,0,0,1
1551559901.6851437,958,0,0,1
1551559901.7011309,958,0,0,1
1551559901.7171986,958,0,0,1
1551559901.7331345,958,0,0,1
1551559901.7491233,958,0,0,1
1551559901.7651181,958,0,0,1
1551559901.7811038,958,0,0,1
1551559901.797151,958,0,0,1
1551559901.8131263,958,0,0,1
1551559901.8291638,958,0,0,1
1551559901.845136,958,0,0,1
1551559901.861111,958,0,0,1
1551559901.8771505,958,0,0,1
1551559901.8931253,958,0,0,1
1551559901.9091408,958,0,0,1
1551559901.925136,958,0,0,1
1551559901.9411123,958,0,0,1
1551559901.9572427,958,0,0,1
1551559901.9732065,958,0,0,1
1551559901.9893165,958,0,0,1
1551559902.0053258,958,0,0,1
1551559902.021332,958,0,0,1
1551559902.0374658,958,0,0,1
1551559902.053448,958,0,0,1
1551559902.0695815,958,0,0,1
1551559902.0855799,958,0,0,1
1551559902.101579,958,0,0,1
1551559902.1176417,958,0,0,1
1551559902.1336565,958,0,0,1
1551559902.1497366,958,0,0,1
1551559902.165717,958,0,0,1
1551559902.1816568,958,0,0,1
1551559902.197707,958,0,0,1
1551559902.213765,958,0,0,1
1551559902.2298365,958,0,0,1
1551559902.2468512,958,0,0,1
1551559902.2638671,958,0,0,1
1551559902.2799525,958,0,0,1
1551559902.2959876,958,0,0,1
1551559902.3120008,958,0,0,1
1551559902.3280952,958,0,0,1
1551559902.344205,958,0,0,1
1551559902.3602588,958,0,0,1
1551559902.376328,958,0,0,1
1551559902.3923416,958,0,0,0
1551559902.4261801,959,0,0,0
1551559902.439853,959,0,0,0
1551559902.4557917,959,0,0,0
1551559902.4716084,959,0,0,0
1551559902.4873233,959,0,0,0
1551559902.5029876,959,0,0,0
1551559902.519625,959,0,0,0
1551559902.5353346,959,0,0,0
1551559902.5509477,959,0,0,0
1551559902.567709,959,0,0,0
1551559902.583402,959,0,0,0
1551559902.5990565,959,0,0,0
1551559902.6156971,959,0,0,0
1551559902.6313329,959,0,0,0
1551559902.647119,959,0,0,0
1551559902.6637855,959,0,0,0
1551559902.679471,959,0,0,0
1551559902.6955206,959,0,0,0
1551559902.711184,959,0,0,0
1551559902.7269673,959,0,0,0
1551559902.7436218,959,0,0,0
1551559902.7593007,959,0,0,0
1551559902.774948,959,0,0,0
1551559902.7915564,959,0,0,0
1551559902.8073168,959,0,0,0
1551559902.8229802,959,0,0,0
1551559902.839682,959,0,0,0
1551559902.8553956,959,0,0,0
1551559902.8709497,959,0,0,0
1551559902.887668,959,0,0,0
1551559902.903297,959,0,0,0
1551559902.9189906,959,0,0,0
1551559902.9356358,959,0,0,0
1551559902.951262,959,0,0,0
1551559902.9670355,959,0,0,0
1551559902.9836454,959,0,0,0
1551559902.9993238,959,0,0,0
1551559903.0140839,959,0,0,0
1551559903.0299573,959,0,0,0
1551559903.0466328,959,0,0,0
1551559903.0622375,959,0,0,0
1551559903.0780087,959,0,0,0
1551559903.0946767,959,0,0,0
1551559903.110364,959,0,0,0
1551559903.1260579,959,0,0,0
1551559903.1426322,959,0,0,0
1551559910.527613,959,1,1,0
1551559910.5414646,962,1,1,0
1551559910.55544,962,0,0,0
1551559910.5713582,962,0,0,0
1551559910.5875006,962,0,0,0
1551559910.6037328,962,0,0,0
1551559910.6196556,962,0,0,0
1551559910.6354723,962,0,0,0
1551559910.6512885,962,0,0,0
1551559910.6672735,962,0,0,0
1551559910.6831682,962,0,0,0
1551559910.699138,962,0,0,0
1551559910.7149892,962,0,0,0
1551559910.7317686,962,0,0,0
1551559910.7477431,962,0,0,0
1551559910.7636416,962,0,0,0
1551559910.7796054,962,0,0,0
1551559910.7954495,962,0,0,0
1551559910.8112795,962,0,0,0
1551559910.8273253,962,0,0,0
1551559910.8438456,962,0,0,0
1551559910.8604052,962,0,0,0
1551559910.8760061,962,0,0,0
1551559910.8925436,962,0,0,0
1551559910.908191,962,0,0,0
1551559910.9247139,962,0,0,0
1551559910.9402845,962,0,0,0
1551559910.9568725,962,0,0,0
1551559910.9734223,962,0,0,0
1551559910.9889944,962,0,0,0
1551559911.0045466,962,0,0,0
1551559911.020101,962,0,0,0
1551559911.0367177,962,0,0,0
1551559911.0522459,962,0,0,0
1551559911.0688722,962,0,0,0
1551559911.0854368,962,0,0,0
1551559911.101007,962,0,0,0
1551559911.1176848,962,0,0,0
1551559911.1332169,962,0,0,0
1551559911.1497986,962,0,0,0
1551559911.1653938,962,0,0,0
1551559911.1809123,962,0,0,0
1551559911.1975641,962,0,0,0
1551559911.213095,962,0,0,0
1551559911.2297049,962,0,0,0
1551559911.245317,962,0,0,0
1551559911.2618718,962,0,0,0
1551559911.2785718,962,0,0,0
1551559911.2941532,962,0,0,0
1551559911.3106606,962,0,0,0
1551559911.3263721,962,0,0,0
1551559911.3419058,962,0,0,0
1551559911.3588402,962,0,0,0
1551559911.3754096,962,0,0,0
1551559911.3909419,962,0,0,0
1551559911.4076617,962,0,0,0
1551559911.423274,962,0,0,0
1551559911.4409025,962,0,0,0
1551559911.4577389,962,0,0,0
1551559911.4732602,962,0,0,0
1551559911.4898236,962,0,0,0
1551559911.5063412,962,0,0,0
1551559911.5228534,962,0,0,0
1551559911.5394537,962,0,0,0
1551559911.5551217,962,0,0,0
1551559911.5716264,962,0,0,0
1551559911.5873232,962,0,0,0
1551559911.6038275,962,0,0,0
1551559911.6204057,962,0,0,0
1551559911.6360056,962,0,0,0
1551559911.652522,962,0,0,0
1551559911.6682014,962,0,0,0
1551559911.6847417,962,0,0,0
1551559911.7003014,962,0,0,0
1551559911.7159188,962,0,0,0
1551559911.7324445,962,0,0,0
1551559911.748109,962,0,0,0
1551559911.764635,962,0,0,0
1551559911.7801898,962,0,0,0
1551559911.7967966,962,0,0,0
1551559911.8123088,962,0,0,0
1551559911.8279676,962,0,0,0
1551559911.8445225,962,0,0,0
1551559911.8602598,962,0,0,0
1551559911.8759573,962,0,0,0
1551559911.8925092,962,0,0,0
1551559911.9082088,962,0,0,0
1551559911.9248056,962,0,0,0
1551559911.9404495,962,0,0,0
1551559911.956138,962,0,0,0
1551559911.9727776,962,0,0,0
1551559911.9884455,962,0,0,0
1551559912.0031357,962,0,0,0
1551559912.0191035,962,0,0,0
1551559912.049008,961,0,0,0
1551559912.0626695,961,0,0,0
1551559912.078303,961,0,0,0
1551559912.0942216,961,0,0,0
1551559912.1108356,961,0,0,0
1551559912.1275775,961,0,0,0
1551559912.1432247,961,0,0,0
1551559912.159822,961,0,0,0
1551559912.176471,961,0,0,0
1551559912.1920826,961,0,0,0
1551559912.2088668,961,0,0,0
1551559912.2254133,961,0,0,0
1551559912.2410204,961,0,0,0
1551559912.2577627,961,0,0,0
1551559912.2733474,961,0,0,0
1551559912.2889812,961,0,0,0
1551559912.3056147,961,0,0,0
1551559912.3211699,961,0,0,0
1551559912.337878,961,0,0,0
1551559912.3544693,961,0,0,0
1551559912.3700647,961,0,0,0
1551559912.386699,961,0,0,0
1551559912.4022617,961,0,0,0
1551559912.417922,961,0,0,0
1551559912.4355009,961,0,0,0
1551559912.4511306,961,0,0,0
1551559912.46792,961,0,0,0
1551559912.4845703,961,0,0,0
1551559912.5002108,961,0,0,0
1551559912.5168927,961,0,0,0
1551559912.533513,961,0,0,0
1551559912.5491877,961,0,0,0
1551559912.5658348,961,0,0,0
1551559912.5824602,961,0,0,0
1551559912.598191,961,0,0,0
1551559912.6148057,961,0,0,0
1551559912.6303937,961,0,0,0
1551559912.64605,961,0,0,0
1551559912.6626267,961,0,0,0
1551559912.6783357,961,0,0,0
1551559912.694049,961,0,0,0
1551559912.7106066,961,0,0,0
1551559912.726384,961,0,0,0
1551559912.7420392,961,0,0,0
1551559912.7587643,961,0,0,0
1551559912.774386,961,0,0,0
1551559912.7900248,961,0,0,0
1551559912.8067193,961,0,0,0
1551559912.8224018,961,0,0,0
1551559912.8381355,961,0,0,0
1551559912.8547213,961,0,0,0
1551559912.8703923,961,0,0,0
1551559912.886041,961,0,0,0
1551559912.902745,961,0,0,0
1551559912.9183688,961,0,0,0
1551559912.9340699,961,0,0,0
1551559912.9506853,961,0,0,0
1551559912.9663765,961,0,0,0
1551559912.9820082,961,0,0,0
1551559912.9987717,961,0,0,0
1551559913.0135067,961,0,0,0
1551559913.0294209,961,0,0,0
1551559913.0450447,961,0,0,0
1551559913.0616465,961,0,0,0
1551559913.0774503,961,0,0,0
1551559913.0930786,961,0,0,0
1551559913.1097367,961,0,0,0
1551559913.1253753,961,0,0,0
1551559913.1410134,961,0,0,0
1551559913.1577933,961,0,0,0
1551559913.1734285,961,0,0,0
1551559913.1890812,961,0,0,0
1551559913.2056944,961,0,0,0
1551559913.2212923,961,0,0,0
1551559913.2370434,961,0,0,0
1551559913.2536538,961,0,0,0
1551559913.2693326,961,0,0,0
1551559913.2849634,961,0,0,0
1551559913.301575,961,0,0,0
1551559913.3173337,961,0,0,0
1551559913.3329482,961,0,0,0
1551559913.3495965,961,0,0,0
1551559913.365096,961,0,0,0
1551559913.3817368,961,0,0,0
1551559913.3974419,961,0,0,0
1551559913.4130604,961,0,0,0
1551559913.4307566,961,0,0,0
1551559913.4465027,961,0,0,0
1551559913.462106,961,0,0,0
1551559913.4787953,961,0,0,0
1551559913.4944146,961,0,0,0
1551559913.5100558,961,0,0,0
1551559913.5267265,961,0,0,0
1551559913.5578563,958,0,0,0
1551559913.57155,958,0,0,0
1551559913.587274,958,0,0,0
1551559913.6031864,958,0,0,0
1551559913.6197739,958,0,0,0
1551559913.6353576,958,0,0,0
1551559913.6518502,958,0,0,0
1551559913.6685495,958,0,0,0
1551559913.6841547,958,0,0,0
1551559913.700691,958,0,0,0
1551559913.7163727,958,0,0,0
1551559913.7319057,958,0,0,0
1551559913.748612,958,0,0,0
1551559913.7641878,958,0,0,0
1551559913.7807648,958,0,0,0
1551559913.7964826,958,0,0,0
1551559913.81199,958,0,0,0
1551559913.8286414,958,0,0,0
1551559913.8442128,958,0,0,0
1551559913.8608382,958,0,0,0
1551559913.8775551,958,0,0,0
1551559913.893114,958,0,0,0
1551559913.9096851,958,0,0,0
1551559913.9253132,958,0,0,0
1551559913.9410176,958,1,0,0
1551559913.9411697,958,1,0,1
1551559913.9571764,958,1,0,1
1551559913.9731622,958,0,0,1
1551559913.9891663,958,0,0,1
1551559914.0051055,958,0,0,1
1551559914.021059,958,0,0,1
1551559914.0370984,958,0,0,1
1551559914.0530872,958,0,0,1
1551559914.0691016,958,0,0,1
1551559914.0851016,958,0,0,1
1551559914.1010733,958,0,0,1
1551559914.1171546,958,0,0,1
1551559914.1330996,958,0,0,1
1551559914.1491163,958,0,0,1
1551559914.1650999,958,0,0,1
1551559914.1810842,958,0,0,1
1551559914.1971614,958,0,0,1
1551559914.2131124,958,0,0,1
1551559914.229108,958,0,0,1
1551559914.2451026,958,0,0,1
1551559914.2610712,958,0,0,1
1551559914.2771084,958,0,0,1
1551559914.2930853,958,0,0,1
1551559914.3091125,958,0,0,1
1551559914.3250988,958,0,0,1
1551559914.3410738,958,0,0,1
1551559914.3571155,958,0,0,1
1551559914.3732593,958,0,0,1
1551559914.3892424,958,0,0,1
1551559914.4051557,958,0,0,1
1551559914.4211116,958,0,0,1
1551559914.437132,958,0,0,1
1551559914.4530847,958,0,0,1
1551559914.4691148,958,0,0,1
1551559914.4851108,958,0,0,1
1551559914.5010872,958,0,0,1
1551559914.5171525,958,0,0,1
1551559914.5331101,958,0,0,1
1551559914.5491345,958,0,0,1
1551559914.565107,958,0,0,1
1551559914.5810921,958,0,0,1
1551559914.597137,958,0,0,1
1551559914.6131072,958,0,0,1
1551559914.6291375,958,0,0,1
1551559914.645486,958,0,0,1
1551559914.661401,958,0,0,1
1551559914.6774654,958,0,0,1
1551559914.6934142,958,0,0,1
1551559914.7094064,958,0,0,1
1551559914.7253587,958,0,0,1
1551559914.7412713,958,0,0,1
1551559914.7573252,958,0,0,1
1551559914.7732322,958,0,0,1
1551559914.7892413,958,0,0,1
1551559914.8051763,958,0,0,1
1551559914.821095,958,0,0,1
1551559914.8371053,958,0,0,1
1551559914.8530743,958,0,0,1
1551559914.8690655,958,0,0,1
1551559914.884983,958,0,0,1
1551559914.9009507,958,0,0,1
1551559914.9170814,958,0,0,1
1551559914.933062,958,0,0,1
1551559914.9491348,958,0,0,1
1551559914.965122,958,0,0,1
1551559914.9810953,958,0,0,1
1551559914.9971182,958,0,0,1
1551559915.0120797,958,0,0,1
1551559915.028081,958,0,0,1
1551559915.0440497,958,0,0,1
1551559915.0599487,958,0,0,1
1551559915.076843,958,0,0,1
1551559915.093769,958,0,0,1
1551559915.1097348,958,0,0,1
1551559915.125679,958,0,0,1
1551559915.1416047,958,0,0,1
1551559915.1576698,958,0,0,1
1551559915.1735787,958,0,0,1
1551559915.1895976,958,0,0,1
1551559915.2055516,958,0,0,1
1551559915.2214541,958,0,0,1
1551559915.2375097,958,0,0,1
1551559915.2533972,958,0,0,1
1551559915.2694001,958,0,0,1
1551559915.285332,958,0,0,1
1551559915.3012552,958,0,0,1
1551559915.3173108,958,0,0,1
1551559915.333253,958,0,0,1
1551559915.3492644,958,0,0,1
1551559915.3651924,958,0,0,1
1551559915.3810942,958,0,0,1
1551559915.3971527,958,0,0,1
1551559915.413091,958,0,0,1
1551559915.4291136,958,0,0,1
1551559915.4451296,958,0,0,1
1551559915.4610748,958,0,0,1
1551559915.4771197,958,0,0,1
1551559915.493103,958,0,0,1
1551559915.509101,958,0,0,1
1551559915.5250945,958,0,0,1
1551559915.5410738,958,0,0,1
1551559915.5571642,958,0,0,1
1551559915.573088,958,0,0,1
1551559915.5891163,958,0,0,1
1551559915.6051092,958,0,0,1
1551559915.6211157,958,0,0,1
1551559915.637193,958,0,0,1
1551559915.6531053,958,0,0,1
1551559915.6691232,958,0,0,1
1551559915.6851091,958,0,0,1
1551559915.7010832,958,0,0,1
1551559915.7171524,958,0,0,1
1551559915.7331028,958,0,0,1
1551559915.749118,958,0,0,1
1551559915.7651021,958,0,0,1
1551559915.7810833,958,0,0,1
1551559915.7971623,958,0,0,1
1551559915.8131053,958,0,0,1
1551559915.829132,958,0,0,1
1551559915.8451314,958,0,0,1
1551559915.8610947,958,0,0,1
1551559915.8771622,958,0,0,1
1551559915.893109,958,0,0,1
1551559915.909119,958,0,0,1
1551559915.9250927,958,0,0,1
1551559915.9410717,958,0,0,1
1551559915.9571128,958,0,0,1
1551559915.9730835,958,0,0,1
1551559915.9891057,958,0,0,1
1551559916.005106,958,0,0,1
1551559916.021069,958,0,0,1
1551559916.0371451,958,0,0,1
1551559916.053091,958,0,0,1
1551559916.0691378,958,0,0,1
1551559916.0850992,958,0,0,1
1551559916.101064,958,0,0,1
1551559916.1171033,958,0,0,1
1551559916.1330884,958,0,0,1
1551559916.149101,958,0,0,1
1551559916.165108,958,0,0,1
1551559916.1810944,958,0,0,1
1551559916.197155,958,0,0,1
1551559916.2130969,958,0,0,1
1551559916.2291117,958,0,0,1
1551559916.2451286,958,0,0,1
1551559916.2610972,958,0,0,1
1551559916.2771559,958,0,0,1
1551559916.2930977,958,0,0,1
1551559916.3091073,958,0,0,1
1551559916.325125,958,0,0,1
1551559916.3410852,958,0,0,1
1551559916.3571563,958,0,0,1
1551559916.3730717,958,0,0,1
1551559916.3892295,958,0,0,1
1551559916.4052997,958,0,0,1
1551559916.4213483,958,0,0,1
1551559916.437496,958,0,0,1
1551559916.4535077,958,0,0,0
1551559916.4905922,964,0,0,0
1551559916.504484,964,0,0,0
1551559916.5201228,964,0,0,0
1551559916.5361097,964,0,0,0
1551559916.5528364,964,0,0,0
1551559916.5685225,964,0,0,0
1551559916.5841901,964,0,0,0
1551559916.6008658,964,0,0,0
1551559916.6175182,964,0,0,0
1551559916.6330116,964,0,0,0
1551559916.6495225,964,0,0,0
1551559916.6650546,964,0,0,0
1551559916.6815257,964,0,0,0
1551559916.6971872,964,0,0,0
1551559916.7136536,964,0,0,0
1551559916.729214,964,0,0,0
1551559916.7457075,964,0,0,0
1551559916.7611995,964,0,0,0
1551559916.7778318,964,0,0,0
1551559916.794281,964,0,0,0
1551559916.8107195,964,0,0,0
1551559916.8263166,964,0,0,0
1551559916.8428037,964,0,0,0
1551559916.8582964,964,0,0,0
1551559916.8747752,964,0,0,0
1551559916.8902955,964,0,0,0
1551559916.906846,964,0,0,0
1551559916.9233363,964,0,0,0
1551559916.938967,964,0,0,0
1551559916.9554365,964,0,0,0
1551559916.971037,964,0,0,0
1551559916.987666,964,0,0,0
1551559917.0022826,964,0,0,0
1551559917.0179691,964,0,0,0
1551559917.034463,964,0,0,0
1551559917.0499487,964,0,0,0
1551559917.0665166,964,0,0,0
1551559917.0819983,964,0,0,0
1551559917.0986195,964,0,0,0
1551559917.1141658,964,0,0,0
1551559917.130634,964,0,0,0
1551559917.1461802,964,0,0,0
1551559917.1627097,964,0,0,0
1551559917.1782818,964,0,0,0
1551559917.1947513,964,0,0,0
1551559917.2102416,964,0,0,0
1551559917.2267528,964,0,0,0
1551559917.242265,964,0,0,0
1551559917.2580376,964,0,0,0
1551559917.2745388,964,0,0,0
1551559917.2900186,964,0,0,0
1551559917.3065526,964,0,0,0
1551559917.322029,964,0,0,0
1551559917.3386595,964,0,0,0
1551559917.3541996,964,0,0,0
1551559917.370563,964,0,0,0
1551559917.3861034,964,0,0,0
1551559917.4026148,964,0,0,0
1551559917.418176,964,0,0,0
1551559917.4356778,964,0,0,0
1551559917.4512088,964,0,0,0
1551559917.4669368,964,0,0,0
1551559917.483434,964,0,0,0
1551559917.4990878,964,0,0,0
1551559917.5155756,964,0,0,0
1551559917.5311131,964,0,0,0
1551559917.5477762,964,0,0,0
1551559917.563303,964,0,0,0
1551559917.5789325,964,0,0,0
1551559917.5953948,964,0,0,0
1551559917.6109443,964,0,0,0
1551559917.627567,964,0,0,0
1551559917.643096,964,0,0,0
1551559917.6596203,964,0,0,0
1551559917.675143,964,0,0,0
1551559917.6918309,964,0,0,0
1551559917.7084718,964,0,0,0
1551559917.724051,964,0,0,0
1551559917.740558,964,0,0,0
1551559917.7560945,964,0,0,0
1551559917.772632,964,0,0,0
1551559917.7882545,964,0,0,0
1551559917.8047788,964,0,0,0
1551559917.820318,964,0,0,0
1551559917.8368366,964,0,0,0
1551559917.8533876,964,0,0,0
1551559917.8695776,964,0,0,0
1551559917.8851576,964,0,0,0
1551559917.901687,964,0,0,0
1551559917.9173496,964,0,0,0
1551559917.9329412,964,0,0,0
1551559917.94956,964,0,0,0
1551559917.9651465,964,0,0,0
1551559917.9971845,958,0,0,0
1551559918.010764,958,0,0,0
1551559918.0264804,958,0,0,0
1551559918.0420542,958,0,0,0
1551559918.058634,958,0,0,0
1551559918.0744085,958,1,0,0
1551559918.0745661,958,1,0,1
1551559918.0903676,958,1,0,1
1551559918.106325,958,1,0,1
1551559918.122232,958,1,0,1
1551559918.1382096,958,1,0,1
1551559918.154145,958,1,0,1
1551559918.170011,958,1,0,1
1551559918.1859539,958,1,0,1
1551559918.2028522,958,1,0,1
1551559918.2197824,958,1,0,1
1551559918.235808,958,0,0,1
1551559918.2516518,958,0,0,1
1551559918.2676032,958,0,0,1
1551559918.2834518,958,0,0,1
1551559918.2994092,958,0,0,1
1551559918.3153567,958,0,0,1
1551559918.3312273,958,0,0,1
1551559918.347206,958,0,0,1
1551559918.3630764,958,0,0,1
1551559918.3790607,958,0,0,1
1551559918.3949268,958,0,0,1
1551559918.411794,958,0,0,1
1551559918.4277933,958,0,0,1
1551559918.443643,958,0,0,1
1551559918.4595973,958,0,0,1
1551559918.4755678,958,0,0,1
1551559918.49143,958,0,0,1
1551559918.5074048,958,0,0,1
1551559918.5232627,958,0,0,1
1551559918.539201,958,0,0,1
1551559918.5550876,958,0,0,1
1551559918.5709484,958,0,0,1
1551559918.5869837,958,0,0,1
1551559918.6038475,958,0,0,1
1551559918.6207714,958,0,0,1
1551559918.636837,958,0,0,1
1551559918.6537025,958,0,0,1
1551559918.6696956,958,0,0,1
1551559918.6856718,958,0,0,1
1551559918.701544,958,0,0,1
1551559918.7175903,958,0,0,1
1551559918.7334604,958,0,0,1
1551559918.7494442,958,0,0,1
1551559918.7654157,958,0,0,1
1551559918.7813153,958,0,0,1
1551559918.7973847,958,0,0,1
1551559918.8132737,958,0,0,1
1551559918.8292668,958,0,0,1
1551559918.8451626,958,0,0,1
1551559918.861077,958,0,0,1
1551559918.8773344,958,0,0,1
1551559918.8932116,958,0,0,1
1551559918.9092395,958,0,0,1
1551559918.9251642,958,0,0,1
1551559918.9410858,958,0,0,1
1551559918.9571466,958,0,0,1
1551559918.9731114,958,0,0,1
1551559918.9891055,958,0,0,1
1551559919.0050633,958,0,0,1
1551559919.0210211,958,0,0,1
1551559919.0370662,958,0,0,1
1551559919.0530167,958,0,0,1
1551559919.0690777,958,0,0,1
1551559919.0850453,958,0,0,1
1551559919.1009455,958,0,0,1
1551559919.1169722,958,0,0,1
1551559919.1338232,958,0,0,1
1551559919.1507719,958,0,0,1
1551559919.1668086,958,0,0,1
1551559919.1826715,958,0,0,1
1551559919.1986508,958,0,0,1
1551559919.2145429,958,0,0,1
1551559919.2308612,958,0,0,1
1551559919.246915,958,0,0,1
1551559919.2638147,958,0,0,1
1551559919.2797832,958,0,0,1
1551559919.2957618,958,0,0,1
1551559919.3116674,958,0,0,1
1551559919.327684,958,0,0,1
1551559919.343582,958,0,0,1
1551559919.359556,958,0,0,1
1551559919.3755026,958,0,0,1
1551559919.3914106,958,0,0,1
1551559919.407446,958,0,0,1
1551559919.4233823,958,0,0,1
1551559919.440365,958,0,0,1
1551559919.4564087,958,0,0,1
1551559919.4723282,958,0,0,1
1551559919.4883235,958,0,0,1
1551559919.5042417,958,0,0,1
1551559919.520145,958,0,0,1
1551559919.536104,958,0,0,1
1551559919.5520065,958,0,0,1
1551559919.5679986,958,0,0,1
1551559919.5848844,958,0,0,1
1551559919.601733,958,0,0,1
1551559919.6170037,958,0,0,1
1551559919.6338427,958,0,0,1
1551559919.6507545,958,0,0,1
1551559919.6667418,958,0,0,1
1551559919.6826088,958,0,0,1
1551559919.698577,958,0,0,1
1551559919.714448,958,0,0,1
1551559919.7303104,958,0,0,1
1551559919.7463245,958,0,0,1
1551559919.762273,958,0,0,1
1551559919.7783806,958,0,0,1
1551559919.794266,958,0,0,1
1551559919.8101447,958,0,0,1
1551559919.826136,958,0,0,1
1551559919.8420115,958,0,0,1
1551559919.857965,958,0,0,1
1551559919.874822,958,0,0,1
1551559919.8916776,958,0,0,1
1551559919.9076777,958,0,0,1
1551559919.9235778,958,0,0,1
1551559919.9395764,958,0,0,1
1551559919.955528,958,0,0,1
1551559919.9713943,958,0,0,1
1551559919.98742,958,0,0,1
1551559920.003296,958,0,0,1
1551559920.0192356,958,0,0,1
1551559920.0351083,958,0,0,1
1551559920.0509777,958,0,0,1
1551559920.0670004,958,0,0,1
1551559920.0838416,958,0,0,1
1551559920.1007519,958,0,0,1
1551559920.1167693,958,0,0,1
1551559920.1326036,958,0,0,1
1551559920.148573,958,0,0,1
1551559920.164455,958,0,0,1
1551559920.1803253,958,0,0,1
1551559920.1963599,958,0,0,1
1551559920.2122378,958,0,0,1
1551559920.2282064,958,0,0,1
1551559920.2441397,958,0,0,1
1551559920.259994,958,0,0,1
1551559920.2759285,958,0,0,1
1551559920.292804,958,0,0,1
1551559920.3087745,958,0,0,1
1551559920.3246841,958,0,0,1
1551559920.3405607,958,0,0,1
1551559920.3565857,958,0,0,1
1551559920.3724277,958,0,0,1
1551559920.388413,958,0,0,1
1551559920.404308,958,0,0,1
1551559920.4204838,958,0,0,1
1551559920.436525,958,0,0,1
1551559920.4524648,958,0,0,1
1551559920.4684596,958,0,0,1
1551559920.4843202,958,0,0,1
1551559920.50018,958,0,0,1
1551559920.516137,958,0,0,1
1551559920.5319715,958,0,0,1
1551559920.5479467,958,0,0,1
1551559920.5648656,958,0,0,1
1551559920.5817084,958,0,0,0
1551559920.6138587,963,0,0,0
1551559920.6275291,963,0,0,0
1551559920.6430771,963,0,0,0
1551559920.6598272,963,0,0,0
1551559920.6764474,963,0,0,0
1551559920.6920042,963,0,0,0
1551559920.708646,963,0,0,0
1551559920.7241912,963,0,0,0
1551559920.740708,963,0,0,0
1551559920.7563887,963,0,0,0
1551559920.7729025,963,0,0,0
1551559920.7894464,963,0,0,0
1551559920.804986,963,0,0,0
1551559920.8215325,963,0,0,0
1551559920.8371687,963,0,0,0
1551559920.8536952,963,0,0,0
1551559920.869339,963,0,0,0
1551559920.885895,963,0,0,0
1551559920.9024806,963,0,0,0
1551559920.9180784,963,0,0,0
1551559920.9346187,963,0,0,0
1551559920.9501364,963,0,0,0
1551559920.966776,963,0,0,0
1551559920.9823203,963,0,0,0
1551559920.9979262,963,0,0,0
1551559921.0135055,963,0,0,0
1551559921.0291512,963,0,0,0
1551559921.045688,963,0,0,0
1551559921.0612483,963,0,0,0
1551559921.0769315,963,0,0,0
1551559921.0934365,963,0,0,0
1551559921.1092188,963,0,0,0
1551559921.1257455,963,0,0,0
1551559921.1412666,963,0,0,0
1551559921.156951,963,0,0,0
1551559921.1734622,963,0,0,0
1551559921.1890256,963,0,0,0
1551559921.2055185,963,0,0,0
1551559921.221042,963,0,0,0
1551559921.237745,963,0,0,0
1551559921.2533038,963,0,0,0
1551559921.2698727,963,0,0,0
1551559921.286503,963,0,0,0
1551559921.3020344,963,0,0,0
1551559925.1708558,963,1,1,0
1551559925.1873329,957,1,1,0
1551559925.200987,957,0,0,0
1551559925.217482,957,0,0,0
1551559925.2329597,957,0,0,0
1551559925.249493,957,0,0,0
1551559925.2650144,957,0,0,0
1551559925.281476,957,0,0,0
1551559925.2971356,957,0,0,0
1551559925.3136044,957,0,0,0
1551559925.3291402,957,0,0,0
1551559925.3456707,957,0,0,0
1551559925.3611934,957,0,0,0
1551559925.3769243,957,0,0,0
1551559925.3934245,957,0,0,0
1551559925.4089472,957,0,0,0
1551559925.4254313,957,0,0,0
1551559925.4419138,957,0,0,0
1551559925.4584987,957,0,0,0
1551559925.4740584,957,0,0,0
1551559925.490542,957,0,0,0
1551559925.5061705,957,0,0,0
1551559925.522668,957,0,0,0
1551559925.538224,957,0,0,0
1551559925.5547156,957,0,0,0
1551559925.5702677,957,0,0,0
1551559925.5868733,957,0,0,0
1551559925.6033404,957,0,0,0
1551559925.6189628,957,0,0,0
1551559925.6354213,957,0,0,0
1551559925.6509373,957,0,0,0
1551559925.6675868,957,0,0,0
1551559925.683135,957,0,0,0
1551559925.699704,957,0,0,0
1551559925.7153006,957,0,0,0
1551559925.7317905,957,0,0,0
1551559925.7474704,957,0,0,0
1551559925.7630515,957,0,0,0
1551559925.779624,957,0,0,0
1551559925.7951574,957,0,0,0
1551559925.8116589,957,0,0,0
1551559925.8273077,957,0,0,0
1551559925.843814,957,0,0,0
1551559925.8603828,957,0,0,0
1551559925.8759997,957,0,0,0
1551559925.8925762,957,0,0,0
1551559925.9082208,957,0,0,0
1551559925.9247384,957,0,0,0
1551559925.9402752,957,0,0,0
1551559925.9559255,957,0,0,0
1551559925.9724274,957,0,0,0
1551559925.988072,957,0,0,0
1551559926.0036118,957,0,0,0
1551559926.0193977,957,0,0,0
1551559926.034914,957,0,0,0
1551559926.0513806,957,0,0,0
1551559926.067086,957,0,0,0
1551559926.083596,957,0,0,0
1551559926.0991786,957,0,0,0
1551559926.1156595,957,0,0,0
1551559926.131189,957,0,0,0
1551559926.1470187,957,0,0,0
1551559926.1634953,957,0,0,0
1551559926.1791072,957,0,0,0
1551559926.1956098,957,0,0,0
1551559926.211144,957,0,0,0
1551559926.2278254,957,0,0,0
1551559926.244356,957,0,0,0
1551559926.260904,957,0,0,0
1551559926.277601,957,0,0,0
1551559926.2931297,957,0,0,0
1551559926.3097236,957,0,0,0
1551559926.3253434,957,0,0,0
1551559926.341898,957,0,0,0
1551559926.3585153,957,0,0,0
1551559926.3741343,957,0,0,0
1551559926.3906586,957,0,0,0
1551559926.4063547,957,0,0,0
1551559926.4229145,957,0,0,0
1551559926.4404783,957,0,0,0
1551559926.4561176,957,0,0,0
1551559926.4727213,957,0,0,0
1551559926.4882631,957,0,0,0
1551559926.5048301,957,0,0,0
1551559926.521298,957,0,0,0
1551559926.5370035,957,0,0,0
1551559926.553484,957,0,0,0
1551559926.56902,957,0,0,0
1551559926.5854957,957,0,0,0
1551559926.6009474,957,0,0,0
1551559926.6176221,957,0,0,0
1551559926.6330783,957,0,0,0
1551559926.6496348,957,0,0,0
1551559926.6651564,957,0,0,0
1551559926.6971471,960,0,0,0
1551559926.710666,960,0,0,0
1551559926.726423,960,0,0,0
1551559926.7420778,960,0,0,0
1551559926.7587938,960,0,0,0
1551559926.7743554,960,0,0,0
1551559926.79087,960,0,0,0
1551559926.8075867,960,0,0,0
1551559926.8231316,960,0,0,0
1551559926.8397024,960,0,0,0
1551559926.8553317,960,0,0,0
1551559926.871854,960,0,0,0
1551559926.8884554,960,0,0,0
1551559926.904133,960,0,0,0
1551559926.9206634,960,0,0,0
1551559926.9363604,960,0,0,0
1551559926.9529197,960,0,0,0
1551559926.9694443,960,0,0,0
1551559926.9849446,960,0,0,0
1551559927.001402,960,0,0,0
1551559927.017075,960,0,0,0
1551559927.0335214,960,0,0,0
1551559927.0490618,960,0,0,0
1551559927.0655808,960,0,0,0
1551559927.0810444,960,0,0,0
1551559927.0977628,960,0,0,0
1551559927.1133626,960,0,0,0
1551559927.1298738,960,0,0,0
1551559927.1464655,960,0,0,0
1551559927.161952,960,0,0,0
1551559927.1786518,960,0,0,0
1551559927.194167,960,0,0,0
1551559927.2106524,960,0,0,0
1551559927.2263336,960,0,0,0
1551559927.2428517,960,0,0,0
1551559927.2594461,960,0,0,0
1551559927.2750366,960,0,0,0
1551559927.2915132,960,0,0,0
1551559927.3072143,960,0,0,0
1551559927.3237064,960,0,0,0
1551559927.3392775,960,0,0,0
1551559927.3557706,960,0,0,0
1551559927.3712943,960,0,0,0
1551559927.3869445,960,0,0,0
1551559927.4034379,960,0,0,0
1551559927.4190872,960,0,0,0
1551559927.436575,960,0,0,0
1551559927.4521348,960,0,0,0
1551559927.4688005,960,0,0,0
1551559927.4843433,960,0,0,0
1551559927.5008543,960,0,0,0
1551559927.5175095,960,0,0,0
1551559927.5330083,960,0,0,0
1551559927.5495844,960,0,0,0
1551559927.565127,960,0,0,0
1551559927.5816805,960,0,0,0
1551559927.5973222,960,0,0,0
1551559927.613849,960,0,0,0
1551559927.6304157,960,0,0,0
1551559927.6460779,960,0,0,0
1551559927.662618,960,0,0,0
1551559927.6781986,960,0,0,0
1551559927.6947362,960,0,0,0
1551559927.7106712,960,0,0,0
1551559927.7263932,960,0,0,0
1551559927.7419527,960,0,0,0
1551559927.7585945,960,0,0,0
1551559927.7742124,960,0,0,0
1551559927.7906976,960,0,0,0
1551559927.8063984,960,0,0,0
1551559927.8219626,960,0,0,0
1551559927.8385875,960,0,0,0
1551559927.8541741,960,0,0,0
1551559927.870672,960,0,0,0
1551559927.8863695,960,0,0,0
1551559927.9019222,960,0,0,0
1551559927.9185584,960,0,0,0
1551559927.9341547,960,0,0,0
1551559927.950641,960,0,0,0
1551559927.966318,960,0,0,0
1551559927.9828937,960,0,0,0
1551559927.9994445,960,0,0,0
1551559928.014222,960,0,0,0
1551559928.030847,960,0,0,0
1551559928.0475583,960,0,0,0
1551559928.0631158,960,0,0,0
1551559928.0796654,960,0,0,0
1551559928.0954754,960,0,0,0
1551559928.111005,960,0,0,0
1551559928.1277702,960,0,0,0
1551559928.1433098,960,0,0,0
1551559928.1598868,960,0,0,0
1551559928.1765115,960,0,0,0
1551559928.205418,961,0,0,0
1551559928.219035,961,0,0,0
1551559928.2355769,961,0,0,0
1551559928.2510915,961,0,0,0
1551559928.2678013,961,0,0,0
1551559928.2833142,961,0,0,0
1551559928.298918,961,0,0,0
1551559928.3154004,961,0,0,0
1551559928.330946,961,0,0,0
1551559928.347641,961,0,0,0
1551559928.3631477,961,0,0,0
1551559928.379727,961,0,0,0
1551559928.395334,961,0,0,0
1551559928.4118128,961,0,0,0
1551559928.4284267,961,0,0,0
1551559928.4440746,961,0,0,0
1551559928.4605925,961,0,0,0
1551559928.4762194,961,0,0,0
1551559928.492771,961,0,0,0
1551559928.508343,961,0,0,0
1551559928.5248725,961,0,0,0
1551559928.541402,961,0,0,0
1551559928.5570993,961,0,0,0
1551559928.5736175,961,0,0,0
1551559928.5892153,961,0,0,0
1551559928.6057203,961,0,0,0
1551559928.6212916,961,0,0,0
1551559928.6369913,961,0,0,0
1551559928.6535575,961,0,0,0
1551559928.669133,961,0,0,0
1551559928.685703,961,0,0,0
1551559928.7012172,961,0,0,0
1551559928.717889,961,0,0,0
1551559928.7344122,961,0,0,0
1551559928.749907,961,0,0,0
1551559928.7665098,961,0,0,0
1551559928.7820375,961,0,0,0
1551559928.7986941,961,0,0,0
1551559928.8142414,961,0,0,0
1551559937.383193,961,1,1,0
1551559937.3994558,960,1,1,0
1551559937.4137115,960,0,0,0
1551559937.4306052,960,0,0,0
1551559937.4461942,960,0,0,0
1551559937.4626954,960,0,0,0
1551559937.4783406,960,0,0,0
1551559937.4947138,960,0,0,0
1551559937.5103307,960,0,0,0
1551559937.5262005,960,0,0,0
1551559937.54254,960,0,0,0
1551559937.5581806,960,0,0,0
1551559937.5745125,960,0,0,0
1551559937.5907085,960,0,0,0
1551559937.606227,960,0,0,0
1551559937.622682,960,0,0,0
1551559937.6382482,960,0,0,0
1551559937.654573,960,0,0,0
1551559937.6708782,960,0,0,0
1551559937.6873903,960,0,0,0
1551559937.7037756,960,0,0,0
1551559937.7192144,960,0,0,0
1551559937.7357433,960,0,0,0
1551559937.751139,960,0,0,0
1551559937.7675886,960,0,0,0
1551559937.7833157,960,0,0,0
1551559937.799809,960,0,0,0
1551559937.81541,960,0,0,0
1551559937.8319237,960,0,0,0
1551559937.8483825,960,0,0,0
1551559937.8647275,960,0,0,0
1551559937.8801262,960,0,0,0
1551559937.896776,960,0,0,0
1551559937.9123929,960,0,0,0
1551559937.9288874,960,0,0,0
1551559937.945327,960,0,0,0
1551559937.9616587,960,0,0,0
1551559937.9772823,960,0,0,0
1551559937.993643,960,0,0,0
1551559938.008086,960,0,0,0
1551559938.0244884,960,0,0,0
1551559938.0401957,960,0,0,0
1551559938.0567536,960,0,0,0
1551559938.0722413,960,0,0,0
1551559938.0888474,960,0,0,0
1551559938.10511,960,0,0,0
1551559938.1214411,960,0,0,0
1551559938.137109,960,0,0,0
1551559938.1534908,960,0,0,0
1551559938.1691916,960,0,0,0
1551559938.1858,960,0,0,0
1551559938.201321,960,0,0,0
1551559938.2177908,960,0,0,0
1551559938.2332585,960,0,0,0
1551559938.2498074,960,0,0,0
1551559938.2654762,960,0,0,0
1551559938.281088,960,0,0,0
1551559938.29773,960,0,0,0
1551559938.3131285,960,0,0,0
1551559938.3295903,960,0,0,0
1551559938.345824,960,0,0,0
1551559938.3620162,960,0,0,0
1551559938.378325,960,0,0,0
1551559938.3944592,960,0,0,0
1551559938.4106362,960,0,0,0
1551559938.4260812,960,0,0,0
1551559938.4424455,960,0,0,0
1551559938.4587157,960,0,0,0
1551559938.4748986,960,0,0,0
1551559938.4909751,960,0,0,0
1551559938.5072553,960,0,0,0
1551559938.5234091,960,0,0,0
1551559938.5396216,960,0,0,0
1551559938.5551407,960,0,0,0
1551559938.5713658,960,0,0,0
1551559938.5878074,960,0,0,0
1551559938.6033418,960,0,0,0
1551559938.6195838,960,0,0,0
1551559938.635174,960,0,0,0
1551559938.6514432,960,0,0,0
1551559938.667868,960,0,0,0
1551559938.6840641,960,0,0,0
1551559938.700182,960,0,0,0
1551559938.7164788,960,0,0,0
1551559938.732641,960,0,0,0
1551559938.748035,960,0,0,0
1551559938.7643182,960,0,0,0
1551559938.7803707,960,0,0,0
1551559938.7966452,960,0,0,0
1551559938.81278,960,0,0,0
1551559938.8281722,960,0,0,0
1551559938.844455,960,0,0,0
1551559938.8604755,960,0,0,0
1551559938.876766,960,0,0,0
1551559938.9071882,962,0,0,0
1551559938.9213643,962,0,0,0
1551559938.9376197,962,0,0,0
1551559938.9537222,962,0,0,0
1551559938.969107,962,0,0,0
1551559938.9853535,962,0,0,0
1551559939.001491,962,0,0,0
1551559939.0177202,962,0,0,0
1551559939.0337677,962,0,0,0
1551559939.0490656,962,0,0,0
1551559939.0653245,962,0,0,0
1551559939.081393,962,0,0,0
1551559939.097663,962,0,0,0
1551559939.1137319,962,0,0,0
1551559939.1291177,962,0,0,0
1551559939.145388,962,0,0,0
1551559939.1614335,962,0,0,0
1551559939.177757,962,0,0,0
1551559939.1940446,962,0,0,0
1551559939.210033,962,0,0,0
1551559939.226279,962,0,0,0
1551559939.2423666,962,0,0,0
1551559939.258686,962,0,0,0
1551559939.2747648,962,0,0,0
1551559939.2908032,962,0,0,0
1551559939.3062294,962,0,0,0
1551559939.3224087,962,0,0,0
1551559939.3386588,962,0,0,0
1551559939.354737,962,0,0,0
1551559939.3708816,962,0,0,0
1551559939.3871524,962,0,0,0
1551559939.403503,962,0,0,0
1551559939.4195986,962,0,0,0
1551559939.4368484,962,0,0,0
1551559939.4529204,962,0,0,0
1551559939.4691923,962,0,0,0
1551559939.4852793,962,0,0,0
1551559939.501336,962,0,0,0
1551559939.5176656,962,0,0,0
1551559939.5340474,962,0,0,0
1551559939.5501158,962,0,0,0
1551559939.5664773,962,0,0,0
1551559939.5825408,962,0,0,0
1551559939.5987694,962,0,0,0
1551559939.6148427,962,0,0,0
1551559939.6309192,962,0,0,0
1551559939.6471126,962,0,0,0
1551559939.6633453,962,0,0,0
1551559939.6794453,962,0,0,0
1551559939.6956184,962,0,0,0
1551559939.711708,962,0,0,0
1551559939.727197,962,0,0,0
1551559939.7435768,962,0,0,0
1551559939.7597754,962,0,0,0
1551559939.7751403,962,0,0,0
1551559939.7912924,962,0,0,0
1551559939.807484,962,0,0,0
1551559939.8235683,962,0,0,0
1551559939.8397396,962,0,0,0
1551559939.8558204,962,0,0,0
1551559939.8710277,962,0,0,0
1551559939.887314,962,0,0,0
1551559939.9035718,962,0,0,0
1551559939.9199066,962,0,0,0
1551559939.9361522,962,0,0,0
1551559939.952136,962,0,0,0
1551559939.9688323,962,0,0,0
1551559939.9853697,962,0,0,0
1551559940.000921,962,0,0,0
1551559940.017686,962,0,0,0
1551559940.033266,962,0,0,0
1551559940.049905,962,0,0,0
1551559940.0665476,962,0,0,0
1551559940.0820882,962,0,0,0
1551559940.0987763,962,0,0,0
1551559940.1143532,962,0,0,0
1551559940.1309063,962,0,0,0
1551559940.1476178,962,0,0,0
1551559940.1632028,962,0,0,0
1551559940.1797931,962,0,0,0
1551559940.1954646,962,0,0,0
1551559940.2110252,962,0,0,0
1551559940.227747,962,0,0,0
1551559940.243335,962,0,0,0
1551559940.2589285,962,0,0,0
1551559940.275519,962,0,0,0
1551559940.2911174,962,0,0,0
1551559940.3078396,962,0,0,0
1551559940.3244114,962,0,0,0
1551559940.339951,962,0,0,0
1551559940.3566122,962,0,0,0
1551559940.372199,962,0,0,0
1551559940.3888497,962,0,0,0
1551559940.4190168,962,0,0,0
1551559940.4326975,962,0,0,0
1551559940.4482796,962,0,0,0
1551559940.4640656,962,0,0,0
1551559940.4806018,962,0,0,0
1551559940.4963593,962,0,0,0
1551559940.5119069,962,0,0,0
1551559940.5285726,962,0,0,0
1551559940.5441983,962,0,0,0
1551559940.5607316,962,0,0,0
1551559940.576382,962,0,0,0
1551559940.5919416,962,0,0,0
1551559940.6085942,962,0,0,0
1551559940.6241598,962,0,0,0
1551559940.6406717,962,0,0,0
1551559940.6563723,962,0,0,0
1551559940.6728854,962,0,0,0
1551559940.6894572,962,0,0,0
1551559940.704971,962,0,0,0
1551559940.7215466,962,0,0,0
1551559940.737239,962,0,0,0
1551559940.7537835,962,0,0,0
1551559940.7693849,962,0,0,0
1551559940.7849634,962,0,0,0
1551559940.8015068,962,0,0,0
1551559940.8172107,962,0,0,0
1551559940.8337684,962,0,0,0
1551559940.8493633,962,0,0,0
1551559940.8649201,962,0,0,0
1551559940.8814738,962,0,0,0
1551559940.8975985,962,0,0,0
1551559940.9131386,962,0,0,0
1551559940.9297159,962,0,0,0
1551559940.9453373,962,0,0,0
1551559940.961908,962,0,0,0
1551559940.9785569,962,0,0,0
1551559940.9941895,962,0,0,0
1551559941.0097208,962,0,0,0
1551559941.0253494,962,0,0,0
1551559941.0409224,962,0,0,0
1551559941.0576754,962,0,0,0
1551559941.073204,962,0,0,0
1551559941.0897925,962,0,0,0
1551559941.1054022,962,0,0,0
1551559941.1209385,962,0,0,0
1551559941.137702,962,0,0,0
1551559941.153246,962,0,0,0
1551559941.169847,962,0,0,0
1551559941.1864736,962,0,0,0
1551559941.2020302,962,0,0,0
1551559941.2186513,962,0,0,0
1551559941.2342112,962,0,0,0
1551559941.2507477,962,0,0,0
1551559941.2664602,962,0,0,0
1551559941.2820187,962,0,0,0
1551559941.298663,962,0,0,0
1551559941.3142188,962,0,0,0
1551559941.3307734,962,0,0,0
1551559941.3464925,962,0,0,0
1551559941.36203,962,0,0,0
1551559941.3787258,962,0,0,0
1551559941.3942838,962,0,0,0
1551559941.4107409,962,0,0,0
1551559941.4264631,962,0,0,0
1551559941.4419863,962,0,0,0
1551559941.4586651,962,0,0,0
1551559941.4742303,962,0,0,0
1551559941.4907792,962,0,0,0
1551559941.5065038,962,0,0,0
1551559941.522027,962,0,0,0
1551559941.5386271,962,0,0,0
1551559941.5541718,962,0,0,0
1551559941.5707326,962,0,0,0
1551559941.5864525,962,0,0,0
1551559941.6020195,962,0,0,0
1551559941.618719,962,0,0,0
1551559941.6343188,962,1,0,0
1551559941.6344788,962,1,0,1
1551559941.650365,962,1,0,1
1551559941.6665561,962,0,0,1
1551559941.6824927,962,0,0,1
1551559941.6985075,962,0,0,1
1551559941.7144468,962,0,0,1
1551559941.7303722,962,0,0,1
1551559941.7465148,962,0,0,1
1551559941.7624688,962,0,0,1
1551559941.7784967,962,0,0,1
1551559941.7944584,962,0,0,1
1551559941.810422,962,0,0,1
1551559941.826575,962,0,0,1
1551559941.8425362,962,0,0,1
1551559941.8585947,962,0,0,1
1551559941.8745575,962,0,0,1
1551559941.8905075,962,0,0,1
1551559941.906649,962,0,0,1
1551559941.922575,962,0,0,1
1551559941.9386175,962,0,0,1
1551559941.954571,962,0,0,1
1551559941.970538,962,0,0,1
1551559941.9866812,962,0,0,1
1551559942.0026305,962,0,0,1
1551559942.018675,962,0,0,1
1551559942.034694,962,1,0,0
1551559942.0348551,962,1,0,1
1551559942.0507433,962,1,0,1
1551559942.0668879,962,1,0,1
1551559942.0838597,962,1,0,1
1551559942.0999138,962,1,0,1
1551559942.115981,962,1,0,1
1551559942.1319811,962,1,0,1
1551559942.148058,962,0,0,1
1551559942.1640422,962,0,0,1
1551559942.1799974,962,0,0,1
1551559942.196058,962,0,0,1
1551559942.2120306,962,0,0,1
1551559942.228082,962,0,0,1
1551559942.2441025,962,0,0,1
1551559942.2600577,962,0,0,1
1551559942.276071,962,0,0,1
1551559942.2920475,962,0,0,1
1551559942.3080966,962,0,0,1
1551559942.3241403,962,0,0,1
1551559942.3401022,962,0,0,1
1551559942.3561754,962,0,0,1
1551559942.3721378,962,0,0,1
1551559942.38817,962,0,0,1
1551559942.404192,962,0,0,1
1551559942.420297,962,0,0,1
1551559942.4363863,962,0,0,1
1551559942.4523435,962,0,0,1
1551559942.468386,962,0,0,1
1551559942.4843335,962,0,0,1
1551559942.500266,962,0,0,1
1551559942.5163863,962,0,0,1
1551559942.5323617,962,0,0,1
1551559942.5484214,962,0,0,1
1551559942.564359,962,0,0,1
1551559942.5802982,962,0,0,1
1551559942.5964022,962,0,0,1
1551559942.6123507,962,0,0,1
1551559942.6284,962,0,0,1
1551559942.64437,962,0,0,1
1551559942.660337,962,0,0,1
1551559942.6763716,962,0,0,1
1551559942.692299,962,0,0,1
1551559942.7083442,962,0,0,1
1551559942.724318,962,0,0,1
1551559942.740255,962,0,0,1
1551559942.7563782,962,0,0,1
1551559942.7723377,962,0,0,1
1551559942.7883837,962,0,0,1
1551559942.8043478,962,0,0,1
1551559942.8202968,962,0,0,1
1551559942.8363667,962,0,0,1
1551559942.8523216,962,0,0,1
1551559942.8683877,962,0,0,1
1551559942.8843534,962,0,0,1
1551559942.9003248,962,0,0,1
1551559942.9167228,962,0,0,1
1551559942.932668,962,0,0,1
1551559942.9486864,962,0,0,1
1551559942.964633,962,0,0,1
1551559942.980552,962,0,0,1
1551559942.9966285,962,0,0,1
1551559943.0115652,962,0,0,1
1551559943.0276725,962,0,0,1
1551559943.0436342,962,0,0,1
1551559943.0596945,962,0,0,1
1551559943.0757337,962,0,0,1
1551559943.0916834,962,0,0,1
1551559943.1077201,962,0,0,1
1551559943.1236796,962,0,0,1
1551559943.1397307,962,0,0,1
1551559943.1557589,962,0,0,1
1551559943.1717198,962,0,0,1
1551559943.1877449,962,0,0,1
1551559943.203688,962,0,0,1
1551559943.2197459,962,0,0,1
1551559943.2358243,962,0,0,1
1551559943.252792,962,0,0,1
1551559943.2688773,962,0,0,1
1551559943.2858582,962,0,0,1
1551559943.302854,962,0,0,1
1551559943.3189168,962,0,0,1
1551559943.335877,962,0,0,1
1551559943.352826,962,0,0,1
1551559943.369878,962,0,0,1
1551559943.386885,962,0,0,1
1551559943.4029436,962,0,0,1
1551559943.4191701,962,0,0,1
1551559943.4352412,962,0,0,1
1551559943.4512546,962,0,0,1
1551559943.4674137,962,0,0,1
1551559943.4834163,962,0,0,1
1551559943.4995205,962,0,0,1
1551559943.5156252,962,0,0,1
1551559943.531642,962,0,0,1
1551559943.5477843,962,0,0,1
1551559943.563788,962,0,0,1
1551559943.579838,962,0,0,1
1551559943.5959277,962,0,0,1
1551559943.611917,962,0,0,1
1551559943.6280065,962,0,0,1
1551559943.6440966,962,0,0,1
1551559943.6601522,962,0,0,1
1551559943.6763918,962,0,0,1
1551559943.6923676,962,0,0,1
1551559943.7084901,962,0,0,1
1551559943.7245417,962,0,0,1
1551559943.7405787,962,0,0,1
1551559943.7567668,962,0,0,1
1551559943.7728124,962,0,0,1
1551559943.7879238,962,0,0,1
1551559943.804012,962,0,0,1
1551559943.8200276,962,0,0,1
1551559943.8361638,962,0,0,1
1551559943.8521883,962,0,0,1
1551559943.8683155,962,0,0,1
1551559943.884348,962,0,0,1
1551559943.9003794,962,0,0,1
1551559943.9165676,962,0,0,1
1551559943.9325964,962,0,0,1
1551559943.9486997,962,0,0,1
1551559943.9647403,962,0,0,1
1551559943.9808245,962,0,0,1
1551559943.9960136,962,0,0,1
1551559944.0120077,962,0,0,1
1551559944.0281007,962,0,0,1
1551559944.0442116,962,0,0,1
1551559944.0603006,962,0,0,1
1551559944.0764973,962,0,0,1
1551559944.092571,962,0,0,1
1551559944.1086895,962,0,0,1
1551559944.1247888,962,0,0,1
1551559944.1409047,962,0,0,1
1551559944.157088,962,0,0,1
1551559944.173152,962,0,0,1
1551559944.189318,962,0,0,1
1551559944.2055125,962,0,0,1
1551559944.2215753,962,0,0,1
1551559944.237744,962,0,0,1
1551559944.253814,962,0,0,1
1551559944.2689424,962,0,0,1
1551559944.2849865,962,0,0,1
1551559944.3009999,962,0,0,1
1551559944.3171737,962,0,0,1
1551559944.3332403,962,0,0,1
1551559944.34938,962,0,0,1
1551559944.3655214,962,0,0,1
1551559944.3815687,962,0,0,1
1551559944.3977194,962,0,0,1
1551559944.4138222,962,0,0,1
1551559944.429938,962,0,0,1
1551559944.4460642,962,0,0,1
1551559944.462125,962,0,0,1
1551559944.4782205,962,0,0,1
1551559944.494319,962,0,0,1
1551559944.5104375,962,0,0,1
1551559944.5266602,962,0,0,1
1551559944.5427063,962,0,0,0
1551559944.572263,961,0,0,0
1551559944.5863137,961,0,0,0
1551559944.602359,961,0,0,0
1551559944.61831,961,0,0,0
1551559944.6341932,961,0,0,0
1551559944.649983,961,0,0,0
1551559944.6659496,961,0,0,0
1551559944.6828654,961,0,0,0
1551559944.699595,961,0,0,0
1551559944.7152216,961,0,0,0
1551559944.7317576,961,0,0,0
1551559944.747445,961,0,0,0
1551559944.762995,961,0,0,0
1551559944.7795932,961,0,0,0
1551559944.7952223,961,0,0,0
1551559944.8117588,961,0,0,0
1551559944.8274536,961,0,0,0
1551559944.843003,961,0,0,0
1551559944.859607,961,0,0,0
1551559944.8752377,961,0,0,0
1551559944.8917809,961,0,0,0
1551559944.9074616,961,0,0,0
1551559944.9230623,961,0,0,0
1551559944.9396453,961,0,0,0
1551559944.955293,961,0,0,0
1551559944.9718578,961,0,0,0
1551559944.9885008,961,0,0,0
1551559945.0031931,961,0,0,0
1551559945.019897,961,0,0,0
1551559945.0365157,961,0,0,0
1551559945.052069,961,0,0,0
1551559945.0687156,961,0,0,0
1551559945.0842922,961,0,0,0
1551559945.1008873,961,0,0,0
1551559945.1176429,961,0,0,0
1551559945.1332216,961,0,0,0
1551559945.1498501,961,0,0,0
1551559949.8051112,961,1,1,0
1551559949.8246088,964,1,1,0
1551559949.838358,964,0,0,0
1551559949.8547752,964,0,0,0
1551559949.8703434,964,0,0,0
1551559949.8859842,964,0,0,0
1551559949.9025207,964,0,0,0
1551559949.9182172,964,0,0,0
1551559949.93477,964,0,0,0
1551559949.9503212,964,0,0,0
1551559949.9659698,964,0,0,0
1551559949.9825053,964,0,0,0
1551559949.9981048,964,0,0,0
1551559950.0136254,964,0,0,0
1551559950.029228,964,0,0,0
1551559950.0458028,964,0,0,0
1551559950.0613608,964,0,0,0
1551559950.0770776,964,0,0,0
1551559950.0936446,964,0,0,0
1551559950.1096234,964,0,0,0
1551559950.125262,964,0,0,0
1551559950.1418266,964,0,0,0
1551559950.1584685,964,0,0,0
1551559950.1740813,964,0,0,0
1551559950.1906302,964,0,0,0
1551559950.2063353,964,0,0,0
1551559950.222913,964,0,0,0
1551559950.2395227,964,0,0,0
1551559950.2550921,964,0,0,0
1551559950.2716525,964,0,0,0
1551559950.2872837,964,0,0,0
1551559950.303826,964,0,0,0
1551559950.320382,964,0,0,0
1551559950.3361032,964,0,0,0
1551559950.3526647,964,0,0,0
1551559950.3682477,964,0,0,0
1551559950.3848336,964,0,0,0
1551559950.4013872,964,0,0,0
1551559950.4171472,964,0,0,0
1551559950.4347239,964,0,0,0
1551559950.4502816,964,0,0,0
1551559950.4668992,964,0,0,0
1551559950.4834375,964,0,0,0
1551559950.4990597,964,0,0,0
1551559950.5156276,964,0,0,0
1551559950.531194,964,0,0,0
1551559950.5479007,964,0,0,0
1551559950.5644429,964,0,0,0
1551559950.579994,964,0,0,0
1551559950.59666,964,0,0,0
1551559950.6122422,964,0,0,0
1551559950.6279159,964,0,0,0
1551559950.6444833,964,0,0,0
1551559950.660069,964,0,0,0
1551559950.6767116,964,0,0,0
1551559950.6922967,964,0,0,0
1551559950.7079659,964,0,0,0
1551559950.7245276,964,0,0,0
1551559950.740103,964,0,0,0
1551559950.7567847,964,0,0,0
1551559950.7723618,964,0,0,0
1551559950.7880363,964,0,0,0
1551559950.8046129,964,0,0,0
1551559950.820199,964,0,0,0
1551559950.8368564,964,0,0,0
1551559950.853435,964,0,0,0
1551559950.8690577,964,0,0,0
1551559950.8856246,964,0,0,0
1551559950.9011805,964,0,0,0
1551559950.9169147,964,0,0,0
1551559950.933498,964,0,0,0
1551559950.9490716,964,0,0,0
1551559950.9656172,964,0,0,0
1551559950.981186,964,0,0,0
1551559950.9978654,964,0,0,0
1551559951.0134032,964,0,0,0
1551559951.0289712,964,0,0,0
1551559951.0455492,964,0,0,0
1551559951.061105,964,0,0,0
1551559951.077845,964,0,0,0
1551559951.0944185,964,0,0,0
1551559951.109957,964,0,0,0
1551559951.1267326,964,0,0,0
1551559951.142284,964,0,0,0
1551559951.1579204,964,0,0,0
1551559951.174457,964,0,0,0
1551559951.1900077,964,0,0,0
1551559951.206644,964,0,0,0
1551559951.2221966,964,0,0,0
1551559951.238887,964,0,0,0
1551559951.2554448,964,0,0,0
1551559951.271011,964,0,0,0
1551559951.287746,964,0,0,0
1551559951.3033035,964,0,0,0
1551559951.3353648,960,0,0,0
1551559951.3489883,960,0,0,0
1551559951.3655193,960,0,0,0
1551559951.3810213,960,0,0,0
1551559951.3977423,960,0,0,0
1551559951.4132786,960,0,0,0
1551559951.4307687,960,0,0,0
1551559951.4464097,960,0,0,0
1551559951.4619474,960,0,0,0
1551559951.4786026,960,0,0,0
1551559951.494165,960,0,0,0
1551559951.5107105,960,0,0,0
1551559951.5263786,960,0,0,0
1551559951.5419495,960,0,0,0
1551559951.558572,960,0,0,0
1551559951.5741835,960,0,0,0
1551559951.5907154,960,0,0,0
1551559951.6063719,960,0,0,0
1551559951.6219468,960,0,0,0
1551559951.638576,960,0,0,0
1551559951.6541646,960,0,0,0
1551559951.6707218,960,0,0,0
1551559951.6863692,960,0,0,0
1551559951.7019355,960,0,0,0
1551559951.718585,960,0,0,0
1551559951.7342105,960,0,0,0
1551559951.7507308,960,0,0,0
1551559951.7664673,960,0,0,0
1551559951.7820215,960,0,0,0
1551559951.7986479,960,0,0,0
1551559951.814216,960,0,0,0
1551559951.8307483,960,0,0,0
1551559951.8464477,960,0,0,0
1551559951.8619971,960,0,0,0
1551559951.8786504,960,0,0,0
1551559951.8942308,960,0,0,0
1551559951.9107926,960,0,0,0
1551559951.9267232,960,0,0,0
1551559951.942266,960,0,0,0
1551559951.9588995,960,0,0,0
1551559951.9754338,960,0,0,0
1551559951.9909608,960,0,0,0
1551559952.006706,960,0,0,0
1551559952.022236,960,0,0,0
1551559952.0388744,960,0,0,0
1551559952.0554388,960,0,0,0
1551559952.0709798,960,0,0,0
1551559952.0877135,960,0,0,0
1551559952.1032836,960,0,0,0
1551559952.1198938,960,0,0,0
1551559952.13653,960,0,0,0
1551559952.1521082,960,0,0,0
1551559952.168772,960,0,0,0
1551559952.184325,960,0,0,0
1551559952.2008855,960,0,0,0
1551559952.2176154,960,0,0,0
1551559952.2331877,960,0,0,0
1551559952.249755,960,0,0,0
1551559952.2654016,960,0,0,0
1551559952.2809641,960,0,0,0
1551559952.2976887,960,0,0,0
1551559952.3132155,960,0,0,0
1551559952.329811,960,0,0,0
1551559952.3454032,960,0,0,0
1551559952.3609583,960,0,0,0
1551559952.3776903,960,0,0,0
1551559952.3932366,960,0,0,0
1551559952.409828,960,0,0,0
1551559952.4264987,960,0,0,0
1551559952.4420688,960,0,0,0
1551559952.4587655,960,0,0,0
1551559952.4743376,960,0,0,0
1551559952.4908807,960,0,0,0
1551559952.507614,960,0,0,0
1551559952.5232005,960,0,0,0
1551559952.5398147,960,0,0,0
1551559952.5564702,960,0,0,0
1551559952.5720348,960,0,0,0
1551559952.5887249,960,0,0,0
1551559952.6042924,960,0,0,0
1551559952.6208894,960,0,0,0
1551559952.6376417,960,0,0,0
1551559952.6531863,960,0,0,0
1551559952.6698062,960,0,0,0
1551559952.6854417,960,0,0,0
1551559952.700983,960,0,0,0
1551559952.717728,960,0,0,0
1551559952.7332823,960,0,0,0
1551559952.7498972,960,0,0,0
1551559952.7665112,960,0,0,0
1551559952.7820618,960,0,0,0
1551559952.7986906,960,0,0,0
1551559952.8142238,960,0,0,0
1551559952.8452969,957,0,0,0
1551559952.858885,957,0,0,0
1551559952.875504,957,0,0,0
1551559952.89107,957,0,0,0
1551559952.9078155,957,0,0,0
1551559952.923557,957,0,0,0
1551559952.9392161,957,0,0,0
1551559952.9557748,957,0,0,0
1551559952.971341,957,0,0,0
1551559952.9870985,957,0,0,0
1551559953.0026557,957,0,0,0
1551559953.0182447,957,0,0,0
1551559953.0348105,957,0,0,0
1551559953.0503516,957,0,0,0
1551559953.0660095,957,0,0,0
1551559953.0825686,957,0,0,0
1551559953.0981667,957,0,0,0
1551559953.114707,957,0,0,0
1551559953.130258,957,0,0,0
1551559953.14687,957,0,0,0
1551559953.163725,957,0,0,0
1551559953.1796305,957,0,0,0
1551559953.195595,957,0,0,0
1551559953.2115288,957,0,0,0
1551559953.227545,957,0,0,0
1551559953.2433853,957,0,0,0
1551559953.2593117,957,0,0,0
1551559953.2752986,957,0,0,0
1551559953.2911558,957,0,0,0
1551559953.3071525,957,0,0,0
1551559953.3231127,957,0,0,0
1551559953.3389902,957,0,0,0
1551559953.3558686,957,0,0,0
1551559953.3727434,957,0,0,0
1551559953.3886807,957,0,0,0
1551559953.4046059,957,0,0,0
1551559953.420439,957,0,0,0
1551559953.4375496,957,0,0,0
1551559953.4534588,957,0,0,0
1551559953.4693654,957,0,0,0
1551559953.4853163,957,0,0,0
1551559953.5012655,957,0,0,0
1551559953.5172727,957,0,0,0
1551559953.5330973,957,0,0,0
1551559953.5490181,957,0,0,0
1551559953.564915,957,0,0,0
1551559953.581777,957,0,0,0
1551559953.5977833,957,0,0,0
1551559953.613593,957,0,0,0
1551559953.629508,957,0,0,0
1551559953.6454449,957,0,0,0
1551559953.6612728,957,0,0,0
1551559953.6772816,957,0,0,0
1551559953.6931722,957,0,0,0
1551559953.7090507,957,0,0,0
1551559953.7249322,957,0,0,0
1551559953.7418065,957,0,0,0
1551559953.7578092,957,0,0,0
1551559953.7736464,957,0,0,0
1551559953.7895434,957,0,0,0
1551559953.80548,957,0,0,0
1551559953.821341,957,0,0,0
1551559953.8373115,957,0,0,0
1551559953.853261,957,0,0,0
1551559953.8691533,957,0,0,0
1551559953.8850486,957,0,0,0
1551559953.9009194,957,0,0,0
1551559953.9169598,957,0,0,0
1551559953.9338198,957,0,0,0
1551559953.9494467,957,0,0,0
1551559953.9649901,957,0,0,0
1551559953.981523,957,0,0,0
1551559953.9972084,957,0,0,0
1551559954.0127404,957,0,0,0
1551559954.0283082,957,0,0,0
1551559954.0448322,957,0,0,0
1551559954.0613432,957,0,0,0
1551559954.0770187,957,0,0,0
1551559954.0935116,957,0,0,0
1551559954.1090868,957,0,0,0
1551559954.1256776,957,0,0,0
1551559954.1412306,957,0,0,0
1551559954.1569593,957,0,0,0
1551559954.1734715,957,0,0,0
1551559954.1890757,957,0,0,0
1551559954.20564,957,0,0,0
1551559954.2211792,957,0,0,0
1551559954.2379034,957,0,0,0
1551559954.2544281,957,0,0,0
1551559954.2699502,957,0,0,0
1551559954.2865825,957,0,0,0
1551559954.3020835,957,0,0,0
1551559954.3187265,957,0,0,0
1551559954.349116,963,0,0,0
1551559954.3627312,963,0,0,0
1551559954.378339,963,0,0,0
1551559954.393905,963,0,0,0
1551559954.410403,963,0,0,0
1551559954.4263067,963,0,0,0
1551559954.4428475,963,0,0,0
1551559954.4593627,963,0,0,0
1551559954.4749224,963,0,0,0
1551559954.4914021,963,0,0,0
1551559954.5070944,963,0,0,0
1551559954.5235784,963,0,0,0
1551559954.5391192,963,0,0,0
1551559954.5556514,963,0,0,0
1551559954.5711734,963,0,0,0
1551559954.5879037,963,0,0,0
1551559954.6044307,963,0,0,0
1551559954.6199505,963,0,0,0
1551559954.6365895,963,0,0,0
1551559954.6521096,963,0,0,0
1551559954.6687624,963,0,0,0
1551559954.6843076,963,0,0,0
1551559954.7008219,963,0,0,0
1551559954.7175415,963,0,0,0
1551559954.733445,963,0,0,0
1551559954.7490306,963,0,0,0
1551559954.765568,963,0,0,0
1551559954.7811005,963,0,0,0
1551559954.797828,963,0,0,0
1551559954.813355,963,0,0,0
1551559954.8289475,963,0,0,0
1551559954.8455222,963,0,0,0
1551559954.861034,963,0,0,0
1551559954.8777184,963,0,0,0
1551559954.8932672,963,0,0,0
1551559954.9098535,963,0,0,0
1551559954.9264424,963,0,0,0
1551559954.9420087,963,0,0,0
1551559954.9586616,963,0,0,0
1551559954.9741952,963,0,0,0
1551559954.9907188,963,0,0,0
1551559955.0054662,963,0,0,0
1551559955.0211282,963,0,0,0
1551559955.0378315,963,0,0,0
1551559955.0543609,963,0,0,0
1551559955.0708694,963,0,0,0
1551559955.0875816,963,0,0,0
1551559955.1031196,963,0,0,0
1551559955.1196845,963,0,0,0
1551559955.1354883,963,0,0,0
1551559955.1510315,963,0,0,0
1551559955.1677682,963,0,0,0
1551559955.1833022,963,0,0,0
1551559955.199877,963,0,0,0
1551559955.216588,963,0,0,0
1551559955.2321022,963,0,0,0
1551559955.2488015,963,0,0,0
1551559955.264302,963,0,0,0
1551559955.280859,963,0,0,0
1551559955.2975705,963,0,0,0
1551559955.313078,963,0,0,0
1551559955.3296232,963,0,0,0
1551559969.2430258,963,1,1,0
1551559969.2589946,959,1,1,0
1551559969.2728386,959,0,0,0
1551559969.2883923,959,0,0,0
1551559969.304116,959,0,0,0
1551559969.320672,959,0,0,0
1551559969.336319,959,0,0,0
1551559969.3528917,959,0,0,0
1551559969.3694239,959,0,0,0
1551559969.384958,959,0,0,0
1551559969.4014504,959,0,0,0
1551559969.4171093,959,0,0,0
1551559969.4346075,959,0,0,0
1551559969.4501355,959,0,0,0
1551559969.4667418,959,0,0,0
1551559969.482215,959,0,0,0
1551559969.4988213,959,0,0,0
1551559969.5152779,959,0,0,0
1551559969.531721,959,0,0,0
1551559969.5473742,959,0,0,0
1551559969.5629764,959,0,0,0
1551559969.5795264,959,0,0,0
1551559969.5951114,959,0,0,0
1551559969.6115947,959,0,0,0
1551559969.6272514,959,0,0,0
1551559969.643735,959,0,0,0
1551559969.6593018,959,0,0,0
1551559969.6758604,959,0,0,0
1551559969.692547,959,0,0,0
1551559969.708166,959,0,0,0
1551559969.724694,959,0,0,0
1551559969.7402008,959,0,0,0
1551559969.756785,959,0,0,0
1551559969.7723253,959,0,0,0
1551559969.7879646,959,0,0,0
1551559969.8044848,959,0,0,0
1551559969.8199968,959,0,0,0
1551559969.8365436,959,0,0,0
1551559969.852086,959,0,0,0
1551559969.8687296,959,0,0,0
1551559969.8842688,959,0,0,0
1551559969.900795,959,0,0,0
1551559969.9164886,959,0,0,0
1551559969.932054,959,0,0,0
1551559969.9486568,959,0,0,0
1551559969.9641814,959,0,0,0
1551559969.9806802,959,0,0,0
1551559969.9963012,959,0,0,0
1551559970.0118222,959,0,0,0
1551559970.0284715,959,0,0,0
1551559970.044069,959,0,0,0
1551559970.0605707,959,0,0,0
1551559970.076147,959,0,0,0
1551559970.0927155,959,0,0,0
1551559970.1082404,959,0,0,0
1551559970.1247675,959,0,0,0
1551559970.140289,959,0,0,0
1551559970.156856,959,0,0,0
1551559970.1734042,959,0,0,0
1551559970.1890156,959,0,0,0
1551559970.2055395,959,0,0,0
1551559970.2210774,959,0,0,0
1551559970.2377427,959,0,0,0
1551559970.2532802,959,0,0,0
1551559970.269869,959,0,0,0
1551559970.2864168,959,0,0,0
1551559970.3019571,959,0,0,0
1551559970.3186362,959,0,0,0
1551559970.334185,959,0,0,0
1551559970.350748,959,0,0,0
1551559970.3663864,959,0,0,0
1551559970.3819244,959,0,0,0
1551559970.398586,959,0,0,0
1551559970.4141858,959,0,0,0
1551559970.4316046,959,0,0,0
1551559970.4472702,959,0,0,0
1551559970.4637985,959,0,0,0
1551559970.4793568,959,0,0,0
1551559970.495901,959,0,0,0
1551559970.5124295,959,0,0,0
1551559970.5280719,959,0,0,0
1551559970.544656,959,0,0,0
1551559970.5601506,959,0,0,0
1551559970.5767798,959,0,0,0
1551559970.5922596,959,0,0,0
1551559970.6079078,959,0,0,0
1551559970.6244473,959,0,0,0
1551559970.6399665,959,0,0,0
1551559970.656636,959,0,0,0
1551559970.672153,959,0,0,0
1551559970.6887908,959,0,0,0
1551559970.7042933,959,0,0,0
1551559970.720841,959,0,0,0
1551559970.7374675,959,0,0,0
1551559970.7689056,959,0,0,0
1551559970.7824738,959,0,0,0
1551559970.7981532,959,0,0,0
1551559970.8147655,959,0,0,0
1551559970.8302956,959,0,0,0
1551559970.846862,959,0,0,0
1551559970.863376,959,0,0,0
1551559970.8789487,959,0,0,0
1551559970.8955345,959,0,0,0
1551559970.9110897,959,0,0,0
1551559970.9277925,959,0,0,0
1551559970.9433029,959,0,0,0
1551559970.9597979,959,0,0,0
1551559970.9753716,959,0,0,0
1551559970.9918897,959,0,0,0
1551559971.0075278,959,0,0,0
1551559971.0230834,959,0,0,0
1551559971.039689,959,0,0,0
1551559971.0552597,959,0,0,0
1551559971.071807,959,0,0,0
1551559971.0875273,959,0,0,0
1551559971.1030567,959,0,0,0
1551559971.1196482,959,0,0,0
1551559971.1352186,959,0,0,0
1551559971.1517615,959,0,0,0
1551559971.1674614,959,0,0,0
1551559971.1830049,959,0,0,0
1551559971.1995897,959,0,0,0
1551559971.215174,959,0,0,0
1551559971.2317176,959,0,0,0
1551559971.2474039,959,0,0,0
1551559971.2629342,959,0,0,0
1551559971.2795205,959,0,0,0
1551559971.295096,959,0,0,0
1551559971.3116522,959,0,0,0
1551559971.327344,959,0,0,0
1551559971.3438687,959,0,0,0
1551559971.360456,959,0,0,0
1551559971.3760824,959,0,0,0
1551559971.392714,959,0,0,0
1551559971.4082308,959,0,0,0
1551559971.4247794,959,0,0,0
1551559971.4413013,959,0,0,0
1551559971.4570572,959,0,0,0
1551559971.4735765,959,0,0,0
1551559971.4890842,959,0,0,0
1551559971.5055685,959,0,0,0
1551559971.5210762,959,0,0,0
1551559971.5377095,959,0,0,0
1551559971.5531912,959,0,0,0
1551559971.569755,959,0,0,0
1551559971.5852907,959,0,0,0
1551559971.601782,959,0,0,0
1551559971.617412,959,0,0,0
1551559971.632921,959,0,0,0
1551559971.6494555,959,0,0,0
1551559971.6649673,959,0,0,0
1551559971.6814606,959,0,0,0
1551559971.6971915,959,0,0,0
1551559971.7136471,959,0,0,0
1551559971.7291965,959,0,0,0
1551559971.7456613,959,0,0,0
1551559971.7611384,959,0,0,0
1551559971.776941,959,0,0,0
1551559971.7934349,959,0,0,0
1551559971.8089588,959,0,0,0
1551559971.8254323,959,0,0,0
1551559971.840914,959,0,0,0
1551559971.8576064,959,0,0,0
1551559971.8730936,959,0,0,0
1551559971.889647,959,0,0,0
1551559971.9051502,959,0,0,0
1551559971.9216378,959,0,0,0
1551559971.9372966,959,0,0,0
1551559971.9538176,959,0,0,0
1551559971.9704068,959,0,0,0
1551559971.9859583,959,0,0,0
1551559972.0024297,959,0,0,0
1551559972.018003,959,0,0,0
1551559972.0345109,959,0,0,0
1551559972.0500083,959,0,0,0
1551559972.066533,959,0,0,0
1551559972.0820274,959,0,0,0
1551559972.0986173,959,0,0,0
1551559972.1141915,959,0,0,0
1551559972.130628,959,0,0,0
1551559972.1462066,959,0,0,0
1551559972.1627429,959,0,0,0
1551559972.1782498,959,0,0,0
1551559972.194754,959,0,0,0
1551559972.210306,959,0,0,0
1551559972.2268665,959,0,0,0
1551559972.2433643,959,0,0,0
1551559972.2737658,963,0,0,0
1551559972.287417,963,0,0,0
1551559972.3031046,963,0,0,0
1551559972.3197777,963,0,0,0
1551559972.3353696,963,0,0,0
1551559972.3509254,963,0,0,0
1551559972.3676229,963,0,0,0
1551559972.3831615,963,0,0,0
1551559972.3997877,963,0,0,0
1551559972.415386,963,0,0,0
1551559972.4319394,963,0,0,0
1551559972.4486752,963,0,0,0
1551559972.4642067,963,0,0,0
1551559972.480772,963,0,0,0
1551559972.496394,963,0,0,0
1551559972.512888,963,0,0,0
1551559972.52937,963,0,0,0
1551559972.5458393,963,0,0,0
1551559972.5623035,963,0,0,0
1551559972.5788496,963,0,0,0
1551559972.5953088,963,0,0,0
1551559972.61177,963,0,0,0
1551559972.6274028,963,0,0,0
1551559972.6429865,963,0,0,0
1551559972.6595347,963,0,0,0
1551559972.6750987,963,0,0,0
1551559972.6915793,963,0,0,0
1551559972.707252,963,0,0,0
1551559972.7238562,963,0,0,0
1551559972.7404094,963,0,0,0
1551559972.7559912,963,0,0,0
1551559972.7725265,963,0,0,0
1551559972.788124,963,0,0,0
1551559972.804661,963,0,0,0
1551559972.8201702,963,0,0,0
1551559972.8367481,963,0,0,0
1551559972.8522673,963,0,0,0
1551559972.867957,963,0,0,0
1551559972.884493,963,0,0,0
1551559972.9000483,963,0,0,0
1551559972.9166038,963,0,0,0
1551559972.9321468,963,0,0,0
1551559972.948774,963,0,0,0
1551559972.9642298,963,0,0,0
1551559972.9807863,963,0,0,0
1551559972.996374,963,0,0,0
1551559973.0118945,963,0,0,0
1551559973.0284903,963,0,0,0
1551559973.0440726,963,0,0,0
1551559973.0606236,963,0,0,0
1551559973.0762095,963,0,0,0
1551559973.0927725,963,0,0,0
1551559973.1083436,963,0,0,0
1551559973.1248553,963,0,0,0
1551559973.141351,963,0,0,0
1551559973.1569927,963,0,0,0
1551559973.1735413,963,0,0,0
1551559973.1891232,963,0,0,0
1551559973.2056673,963,0,0,0
1551559973.221202,963,0,0,0
1551559973.2378857,963,0,0,0
1551559973.2548308,963,0,0,0
1551559973.271378,963,0,0,0
1551559973.2870986,963,0,0,0
1551559973.3036366,963,0,0,0
1551559973.319228,963,0,0,0
1551559973.3357859,963,0,0,0
1551559973.351357,963,0,0,0
1551559973.3670192,963,0,0,0
1551559973.3835864,963,0,0,0
1551559973.3991861,963,0,0,0
1551559973.4157434,963,0,0,0
1551559973.432289,963,0,0,0
1551559973.447972,963,0,0,0
1551559973.4645915,963,0,0,0
1551559973.4800842,963,0,0,0
1551559973.4967675,963,0,0,0
1551559973.5122406,963,0,0,0
1551559973.528879,963,0,0,0
1551559973.545344,963,0,0,0
1551559973.5618002,963,0,0,0
1551559973.577401,963,0,0,0
1551559973.5938895,963,0,0,0
1551559973.6104026,963,0,0,0
1551559973.625941,963,0,0,0
1551559973.642413,963,0,0,0
1551559973.6579869,963,0,0,0
1551559973.6744769,963,0,0,0
1551559973.689953,963,0,0,0
1551559973.7064571,963,0,0,0
1551559973.721956,963,0,0,0
1551559973.7385375,963,0,0,0
1551559973.7541294,963,0,0,0
1551559973.789957,964,0,0,0
1551559973.8035808,964,0,0,0
1551559973.8192441,964,0,0,0
1551559973.8349628,964,0,0,0
1551559973.8516421,964,0,0,0
1551559973.8673308,964,0,0,0
1551559973.8838863,964,0,0,0
1551559973.90046,964,0,0,0
1551559973.916053,964,0,0,0
1551559973.932654,964,0,0,0
1551559973.9482512,964,0,0,0
1551559973.9647226,964,0,0,0
1551559973.980255,964,0,0,0
1551559973.9968023,964,0,0,0
1551559974.0118535,964,0,0,0
1551559974.0278702,964,1,0,0
1551559974.0280252,964,1,0,1
1551559974.0438385,964,1,0,1
1551559974.0607781,964,1,0,1
1551559974.0768554,964,1,0,1
1551559974.0937302,964,1,0,1
1551559974.1096978,964,1,0,1
1551559974.1256392,964,1,0,1
1551559974.1416662,964,0,0,1
1551559974.1577592,964,0,0,1
1551559974.1737192,964,0,0,1
1551559974.1898236,964,0,0,1
1551559974.2067707,964,0,0,1
1551559974.2226965,964,0,0,1
1551559974.2387288,964,0,0,1
1551559974.2546937,964,0,0,1
1551559974.2706478,964,0,0,1
1551559974.2867339,964,0,0,1
1551559974.3026779,964,0,0,1
1551559974.3187299,964,0,0,1
1551559974.3346858,964,0,0,1
1551559974.3506758,964,0,0,1
1551559974.366664,964,0,0,1
1551559974.3825924,964,0,0,1
1551559974.3986328,964,0,0,1
1551559974.4145925,964,0,0,1
1551559974.4305558,964,0,0,1
1551559974.4466,964,0,0,1
1551559974.4625502,964,0,0,1
1551559974.4786305,964,0,0,1
1551559974.4946206,964,0,0,1
1551559974.510587,964,0,0,1
1551559974.5266595,964,0,0,1
1551559974.5425794,964,0,0,1
1551559974.5586166,964,0,0,1
1551559974.5745587,964,0,0,1
1551559974.5905304,964,0,0,1
1551559974.6065915,964,0,0,1
1551559974.622574,964,0,0,1
1551559974.638614,964,0,0,1
1551559974.6545813,964,0,0,1
1551559974.6705384,964,0,0,1
1551559974.6865792,964,0,0,1
1551559974.7024753,964,0,0,1
1551559974.7185092,964,0,0,1
1551559974.734458,964,0,0,1
1551559974.7504091,964,0,0,1
1551559974.7664893,964,0,0,1
1551559974.7824953,964,0,0,1
1551559974.798567,964,0,0,1
1551559974.8145227,964,0,0,1
1551559974.8305101,964,0,0,1
1551559974.8465645,964,0,0,1
1551559974.8625658,964,0,0,1
1551559974.8786302,964,0,0,1
1551559974.8946016,964,0,0,1
1551559974.9105427,964,0,0,1
1551559974.92658,964,0,0,1
1551559974.942515,964,0,0,1
1551559974.958624,964,0,0,1
1551559974.9747708,964,0,0,1
1551559974.9907217,964,0,0,1
1551559975.0067923,964,0,0,1
1551559975.0227716,964,0,0,1
1551559975.0388258,964,0,0,1
1551559975.055791,964,0,0,1
1551559975.0717714,964,0,0,1
1551559975.087842,964,0,0,1
1551559975.1047974,964,0,0,1
1551559975.1207278,964,0,0,1
1551559975.1367607,964,0,0,1
1551559975.1527205,964,0,0,1
1551559975.1687317,964,0,0,1
1551559975.184726,964,0,0,1
1551559975.200744,964,0,0,1
1551559975.216792,964,0,0,1
1551559975.2327573,964,0,0,1
1551559975.2487838,964,0,0,1
1551559975.2647421,964,0,0,1
1551559975.2807064,964,0,0,1
1551559975.2967448,964,0,0,1
1551559975.3127081,964,0,0,1
1551559975.328743,964,0,0,1
1551559975.3447106,964,0,0,1
1551559975.3606844,964,0,0,1
1551559975.3767445,964,0,0,1
1551559975.3927083,964,0,0,1
1551559975.4087498,964,0,0,1
1551559975.4247503,964,0,0,1
1551559975.4416556,964,0,0,1
1551559975.4578683,964,0,0,1
1551559975.4741771,964,0,0,1
1551559975.490079,964,0,0,1
1551559975.5059965,964,0,0,1
1551559975.5218983,964,0,0,1
1551559975.5388868,964,0,0,1
1551559975.5558286,964,0,0,1
1551559975.5727654,964,0,0,1
1551559975.5888693,964,0,0,1
1551559975.6058242,964,0,0,1
1551559975.6227577,964,0,0,1
1551559975.638802,964,0,0,1
1551559975.6547656,964,0,0,1
1551559975.6707513,964,0,0,1
1551559975.686784,964,0,0,1
1551559975.7027483,964,0,0,1
1551559975.7187736,964,0,0,1
1551559975.7346785,964,0,0,1
1551559975.750607,964,0,0,1
1551559975.766668,964,0,0,1
1551559975.7826428,964,0,0,1
1551559975.7987401,964,0,0,1
1551559975.8147101,964,0,0,1
1551559975.8306842,964,0,0,1
1551559975.8467393,964,0,0,1
1551559975.8627348,964,0,0,1
1551559975.8787954,964,0,0,1
1551559975.8947685,964,0,0,1
1551559975.9107013,964,0,0,1
1551559975.9267354,964,0,0,1
1551559975.942706,964,0,0,1
1551559975.9587889,964,0,0,1
1551559975.97413,964,0,0,1
1551559975.990072,964,0,0,1
1551559976.0060601,964,0,0,1
1551559976.022048,964,0,0,1
1551559976.0380902,964,0,0,1
1551559976.0541184,964,0,0,1
1551559976.0700889,964,0,0,1
1551559976.0860693,964,0,0,1
1551559976.1019998,964,0,0,1
1551559976.1180353,964,0,0,1
1551559976.1340182,964,0,0,1
1551559976.1499398,964,0,0,1
1551559976.1659496,964,0,0,1
1551559976.181939,964,0,0,1
1551559976.1979902,964,0,0,1
1551559976.214056,964,0,0,1
1551559976.2300446,964,0,0,1
1551559976.2460487,964,0,0,1
1551559976.2620175,964,0,0,1
1551559976.2780988,964,0,0,1
1551559976.294132,964,0,0,1
1551559976.3101027,964,0,0,1
1551559976.3260565,964,0,0,1
1551559976.341995,964,0,0,1
1551559976.3580499,964,0,0,1
1551559976.3740811,964,0,0,1
1551559976.3901155,964,0,0,1
1551559976.4061391,964,0,0,1
1551559976.4220953,964,0,0,1
1551559976.4391572,964,0,0,1
1551559976.4551537,964,0,0,1
1551559976.4711063,964,0,0,1
1551559976.4871795,964,0,0,1
1551559976.50318,964,0,0,1
1551559976.519182,964,0,0,1
1551559976.535134,964,0,0,0
1551559976.5676796,959,0,0,0
1551559976.5813713,959,0,0,0
1551559976.597063,959,0,0,0
1551559976.6138391,959,0,0,0
1551559976.6304822,959,0,0,0
1551559976.6461346,959,0,0,0
1551559976.6627607,959,0,0,0
1551559976.6783924,959,0,0,0
1551559976.694055,959,0,0,0
1551559976.710575,959,0,0,0
1551559976.7263074,959,0,0,0
1551559976.742864,959,0,0,0
1551559976.7594907,959,0,0,0
1551559976.775082,959,0,0,0
1551559976.7916977,959,0,0,0
1551559976.8074105,959,0,0,0
1551559976.8230686,959,0,0,0
1551559976.8396482,959,0,0,0
1551559976.8552155,959,0,0,0
1551559976.871779,959,0,0,0
1551559976.8874574,959,0,0,0
1551559976.903051,959,0,0,0
1551559976.9196444,959,0,0,0
1551559976.935208,959,0,0,0
1551559976.9517937,959,0,0,0
1551559976.9674785,959,0,0,0
PiStop sync.
1551559994.321935