All stim.
[957, 958, 959, 960, 961, 962, 963, 964]
Reward stim.
[957, 959, 961, 963]
time,whichstim,iftouch,ifreward,ifout
1551653462.5870173,0,0,0,0
1551653462.6045146,0,0,0,0
1551653462.6219692,0,0,0,0
1551653462.6393356,0,0,0,0
1551653462.6568015,0,0,0,0
1551653462.6743007,0,0,0,0
1551653462.6915026,0,0,0,0
1551653462.7085445,0,0,0,0
1551653462.7256486,0,0,0,0
1551653462.7427328,0,0,0,0
1551653462.7597616,0,0,0,0
1551653462.7768464,0,0,0,0
1551653462.7938156,0,0,0,0
1551653462.8109038,0,0,0,0
1551653462.8279178,0,0,0,0
1551653462.8449268,0,0,0,0
1551653462.8621924,0,0,0,0
1551653462.8792267,0,0,0,0
1551653462.8962784,0,0,0,0
1551653462.9132915,0,0,0,0
1551653462.930246,0,0,0,0
1551653462.9472272,0,0,0,0
1551653462.9642081,0,0,0,0
1551653462.9813302,0,0,0,0
1551653462.998359,0,0,0,0
1551653463.0154133,0,0,0,0
1551653463.0324936,0,0,0,0
1551653463.0493858,0,0,0,0
1551653463.0664191,0,0,0,0
1551653463.083453,0,0,0,0
1551653463.1004405,0,0,0,0
1551653463.1174674,0,0,0,0
1551653463.1344686,0,0,0,0
1551653463.1515784,0,0,0,0
1551653463.1686635,0,0,0,0
1551653463.185772,0,0,0,0
1551653463.2028275,0,0,0,0
1551653463.2199244,0,0,0,0
1551653463.2370694,0,0,0,0
1551653463.2543018,0,0,0,0
1551653463.271543,0,0,0,0
1551653463.2887356,0,0,0,0
1551653463.3058624,0,0,0,0
1551653463.322934,0,0,0,0
1551653463.3400493,0,0,0,0
1551653463.3571634,0,0,0,0
1551653463.374383,0,0,0,0
1551653463.3916013,0,0,0,0
1551653463.408736,0,0,0,0
1551653463.4258647,0,0,0,0
1551653463.4429793,0,0,0,0
1551653463.4600255,0,0,0,0
1551653463.477257,0,0,0,0
1551653463.4944832,0,0,0,0
1551653463.5119166,0,0,0,0
1551653463.529063,0,0,0,0
1551653463.5461311,0,0,0,0
1551653463.5633755,0,0,0,0
1551653463.580615,0,0,0,0
1551653463.597721,0,0,0,0
1551653463.6148376,0,0,0,0
1551653463.6320083,0,0,0,0
1551653463.6490722,0,0,0,0
1551653463.6661854,0,0,0,0
1551653463.6835744,0,0,0,0
1551653463.7008417,0,0,0,0
1551653463.7179716,0,0,0,0
1551653463.7200043,0,1,0,0
1551653463.747561,961,0,0,0
1551653463.764348,961,0,0,0
1551653463.7810075,961,0,0,0
1551653463.7966428,961,0,0,0
1551653463.8133175,961,0,0,0
1551653463.8300028,961,0,0,0
1551653463.845955,961,0,0,0
1551653463.8615913,961,0,0,0
1551653463.8782356,961,0,0,0
1551653463.8939815,961,0,0,0
1551653463.9096277,961,0,0,0
1551653463.9254246,961,0,0,0
1551653463.942137,961,0,0,0
1551653463.957834,961,0,0,0
1551653463.9736161,961,0,0,0
1551653463.990316,961,0,0,0
1551653464.0060382,961,0,0,0
1551653464.021689,961,0,0,0
1551653464.038363,961,0,0,0
1551653464.0551078,961,0,0,0
1551653464.0707257,961,0,0,0
1551653464.086517,961,0,0,0
1551653464.1030767,961,0,0,0
1551653464.11874,961,0,0,0
1551653464.1345088,961,0,0,0
1551653464.1504931,961,0,0,0
1551653464.1671157,961,0,0,0
1551653464.182854,961,0,0,0
1551653464.1984956,961,0,0,0
1551653464.2152476,961,0,0,0
1551653464.2310278,961,0,0,0
1551653464.2466838,961,0,0,0
1551653464.263361,961,0,0,0
1551653464.2799935,961,0,0,0
1551653464.2956524,961,0,0,0
1551653464.3122022,961,0,0,0
1551653464.3278997,961,0,0,0
1551653464.343736,961,0,0,0
1551653464.3603475,961,0,0,0
1551653464.3770735,961,0,0,0
1551653464.3929036,961,0,0,0
1551653464.4086003,961,0,0,0
1551653464.424486,961,0,0,0
1551653464.4411602,961,0,0,0
1551653464.456831,961,0,0,0
1551653464.4726298,961,0,0,0
1551653464.4892335,961,0,0,0
1551653464.5050993,961,0,0,0
1551653464.520822,961,0,0,0
1551653464.5367653,961,0,0,0
1551653464.5524833,961,0,0,0
1551653464.568381,961,0,0,0
1551653464.585146,961,0,0,0
1551653464.6007261,961,0,0,0
1551653464.6172538,961,0,0,0
1551653464.6329787,961,0,0,0
1551653464.6486163,961,0,0,0
1551653464.6653397,961,0,0,0
1551653464.681875,961,0,0,0
1551653464.6974778,961,0,0,0
1551653464.714209,961,0,0,0
1551653464.7298143,961,0,0,0
1551653464.7454114,961,0,0,0
1551653464.7623103,961,0,0,0
1551653464.7789435,961,0,0,0
1551653464.7944908,961,0,0,0
1551653464.81114,961,0,0,0
1551653464.826749,961,0,0,0
1551653464.842347,961,0,0,0
1551653464.8588684,961,0,0,0
1551653464.874484,961,0,0,0
1551653464.8910773,961,0,0,0
1551653464.9069138,961,0,0,0
1551653464.922608,961,0,0,0
1551653464.9392443,961,0,0,0
1551653464.9549744,961,0,0,0
1551653464.9705825,961,0,0,0
1551653464.9871955,961,0,0,0
1551653465.0019774,961,0,0,0
1551653465.017713,961,0,0,0
1551653465.0336711,961,0,0,0
1551653465.0494745,961,0,0,0
1551653465.0654569,961,0,0,0
1551653465.0821586,961,0,0,0
1551653465.0980513,961,0,0,0
1551653465.1134212,961,0,0,0
1551653465.1303287,961,0,0,0
1551653465.1463773,961,0,0,0
1551653465.1627212,961,0,0,0
1551653465.1792428,961,0,0,0
1551653465.1950507,961,0,0,0
1551653465.21062,961,0,0,0
1551653465.2269652,961,0,0,0
1551653465.2424262,961,0,0,0
1551653465.2587597,961,0,0,0
1551653465.275216,961,0,0,0
1551653465.2905965,961,0,0,0
1551653465.3073347,961,0,0,0
1551653465.3237298,961,0,0,0
1551653465.340298,961,0,0,0
1551653465.356682,961,0,0,0
1551653465.3729596,961,0,0,0
1551653465.3892763,961,0,0,0
1551653465.405638,961,0,0,0
1551653465.4222271,961,0,0,0
1551653465.4375272,961,0,0,0
1551653465.4540594,961,0,0,0
1551653465.4693773,961,0,0,0
1551653465.485716,961,0,0,0
1551653465.5020907,961,0,0,0
1551653465.5176837,961,0,0,0
1551653465.5340924,961,0,0,0
1551653465.5494266,961,0,0,0
1551653465.565798,961,0,0,0
1551653465.5821662,961,0,0,0
1551653465.5975308,961,0,0,0
1551653465.613888,961,0,0,0
1551653465.6301131,961,0,0,0
1551653465.6453855,961,0,0,0
1551653465.6617658,961,0,0,0
1551653465.6780393,961,0,0,0
1551653465.6935265,961,0,0,0
1551653465.7097957,961,0,0,0
1551653465.7263722,961,1,0,0
1551653465.7265117,961,0,0,1
1551653465.743157,961,0,0,1
1551653465.7589376,961,0,0,1
1551653465.7747784,961,0,0,1
1551653465.7905025,961,0,0,1
1551653465.8072815,961,0,0,1
1551653465.8241606,961,0,0,1
1551653465.8402789,961,0,0,1
1551653465.8570952,961,0,0,1
1551653465.8729653,961,0,0,1
1551653465.8887372,961,0,0,1
1551653465.904603,961,0,0,1
1551653465.9204335,961,0,0,1
1551653465.9371848,961,0,0,1
1551653465.9530492,961,0,0,1
1551653465.968982,961,0,0,1
1551653465.9848342,961,0,0,1
1551653466.000569,961,0,0,1
1551653466.0173414,961,0,0,1
1551653466.034211,961,0,0,1
1551653466.049996,961,0,0,1
1551653466.0658414,961,0,0,1
1551653466.0816786,961,0,0,1
1551653466.0974643,961,0,0,1
1551653466.1133704,961,0,0,1
1551653466.1300952,961,0,0,1
1551653466.1459749,961,0,0,1
1551653466.1618252,961,0,0,1
1551653466.177593,961,0,0,1
1551653466.193428,961,0,0,1
1551653466.2102392,961,0,0,1
1551653466.2261095,961,0,0,1
1551653466.2419071,961,0,0,1
1551653466.2576177,961,0,0,1
1551653466.2738435,961,0,0,1
1551653466.2896202,961,0,0,1
1551653466.3054767,961,0,0,1
1551653466.322292,961,0,0,1
1551653466.339068,961,0,0,1
1551653466.3549626,961,0,0,1
1551653466.3708165,961,0,0,1
1551653466.3866339,961,0,0,1
1551653466.4024029,961,0,0,1
1551653466.4192102,961,0,0,1
1551653466.4351318,961,0,0,1
1551653466.4510832,961,0,0,1
1551653466.4670267,961,0,0,1
1551653466.4831793,961,0,0,1
1551653466.4984574,961,0,0,1
1551653466.514456,961,0,0,1
1551653466.5493953,961,0,0,1
1551653466.5655758,961,0,0,1
1551653466.581756,961,0,0,1
1551653466.5975888,961,0,0,1
1551653466.6136103,961,0,0,1
1551653466.629549,961,0,0,1
1551653466.6455119,961,0,0,1
1551653466.6614208,961,0,0,1
1551653466.6782627,961,0,0,1
1551653466.6941776,961,0,0,1
1551653466.7100291,961,0,0,1
1551653466.7269986,961,0,0,1
1551653466.7429283,961,0,0,1
1551653466.7587514,961,0,0,1
1551653466.7749095,961,0,0,1
1551653466.790696,961,0,0,1
1551653466.8065445,961,0,0,1
1551653466.8224216,961,0,0,1
1551653466.839235,961,0,0,1
1551653466.85517,961,0,0,1
1551653466.8710458,961,0,0,1
1551653466.8868704,961,0,0,1
1551653466.9028604,961,0,0,1
1551653466.9187446,961,0,0,1
1551653466.934689,961,0,0,1
1551653466.9505622,961,0,0,1
1551653466.9664261,961,0,0,1
1551653466.9825695,961,0,0,1
1551653466.998423,961,0,0,1
1551653467.0133631,961,0,0,1
1551653467.0296416,961,0,0,1
1551653467.0455582,961,0,0,1
1551653467.0614157,961,0,0,1
1551653467.0783463,961,0,0,1
1551653467.0952828,961,0,0,1
1551653467.1121542,961,0,0,1
1551653467.128029,961,0,0,1
1551653467.1439168,961,0,0,1
1551653467.159771,961,0,0,1
1551653467.1757092,961,0,0,1
1551653467.1914918,961,0,0,1
1551653467.2083492,961,0,0,1
1551653467.225291,961,0,0,1
1551653467.24206,961,0,0,1
1551653467.2580163,961,0,0,1
1551653467.2739599,961,0,0,1
1551653467.2897642,961,0,0,1
1551653467.305671,961,0,0,1
1551653467.3215356,961,0,0,1
1551653467.3373694,961,0,0,1
1551653467.3543563,961,0,0,1
1551653467.371268,961,0,0,1
1551653467.3871634,961,0,0,1
1551653467.4032133,961,0,0,1
1551653467.41916,961,0,0,1
1551653467.4345713,961,0,0,1
1551653467.4505417,961,0,0,1
1551653467.4665008,961,0,0,1
1551653467.482444,961,0,0,1
1551653467.4983711,961,0,0,1
1551653467.5144324,961,0,0,1
1551653467.5304332,961,0,0,1
1551653467.546366,961,0,0,1
1551653467.563354,961,0,0,1
1551653467.5803196,961,0,0,1
1551653467.5973344,961,0,0,1
1551653467.613385,961,0,0,1
1551653467.6302698,961,0,0,1
1551653467.6471856,961,0,0,1
1551653467.6633527,961,0,0,1
1551653467.6802125,961,0,0,1
1551653467.6961153,961,0,0,1
1551653467.711992,961,0,0,1
1551653467.728845,961,0,0,1
1551653467.744769,961,0,0,1
1551653467.760665,961,0,0,1
1551653467.7765405,961,0,0,1
1551653467.792383,961,0,0,1
1551653467.8092225,961,0,0,1
1551653467.8251448,961,0,0,1
1551653467.8411553,961,0,0,1
1551653467.8569918,961,0,0,1
1551653467.8729644,961,0,0,1
1551653467.88882,961,0,0,1
1551653467.9046965,961,0,0,1
1551653467.9206545,961,0,0,1
1551653467.9365218,961,0,0,1
1551653467.9533617,961,0,0,1
1551653467.969563,961,0,0,1
1551653467.9854712,961,0,0,1
1551653468.0022752,961,0,0,1
1551653468.019196,961,0,0,1
1551653468.0351572,961,0,0,1
1551653468.0510051,961,0,0,1
1551653468.0669193,961,0,0,1
1551653468.0832467,961,0,0,1
1551653468.0992615,961,0,0,1
1551653468.1153038,961,0,0,1
1551653468.1323195,961,0,0,1
1551653468.1492522,961,0,0,1
1551653468.1653302,961,0,0,1
1551653468.1823468,961,0,0,1
1551653468.19923,961,0,0,1
1551653468.2152808,961,0,0,1
1551653468.2322724,961,0,0,1
1551653468.249155,961,0,0,1
1551653468.2652233,961,0,0,1
1551653468.2811012,961,0,0,1
1551653468.2971532,961,0,0,1
1551653468.3133397,961,0,0,1
1551653468.3302817,961,0,0,1
1551653468.3468223,961,0,0,1
1551653468.362945,961,0,0,1
1551653468.378944,961,0,0,1
1551653468.3950195,961,0,0,1
1551653468.4109306,961,0,0,1
1551653468.426938,961,0,0,1
1551653468.4431257,961,0,0,1
1551653468.459018,961,0,0,1
1551653468.4751093,961,0,0,1
1551653468.4911022,961,0,0,1
1551653468.5069766,961,0,0,1
1551653468.523137,961,0,0,1
1551653468.5392423,961,0,0,1
1551653468.5552678,961,0,0,1
1551653468.5713127,961,0,0,1
1551653468.587516,961,0,0,1
1551653468.6036086,961,0,0,1
1551653468.6196022,961,0,0,1
1551653468.6356587,961,0,0,1
1551653468.6518064,961,0,0,1
1551653468.667768,961,0,0,1
1551653468.6839085,961,0,0,1
1551653468.7000816,961,0,0,1
1551653468.7161603,961,0,0,1
1551653468.7321608,0,0,0,0
1551653468.747635,0,0,0,0
1551653468.764308,0,0,0,0
1551653468.7808173,0,0,0,0
1551653468.797233,0,0,0,0
1551653468.81288,0,0,0,0
1551653468.8292983,0,0,0,0
1551653468.8460615,0,0,0,0
1551653468.8614657,0,0,0,0
1551653468.8778253,0,0,0,0
1551653468.893534,0,0,0,0
1551653468.9099333,0,0,0,0
1551653468.9253674,0,0,0,0
1551653468.9417658,0,0,0,0
1551653468.9581838,0,0,0,0
1551653468.9737318,0,0,0,0
1551653468.990146,0,0,0,0
1551653469.0045934,0,0,0,0
1551653469.021125,0,0,0,0
1551653469.0365365,0,0,0,0
1551653469.0529006,0,0,0,0
1551653469.0692947,0,0,0,0
1551653469.0857456,0,0,0,0
1551653469.1020749,0,0,0,0
1551653469.1174564,0,0,0,0
1551653469.1339796,0,0,0,0
1551653469.1493988,0,0,0,0
1551653469.1659088,0,0,0,0
1551653469.18157,0,0,0,0
1551653469.1979468,0,0,0,0
1551653469.2134018,0,0,0,0
1551653469.2297685,0,0,0,0
1551653469.2461874,0,0,0,0
1551653469.261598,0,0,0,0
1551653469.2779946,0,0,0,0
1551653469.293524,0,0,0,0
1551653469.309989,0,0,0,0
1551653469.3254225,0,0,0,0
1551653469.3418324,0,0,0,0
1551653469.358195,0,0,0,0
1551653469.3737538,0,0,0,0
1551653469.3901668,0,0,0,0
1551653469.4055684,0,0,0,0
1551653469.4219759,0,0,0,0
1551653469.4374833,0,0,0,0
1551653469.4542792,0,0,0,0
1551653469.4706595,0,0,0,0
1551653469.4869938,0,0,0,0
1551653469.5027535,0,0,0,0
1551653469.5191312,0,0,0,0
1551653469.5345745,0,0,0,0
1551653469.5509686,0,0,0,0
1551653469.5663602,0,0,0,0
1551653469.582657,0,0,0,0
1551653469.5990455,0,0,0,0
1551653469.6144648,0,0,0,0
1551653469.6308498,0,0,0,0
1551653469.6472108,0,0,0,0
1551653469.6627004,0,0,0,0
1551653469.6790497,0,0,0,0
1551653469.6945302,0,0,0,0
1551653469.710869,0,0,0,0
1551653469.7282794,0,0,0,0
1551653469.7449121,0,0,0,0
1551653469.7603495,0,0,0,0
1551653469.776835,0,0,0,0
1551653469.793321,0,0,0,0
1551653469.8097997,0,0,0,0
1551653469.826324,0,0,0,0
1551653469.8427503,0,0,0,0
1551653469.8585541,0,0,0,0
1551653469.8751333,0,0,0,0
1551653469.8905969,0,0,0,0
1551653469.9070704,0,0,0,0
1551653469.9226065,0,0,0,0
1551653469.9390926,0,0,0,0
1551653469.9546022,0,0,0,0
1551653469.9710832,0,0,0,0
1551653469.9865532,0,0,0,0
1551653470.0030067,0,0,0,0
1551653470.0184603,0,0,0,0
1551653470.0350676,0,0,0,0
1551653470.0505455,0,0,0,0
1551653470.066924,0,0,0,0
1551653470.083312,0,0,0,0
1551653470.0997546,0,0,0,0
1551653470.1161869,0,0,0,0
1551653470.1316748,0,0,0,0
1551653470.1481228,0,0,0,0
1551653470.1639383,0,0,0,0
1551653470.1793652,0,0,0,0
1551653470.1958187,0,0,0,0
1551653470.2122545,0,0,0,0
1551653470.228687,0,0,0,0
1551653470.2452085,0,0,0,0
1551653470.2606425,0,0,0,0
1551653470.2770658,0,0,0,0
1551653470.292599,0,0,0,0
1551653470.3089936,0,0,0,0
1551653470.3244185,0,0,0,0
1551653470.3408537,0,0,0,0
1551653470.3572512,0,0,0,0
1551653470.3727698,0,0,0,0
1551653470.3891783,0,0,0,0
1551653470.4046967,0,0,0,0
1551653470.4210603,0,0,0,0
1551653470.43646,0,0,0,0
1551653470.4528856,0,0,0,0
1551653470.468389,0,0,0,0
1551653470.484959,0,0,0,0
1551653470.5004096,0,0,0,0
1551653470.51682,0,0,0,0
1551653470.53326,0,0,0,0
1551653470.5496938,0,0,0,0
1551653470.5661676,0,0,0,0
1551653470.5815034,0,0,0,0
1551653470.597947,0,0,0,0
1551653470.6134717,0,0,0,0
1551653470.629845,0,0,0,0
1551653470.6462598,0,0,0,0
1551653470.6626308,0,0,0,0
1551653470.6789775,0,0,0,0
1551653470.694519,0,0,0,0
1551653470.7109299,0,0,0,0
1551653470.7282836,0,0,0,0
1551653470.7448187,0,0,0,0
1551653470.7612813,0,0,0,0
1551653470.7777207,0,0,0,0
1551653470.7933795,0,0,0,0
1551653470.8098612,0,0,0,0
1551653470.8263307,0,0,0,0
1551653470.8427749,0,0,0,0
1551653470.8592503,0,0,0,0
1551653470.8747153,0,0,0,0
1551653470.8911808,0,0,0,0
1551653470.9066405,0,0,0,0
1551653470.9231305,0,0,0,0
1551653470.9385726,0,0,0,0
1551653470.9551942,0,0,0,0
1551653470.9706476,0,0,0,0
1551653470.987143,0,0,0,0
1551653471.0017684,0,0,0,0
1551653471.0183284,0,0,0,0
1551653471.03491,0,0,0,0
1551653471.0504162,0,0,0,0
1551653471.0668366,0,0,0,0
1551653471.083252,0,0,0,0
1551653471.0987294,0,0,0,0
1551653471.1153042,0,0,0,0
1551653471.13172,0,0,0,0
1551653471.148161,0,0,0,0
1551653471.1638439,0,0,0,0
1551653471.1802478,0,0,0,0
1551653471.1957233,0,0,0,0
1551653471.2121582,0,0,0,0
1551653471.2277837,0,0,0,0
1551653471.2433457,0,0,0,0
1551653471.2598174,0,0,0,0
1551653471.2763007,0,0,0,0
1551653471.292731,0,0,0,0
1551653471.3083606,0,0,0,0
1551653471.3249726,0,0,0,0
1551653471.3404531,0,0,0,0
1551653471.356866,0,0,0,0
1551653471.3723404,0,0,0,0
1551653471.3887382,0,0,0,0
1551653471.4053044,0,0,0,0
1551653471.4217136,0,0,0,0
1551653471.4380815,0,0,0,0
1551653471.453644,0,0,0,0
1551653471.4700892,0,0,0,0
1551653471.485472,0,0,0,0
1551653471.5019085,0,0,0,0
1551653471.5183156,0,0,0,0
1551653471.5350177,0,0,0,0
1551653471.5504239,0,0,0,0
1551653471.5668366,0,0,0,0
1551653471.5823975,0,0,0,0
1551653471.5987787,0,0,0,0
1551653471.614535,0,0,0,0
1551653471.63095,0,0,0,0
1551653471.6463776,0,0,0,0
1551653471.6627934,0,0,0,0
1551653471.6791673,0,0,0,0
1551653471.694586,0,0,0,0
1551653471.7109716,0,0,0,0
1551653471.727366,0,0,0,0
1551653471.743885,0,0,0,0
1551653471.760298,0,0,0,0
1551653471.776758,0,0,0,0
1551653471.7932115,0,0,0,0
1551653471.80867,0,0,0,0
1551653471.8252246,0,0,0,0
1551653471.8406272,0,0,0,0
1551653471.8570824,0,0,0,0
1551653471.8725998,0,0,0,0
1551653471.8883722,0,0,0,0
1551653471.904875,0,0,0,0
1551653471.9204476,0,0,0,0
1551653471.9368875,0,0,0,0
1551653471.952367,0,0,0,0
1551653471.9687667,0,0,0,0
1551653471.985312,0,0,0,0
1551653472.001785,0,0,0,0
1551653472.0182893,0,0,0,0
1551653472.0348837,0,0,0,0
1551653472.0504487,0,0,0,0
1551653472.0668633,0,0,0,0
1551653472.0826032,0,0,0,0
1551653472.0986662,0,0,0,0
1551653472.1150424,0,0,0,0
1551653472.131275,0,0,0,0
1551653472.1474276,0,0,0,0
1551653472.163806,0,0,0,0
1551653472.1802118,0,0,0,0
1551653472.1955118,0,0,0,0
1551653472.2117095,0,0,0,0
1551653472.22795,0,0,0,0
1551653472.2434933,0,0,0,0
1551653472.2596693,0,0,0,0
1551653472.2757215,0,0,0,0
1551653472.2914808,0,0,0,0
1551653472.3082194,0,0,0,0
1551653472.3240535,0,0,0,0
1551653472.3398015,0,0,0,0
1551653472.355657,0,0,0,0
1551653472.3714948,0,0,0,0
1551653472.3882377,0,0,0,0
1551653472.4041045,0,0,0,0
1551653472.419846,0,0,0,0
1551653472.4356232,0,0,0,0
1551653472.451344,0,0,0,0
1551653472.4680965,0,0,0,0
1551653472.4839747,0,0,0,0
1551653472.4996662,0,0,0,0
1551653472.515453,0,0,0,0
1551653472.5322561,0,0,0,0
1551653472.548375,0,0,0,0
1551653472.5651464,0,0,0,0
1551653472.5811806,0,0,0,0
1551653472.5969713,0,0,0,0
1551653472.6128006,0,0,0,0
1551653472.6285055,0,0,0,0
1551653472.6452804,0,0,0,0
1551653472.6620016,0,0,0,0
1551653472.6777422,0,0,0,0
1551653472.6934564,0,0,0,0
1551653472.7098422,0,0,0,0
1551653472.727274,0,0,0,0
1551653472.743839,0,0,0,0
1551653472.7601824,0,0,0,0
1551653472.7756374,0,0,0,0
1551653472.7920327,0,0,0,0
1551653472.8073835,0,0,0,0
1551653472.8239372,0,0,0,0
1551653472.840321,0,0,0,0
1551653472.8566875,0,0,0,0
1551653472.8728502,0,0,0,0
1551653472.8886476,0,0,0,0
1551653472.9051504,0,0,0,0
1551653472.92097,0,0,0,0
1551653472.9367604,0,0,0,0
1551653472.9526534,0,0,0,0
1551653472.9684246,0,0,0,0
1551653472.985296,0,0,0,0
1551653473.0016067,0,0,0,0
1551653473.017408,0,0,0,0
1551653473.033364,0,0,0,0
1551653473.0501473,0,0,0,0
1551653473.0659578,0,0,0,0
1551653473.082005,0,0,0,0
1551653473.0978196,0,0,0,0
1551653473.11375,0,0,0,0
1551653473.1296902,0,0,0,0
1551653473.1455855,0,0,0,0
1551653473.1613243,0,0,0,0
1551653473.1781344,0,0,0,0
1551653473.1941035,0,0,0,0
1551653473.2103064,0,0,0,0
1551653473.2271414,0,0,0,0
1551653473.242995,0,0,0,0
1551653473.259104,0,0,0,0
1551653473.2749224,0,0,0,0
1551653473.2907023,0,0,0,0
1551653473.3064747,0,0,0,0
1551653473.3232358,0,0,0,0
1551653473.338991,0,0,0,0
1551653473.3547716,0,0,0,0
1551653473.370564,0,0,0,0
1551653473.3863356,0,0,0,0
1551653473.4030783,0,0,0,0
1551653473.418831,0,0,0,0
1551653473.4348795,0,0,0,0
1551653473.4507198,0,0,0,0
1551653473.4664483,0,0,0,0
1551653473.4833112,0,0,0,0
1551653473.500065,0,0,0,0
1551653473.5157697,0,0,0,0
1551653473.5322855,0,0,0,0
1551653473.548725,0,0,0,0
1551653473.5645454,0,0,0,0
1551653473.5809784,0,0,0,0
1551653473.596428,0,0,0,0
1551653473.6128051,0,0,0,0
1551653473.6292198,0,0,0,0
1551653473.6446714,0,0,0,0
1551653473.6610126,0,0,0,0
1551653473.6764529,0,0,0,0
1551653473.6928678,0,0,0,0
1551653473.7092617,0,0,0,0
1551653473.7266686,0,0,0,0
1551653473.7431104,0,0,0,0
1551653473.7585368,0,0,0,0
1551653473.775012,0,0,0,0
1551653473.7904215,0,0,0,0
1551653473.8068314,0,0,0,0
1551653473.823225,0,0,0,0
1551653473.83862,0,0,0,0
1551653473.8550892,0,0,0,0
1551653473.8704324,0,0,0,0
1551653473.8868246,0,0,0,0
1551653473.9032748,0,0,0,0
1551653473.9199312,0,0,0,0
1551653473.9353683,0,0,0,0
1551653473.9517953,0,0,0,0
1551653473.9681911,0,0,0,0
1551653473.9837172,0,0,0,0
1551653474.0001152,0,0,0,0
1551653474.0155818,0,0,0,0
1551653474.0320194,0,0,0,0
1551653474.047607,0,0,0,0
1551653474.0642097,0,0,0,0
1551653474.0796034,0,0,0,0
1551653474.0960827,0,0,0,0
1551653474.1114867,0,0,0,0
1551653474.1279335,0,0,0,0
1551653474.1435084,0,0,0,0
1551653474.159954,0,0,0,0
1551653474.1754012,0,0,0,0
1551653474.1918547,0,0,0,0
1551653474.2083285,0,0,0,0
1551653474.2250032,0,0,0,0
1551653474.2405481,0,0,0,0
1551653474.257077,0,0,0,0
1551653474.273084,0,0,0,0
1551653474.2886229,0,0,0,0
1551653474.3052478,0,0,0,0
1551653474.3206973,0,0,0,0
1551653474.3213675,0,1,0,0
1551653474.3489509,962,0,0,0
1551653474.3492663,962,1,0,0
1551653474.3644595,962,1,0,1
1551653474.3804626,962,1,0,1
1551653474.396455,962,1,0,1
1551653474.4126298,962,1,0,1
1551653474.428613,962,1,0,1
1551653474.4445617,962,1,0,1
1551653474.4605803,962,1,0,1
1551653474.4765728,962,1,0,1
1551653474.4926097,962,1,0,1
1551653474.5086331,962,1,0,1
1551653474.5247197,962,1,0,1
1551653474.540683,962,1,0,1
1551653474.5566747,962,1,0,1
1551653474.5727744,962,1,0,1
1551653474.5889747,962,1,0,1
1551653474.6049662,962,1,0,1
1551653474.6209135,962,1,0,1
1551653474.636834,962,1,0,1
1551653474.652876,962,1,0,1
1551653474.6689124,962,1,0,1
1551653474.6848848,962,1,0,1
1551653474.70075,962,1,0,1
1551653474.7167156,962,1,0,1
1551653474.7327795,962,1,0,1
1551653474.7486634,962,1,0,1
1551653474.7647073,962,1,0,1
1551653474.7806437,962,1,0,1
1551653474.7965534,962,1,0,1
1551653474.8126304,962,1,0,1
1551653474.8285565,962,1,0,1
1551653474.8445277,962,1,0,1
1551653474.8604925,962,1,0,1
1551653474.8764477,962,1,0,1
1551653474.8928678,962,1,0,1
1551653474.9087596,962,1,0,1
1551653474.9247844,962,1,0,1
1551653474.940723,962,1,0,1
1551653474.9565985,962,1,0,1
1551653474.973178,962,1,0,1
1551653474.9891174,962,1,0,1
1551653475.0050776,962,1,0,1
1551653475.021005,962,1,0,1
1551653475.0369406,962,1,0,1
1551653475.053007,962,1,0,1
1551653475.0689363,962,1,0,1
1551653475.0849319,962,1,0,1
1551653475.1007998,962,1,0,1
1551653475.1167266,962,1,0,1
1551653475.1328166,962,1,0,1
1551653475.1487236,962,1,0,1
1551653475.1647563,962,1,0,1
1551653475.180717,962,1,0,1
1551653475.1970038,962,1,0,1
1551653475.2130392,962,1,0,1
1551653475.2289767,962,1,0,1
1551653475.2449942,962,1,0,1
1551653475.260908,962,1,0,1
1551653475.277336,962,1,0,1
1551653475.2933702,962,1,0,1
1551653475.3102493,962,1,0,1
1551653475.3261971,962,1,0,1
1551653475.3423338,962,1,0,1
1551653475.359199,962,1,0,1
1551653475.3751388,962,1,0,1
1551653475.3910253,962,1,0,1
1551653475.406832,962,1,0,1
1551653475.4228263,962,1,0,1
1551653475.4386997,962,1,0,1
1551653475.4546175,962,1,0,1
1551653475.4706473,962,1,0,1
1551653475.486524,962,1,0,1
1551653475.5024486,962,1,0,1
1551653475.5193038,962,1,0,1
1551653475.536238,962,1,0,1
1551653475.5514393,962,1,0,1
1551653475.5682867,962,1,0,1
1551653475.5842812,962,1,0,1
1551653475.6001153,962,1,0,1
1551653475.6159942,962,1,0,1
1551653475.6318624,962,1,0,1
1551653475.6477354,962,1,0,1
1551653475.6636906,962,1,0,1
1551653475.67957,962,1,0,1
1551653475.6955023,962,1,0,1
1551653475.7123225,962,1,0,1
1551653475.7302043,962,1,0,1
1551653475.746222,962,1,0,1
1551653475.762124,962,1,0,1
1551653475.7780359,962,1,0,1
1551653475.7940826,962,1,0,1
1551653475.809929,962,1,0,1
1551653475.825898,962,1,0,1
1551653475.8417912,962,1,0,1
1551653475.8576572,962,1,0,1
1551653475.873696,962,1,0,1
1551653475.8895013,962,1,0,1
1551653475.9054842,962,1,0,1
1551653475.9222884,962,1,0,1
1551653475.9392445,962,1,0,1
1551653475.9552705,962,1,0,1
1551653475.9711626,962,1,0,1
1551653475.987129,962,1,0,1
1551653476.003254,962,1,0,1
1551653476.019105,962,1,0,1
1551653476.0351183,962,1,0,1
1551653476.0510702,962,1,0,1
1551653476.0669196,962,1,0,1
1551653476.0830047,962,1,0,1
1551653476.0990775,962,1,0,1
1551653476.115065,962,1,0,1
1551653476.1310272,962,1,0,1
1551653476.1469793,962,1,0,1
1551653476.163076,962,1,0,1
1551653476.1790352,962,1,0,1
1551653476.195095,962,1,0,1
1551653476.2104733,962,1,0,1
1551653476.2263734,962,1,0,1
1551653476.2433512,962,1,0,1
1551653476.2603061,962,1,0,1
1551653476.2773228,962,1,0,1
1551653476.2934523,962,1,0,1
1551653476.3094037,962,1,0,1
1551653476.3253942,962,1,0,1
1551653476.3413684,962,1,0,1
1551653476.3582985,962,1,0,1
1551653476.3752458,962,1,0,1
1551653476.391109,962,1,0,1
1551653476.4069922,962,1,0,1
1551653476.4229622,962,1,0,1
1551653476.4388392,962,1,0,1
1551653476.4548023,962,1,0,1
1551653476.470623,962,1,0,1
1551653476.4864807,962,1,0,1
1551653476.5033379,962,1,0,1
1551653476.5201273,962,1,0,1
1551653476.5360637,962,1,0,1
1551653476.551958,962,1,0,1
1551653476.567809,962,1,0,1
1551653476.5837877,962,1,0,1
1551653476.5997763,962,1,0,1
1551653476.6157916,962,1,0,1
1551653476.6316059,962,1,0,1
1551653476.6474938,962,1,0,1
1551653476.6634972,962,1,0,1
1551653476.68032,962,1,0,1
1551653476.6972888,962,1,0,1
1551653476.7143073,962,1,0,1
1551653476.731159,962,1,0,1
1551653476.7471054,962,1,0,1
1551653476.7631981,962,1,0,1
1551653476.779103,962,1,0,1
1551653476.7952657,962,1,0,1
1551653476.8111727,962,1,0,1
1551653476.827206,962,1,0,1
1551653476.8432438,962,1,0,1
1551653476.8591223,962,1,0,1
1551653476.875065,962,1,0,1
1551653476.8909454,962,1,0,1
1551653476.9068477,962,1,0,1
1551653476.9227889,962,1,0,1
1551653476.9386585,962,1,0,1
1551653476.95464,962,1,0,1
1551653476.970618,962,1,0,1
1551653476.9864194,962,1,0,1
1551653477.0033407,962,1,0,1
1551653477.02022,962,1,0,1
1551653477.0361223,962,1,0,1
1551653477.0520496,962,1,0,1
1551653477.0680408,962,1,0,1
1551653477.0841916,962,1,0,1
1551653477.0999348,962,1,0,1
1551653477.115916,962,1,0,1
1551653477.1318035,962,1,0,1
1551653477.1477318,962,1,0,1
1551653477.1638129,962,1,0,1
1551653477.1797733,962,1,0,1
1551653477.195812,962,1,0,1
1551653477.211937,962,1,0,1
1551653477.2278752,962,1,0,1
1551653477.2440507,962,1,0,1
1551653477.260121,962,1,0,1
1551653477.2755377,962,1,0,1
1551653477.2914655,962,1,0,1
1551653477.307464,962,1,0,1
1551653477.3235776,962,1,0,1
1551653477.3395011,962,1,0,1
1551653477.355633,0,0,0,0
1551653477.37178,0,0,0,0
1551653477.388184,0,0,0,0
1551653477.4036276,0,0,0,0
1551653477.420296,0,0,0,0
1551653477.4367855,0,0,0,0
1551653477.4533074,0,0,0,0
1551653477.469959,0,0,0,0
1551653477.4854255,0,0,0,0
1551653477.5018384,0,0,0,0
1551653477.518308,0,0,0,0
1551653477.5347881,0,0,0,0
1551653477.5512474,0,0,0,0
1551653477.566657,0,0,0,0
1551653477.5832174,0,0,0,0
1551653477.5986197,0,0,0,0
1551653477.6151423,0,0,0,0
1551653477.6305535,0,0,0,0
1551653477.6469464,0,0,0,0
1551653477.6624513,0,0,0,0
1551653477.6788127,0,0,0,0
1551653477.6943479,0,0,0,0
1551653477.7107522,0,0,0,0
1551653477.7281494,0,0,0,0
1551653477.743715,0,0,0,0
1551653477.7601314,0,0,0,0
1551653477.7755284,0,0,0,0
1551653477.7919407,0,0,0,0
1551653477.8073313,0,0,0,0
1551653477.8238642,0,0,0,0
1551653477.8402312,0,0,0,0
1551653477.855631,0,0,0,0
1551653477.8720305,0,0,0,0
1551653477.8874297,0,0,0,0
1551653477.9040174,0,0,0,0
1551653477.9194236,0,0,0,0
1551653477.9358747,0,0,0,0
1551653477.9522898,0,0,0,0
1551653477.9686828,0,0,0,0
1551653477.98517,0,0,0,0
1551653478.0007653,0,0,0,0
1551653478.0172608,0,0,0,0
1551653478.033862,0,0,0,0
1551653478.0502834,0,0,0,0
1551653478.0667818,0,0,0,0
1551653478.0832322,0,0,0,0
1551653478.09862,0,0,0,0
1551653478.115174,0,0,0,0
1551653478.130579,0,0,0,0
1551653478.1469975,0,0,0,0
1551653478.162607,0,0,0,0
1551653478.1790426,0,0,0,0
1551653478.1945333,0,0,0,0
1551653478.2109697,0,0,0,0
1551653478.2264075,0,0,0,0
1551653478.242834,0,0,0,0
1551653478.2592783,0,0,0,0
1551653478.275764,0,0,0,0
1551653478.2922459,0,0,0,0
1551653478.3078125,0,0,0,0
1551653478.3234806,0,0,0,0
1551653478.3398664,0,0,0,0
1551653478.3563066,0,0,0,0
1551653478.3726966,0,0,0,0
1551653478.389022,0,0,0,0
1551653478.4044628,0,0,0,0
1551653478.4208653,0,0,0,0
1551653478.4372087,0,0,0,0
1551653478.4527867,0,0,0,0
1551653478.469215,0,0,0,0
1551653478.484943,0,0,0,0
1551653478.50133,0,0,0,0
1551653478.5177279,0,0,0,0
1551653478.5342991,0,0,0,0
1551653478.5506768,0,0,0,0
1551653478.5671058,0,0,0,0
1551653478.5826414,0,0,0,0
1551653478.5989707,0,0,0,0
1551653478.6149049,0,0,0,0
1551653478.631335,0,0,0,0
1551653478.6477466,0,0,0,0
1551653478.663333,0,0,0,0
1551653478.6797857,0,0,0,0
1551653478.6962318,0,0,0,0
1551653478.711717,0,0,0,0
1551653478.7291887,0,0,0,0
1551653478.7447228,0,0,0,0
1551653478.76125,0,0,0,0
1551653478.7767823,0,0,0,0
1551653478.7932997,0,0,0,0
1551653478.8098037,0,0,0,0
1551653478.8253548,0,0,0,0
1551653478.8417668,0,0,0,0
1551653478.8582885,0,0,0,0
1551653478.8751116,0,0,0,0
1551653478.8757393,0,1,0,0
1551653478.90456,958,0,0,0
1551653478.9048834,958,1,0,0
1551653478.9206226,958,1,0,1
1551653478.9364862,958,1,0,1
1551653478.9526422,958,1,0,1
1551653478.9686174,958,1,0,1
1551653478.9846776,958,1,0,1
1551653479.000717,958,1,0,1
1551653479.0165882,958,1,0,1
1551653479.032642,958,1,0,1
1551653479.0485528,958,1,0,1
1551653479.0644143,958,1,0,1
1551653479.0812554,958,1,0,1
1551653479.0970964,958,1,0,1
1551653479.113075,958,1,0,1
1551653479.128921,958,1,0,1
1551653479.1448545,958,1,0,1
1551653479.1606536,958,1,0,1
1551653479.1765187,958,1,0,1
1551653479.1925862,958,1,0,1
1551653479.2083979,958,1,0,1
1551653479.2244291,958,1,0,1
1551653479.2412448,958,1,0,1
1551653479.2571056,958,1,0,1
1551653479.2731001,958,1,0,1
1551653479.2889986,958,1,0,1
1551653479.3049932,958,1,0,1
1551653479.3208122,958,1,0,1
1551653479.3366685,958,1,0,1
1551653479.3527138,958,1,0,1
1551653479.368506,958,1,0,1
1551653479.384396,958,1,0,1
1551653479.4012494,958,1,0,1
1551653479.4170609,958,1,0,1
1551653479.4330823,958,1,0,1
1551653479.4489396,958,1,0,1
1551653479.464829,958,1,0,1
1551653479.4806688,958,1,0,1
1551653479.4965212,958,1,0,1
1551653479.5124648,958,1,0,1
1551653479.52936,958,1,0,1
1551653479.5462675,958,1,0,1
1551653479.562211,958,1,0,1
1551653479.5781186,958,1,0,1
1551653479.5941455,958,1,0,1
1551653479.6102602,958,1,0,1
1551653479.6261668,958,1,0,1
1551653479.642144,958,1,0,1
1551653479.6580377,958,1,0,1
1551653479.6739702,958,1,0,1
1551653479.6898787,958,1,0,1
1551653479.7058177,958,1,0,1
1551653479.72162,958,1,0,1
1551653479.7374709,958,1,0,1
1551653479.7535272,958,1,0,1
1551653479.769354,958,1,0,1
1551653479.7863088,958,1,0,1
1551653479.803296,958,1,0,1
1551653479.8201408,958,1,0,1
1551653479.8354216,958,1,0,1
1551653479.852287,958,1,0,1
1551653479.869156,958,1,0,1
1551653479.8851452,958,1,0,1
1551653479.9010382,958,1,0,1
1551653479.9169495,958,1,0,1
1551653479.933035,958,1,0,1
1551653479.9489262,958,1,0,1
1551653479.9651525,958,1,0,1
1551653479.9809582,958,1,0,1
1551653479.9968321,958,1,0,1
1551653480.011878,958,1,0,1
1551653480.0277207,958,1,0,1
1551653480.0438092,958,1,0,1
1551653480.0597198,958,1,0,1
1551653480.075627,958,1,0,1
1551653480.0915313,958,1,0,1
1551653480.107399,958,1,0,1
1551653480.1234643,958,1,0,1
1551653480.139409,958,1,0,1
1551653480.1554275,958,1,0,1
1551653480.1714413,958,1,0,1
1551653480.1883357,958,1,0,1
1551653480.2043962,958,1,0,1
1551653480.2204566,958,1,0,1
1551653480.2363722,958,1,0,1
1551653480.2533514,958,1,0,1
1551653480.2694497,958,1,0,1
1551653480.2863803,958,1,0,1
1551653480.3033156,958,1,0,1
1551653480.3201823,958,1,0,1
1551653480.3360837,958,1,0,1
1551653480.35196,958,1,0,1
1551653480.3678143,958,1,0,1
1551653480.3837872,958,1,0,1
1551653480.3996754,958,1,0,1
1551653480.4156022,958,1,0,1
1551653480.4314215,958,1,0,1
1551653480.447396,958,1,0,1
1551653480.463397,958,1,0,1
1551653480.4801886,958,1,0,1
1551653480.496091,958,1,0,1
1551653480.512047,958,1,0,1
1551653480.5278444,958,1,0,1
1551653480.5438473,958,1,0,1
1551653480.5597184,958,1,0,1
1551653480.5757372,958,1,0,1
1551653480.5916264,958,1,0,1
1551653480.6075764,958,1,0,1
1551653480.6235554,958,1,0,1
1551653480.6394463,958,1,0,1
1551653480.6553953,958,1,0,1
1551653480.672324,958,1,0,1
1551653480.6891763,958,1,0,1
1551653480.7051663,958,1,0,1
1551653480.7211106,958,1,0,1
1551653480.7369945,958,1,0,1
1551653480.7533047,958,1,0,1
1551653480.7701206,958,1,0,1
1551653480.7860906,958,1,0,1
1551653480.802088,958,1,0,1
1551653480.8180394,958,1,0,1
1551653480.8340354,958,1,0,1
1551653480.8499541,958,1,0,1
1551653480.8659656,958,1,0,1
1551653480.8817992,958,1,0,1
1551653480.8976662,958,1,0,1
1551653480.9136548,958,1,0,1
1551653480.9298642,958,1,0,1
1551653480.9457245,958,1,0,1
1551653480.9615865,958,1,0,1
1551653480.9774566,958,1,0,1
1551653480.993397,958,1,0,1
1551653481.0102715,958,1,0,1
1551653481.0263133,958,1,0,1
1551653481.0432315,958,1,0,1
1551653481.0588026,958,1,0,1
1551653481.074808,958,1,0,1
1551653481.090725,958,1,0,1
1551653481.1070554,958,1,0,1
1551653481.1231067,958,1,0,1
1551653481.13902,958,1,0,1
1551653481.1550663,958,1,0,1
1551653481.171019,958,1,0,1
1551653481.186926,958,1,0,1
1551653481.2030132,958,1,0,1
1551653481.21894,958,1,0,1
1551653481.2350137,958,1,0,1
1551653481.2509634,958,1,0,1
1551653481.2669353,958,1,0,1
1551653481.283149,958,1,0,1
1551653481.2990234,958,1,0,1
1551653481.3150556,958,1,0,1
1551653481.3310018,958,1,0,1
1551653481.3468845,958,1,0,1
1551653481.3630817,958,1,0,1
1551653481.3789663,958,1,0,1
1551653481.3949451,958,1,0,1
1551653481.4108913,958,1,0,1
1551653481.4268813,958,1,0,1
1551653481.442401,958,1,0,1
1551653481.4588673,958,1,0,1
1551653481.4749105,958,1,0,1
1551653481.490814,958,1,0,1
1551653481.5067894,958,1,0,1
1551653481.523008,958,1,0,1
1551653481.539149,958,1,0,1
1551653481.555248,958,1,0,1
1551653481.5712821,958,1,0,1
1551653481.5883565,958,1,0,1
1551653481.6046882,958,1,0,1
1551653481.6208434,958,1,0,1
1551653481.6370645,958,1,0,1
1551653481.6532872,958,1,0,1
1551653481.6694634,958,1,0,1
1551653481.6855376,958,1,0,1
1551653481.701512,958,1,0,1
1551653481.717576,958,1,0,1
1551653481.7336771,958,1,0,1
1551653481.7496014,958,1,0,1
1551653481.7657874,958,1,0,1
1551653481.7817385,958,1,0,1
1551653481.797664,958,1,0,1
1551653481.8138034,958,1,0,1
1551653481.8297718,958,1,0,1
1551653481.8458028,958,1,0,1
1551653481.8618073,958,1,0,1
1551653481.8777626,958,1,0,1
1551653481.894211,958,1,0,1
1551653481.9102163,0,0,0,0
1551653481.9261024,0,0,0,0
1551653481.9420435,0,0,0,0
1551653481.9580529,0,0,0,0
1551653481.974285,0,0,0,0
1551653481.9911978,0,0,0,0
1551653482.006135,0,0,0,0
1551653482.0220075,0,0,0,0
1551653482.0378215,0,0,0,0
1551653482.0537956,0,0,0,0
1551653482.0697687,0,0,0,0
1551653482.0861251,0,0,0,0
1551653482.1022842,0,0,0,0
1551653482.1184564,0,0,0,0
1551653482.134751,0,0,0,0
1551653482.1508794,0,0,0,0
1551653482.1670299,0,0,0,0
1551653482.1823685,0,0,0,0
1551653482.1986349,0,0,0,0
1551653482.214888,0,0,0,0
1551653482.230664,0,0,0,0
1551653482.2464392,0,0,0,0
1551653482.2626255,0,0,0,0
1551653482.2784986,0,0,0,0
1551653482.2944138,0,0,0,0
1551653482.3112378,0,0,0,0
1551653482.3270645,0,0,0,0
1551653482.3429275,0,0,0,0
1551653482.3587153,0,0,0,0
1551653482.374553,0,0,0,0
1551653482.3906817,0,0,0,0
1551653482.4064772,0,0,0,0
1551653482.4223363,0,0,0,0
1551653482.4391468,0,0,0,0
1551653482.455002,0,0,0,0
1551653482.4707932,0,0,0,0
1551653482.4866168,0,0,0,0
1551653482.5025284,0,0,0,0
1551653482.518348,0,0,0,0
1551653482.5351923,0,0,0,0
1551653482.5510015,0,0,0,0
1551653482.5669734,0,0,0,0
1551653482.5831048,0,0,0,0
1551653482.5991414,0,0,0,0
1551653482.6147182,0,0,0,0
1551653482.6312232,0,0,0,0
1551653482.6466696,0,0,0,0
1551653482.6632378,0,0,0,0
1551653482.6787558,0,0,0,0
1551653482.6950605,0,0,0,0
1551653482.7105558,0,0,0,0
1551653482.7280476,0,0,0,0
1551653482.743646,0,0,0,0
1551653482.7596116,0,0,0,0
1551653482.7759178,0,0,0,0
1551653482.7922306,0,0,0,0
1551653482.7939658,0,1,0,0
1551653482.8252013,959,0,0,0
1551653486.0111074,959,1,1,0
1551653486.0437257,0,1,1,0
1551653486.0600567,0,1,1,0
1551653486.07601,0,1,1,0
1551653486.0943496,0,1,1,0
1551653486.115028,0,1,1,0
1551653486.1315694,0,1,1,0
1551653486.147712,0,1,1,0
1551653486.1639621,0,1,1,0
1551653486.1801481,0,1,1,0
1551653486.1964173,0,1,1,0
1551653486.2129111,0,1,1,0
1551653486.229114,0,1,1,0
1551653486.2454526,0,1,1,0
1551653486.2618043,0,1,1,0
1551653486.279316,0,1,1,0
1551653486.2966025,0,1,1,0
1551653486.3139596,0,1,1,0
1551653486.3313053,0,1,1,0
1551653486.3484285,0,1,1,0
1551653486.3657837,0,1,1,0
1551653486.3830674,0,1,1,0
1551653486.399993,0,1,1,0
1551653486.4165795,0,1,1,0
1551653486.4329507,0,1,1,0
1551653486.4492912,0,1,1,0
1551653486.4659758,0,1,1,0
1551653486.48328,0,1,1,0
1551653486.5007155,0,1,1,0
1551653486.517829,0,1,1,0
1551653486.535103,0,1,1,0
1551653486.552309,0,1,1,0
1551653486.568833,0,1,1,0
1551653486.5853124,0,1,1,0
1551653486.6021957,0,1,1,0
1551653486.618537,0,1,1,0
1551653486.6349564,0,1,1,0
1551653486.6515145,0,1,1,0
1551653486.6678302,0,1,1,0
1551653486.6843276,0,1,1,0
1551653486.7008364,0,1,1,0
1551653486.7179167,0,1,1,0
1551653486.733918,0,1,1,0
1551653486.7499323,0,1,1,0
1551653486.765909,0,1,1,0
1551653486.7820258,0,1,1,0
1551653486.7980866,0,1,1,0
1551653486.8141382,0,1,1,0
1551653486.830325,0,1,1,0
1551653486.8472915,0,1,1,0
1551653486.8642654,0,1,1,0
1551653486.881168,0,1,1,0
1551653486.8970244,0,1,1,0
1551653486.9129946,0,1,1,0
1551653486.9288886,0,1,1,0
1551653486.9448364,0,1,1,0
1551653486.9608989,0,1,1,0
1551653486.9768114,0,1,1,0
1551653486.9929821,0,1,1,0
1551653487.008911,0,1,1,0
1551653487.024931,0,1,1,0
1551653487.040983,0,1,1,0
1551653487.056896,0,1,1,0
1551653487.0728745,0,1,1,0
1551653487.0888102,0,1,1,0
1551653487.105101,0,1,1,0
1551653487.1213083,0,1,1,0
1551653487.1383293,0,1,1,0
1551653487.1544344,0,1,1,0
1551653487.170613,0,1,1,0
1551653487.1869097,0,1,1,0
1551653487.2030795,0,1,1,0
1551653487.2191021,0,1,1,0
1551653487.2351863,0,1,1,0
1551653487.2513494,0,1,1,0
1551653487.267382,0,1,1,0
1551653487.2835069,0,1,1,0
1551653487.2997377,0,1,1,0
1551653487.3179054,0,1,1,0
1551653487.3342373,0,1,1,0
1551653487.3502414,0,1,1,0
1551653487.3662472,0,1,1,0
1551653487.382312,0,1,1,0
1551653487.3985317,0,1,1,0
1551653487.4145594,0,1,1,0
1551653487.4306674,0,1,1,0
1551653487.4467213,0,1,1,0
1551653487.4626994,0,1,1,0
1551653487.4786096,0,1,1,0
1551653487.4946313,0,1,1,0
1551653487.510608,0,1,1,0
1551653487.5265994,0,1,1,0
1551653487.5426028,0,1,1,0
1551653487.558537,0,1,1,0
1551653487.574595,0,1,1,0
1551653487.5907145,0,1,1,0
1551653487.6068728,0,1,1,0
1551653487.6228678,0,1,1,0
1551653487.6388414,0,1,1,0
1551653487.6548014,0,1,1,0
1551653487.6709242,0,1,1,0
1551653487.6869397,0,1,1,0
1551653487.7033346,0,1,1,0
1551653487.721309,0,1,1,0
1551653487.7373834,0,1,1,0
1551653487.753847,0,1,1,0
1551653487.7699025,0,1,1,0
1551653487.7858732,0,1,1,0
1551653487.8019629,0,1,1,0
1551653487.8179584,0,1,1,0
1551653487.8339205,0,1,1,0
1551653487.8499014,0,1,1,0
1551653487.8659296,0,1,1,0
1551653487.8820527,0,1,1,0
1551653487.8980043,0,1,1,0
1551653487.9140108,0,1,1,0
1551653487.9300296,0,1,1,0
1551653487.9459956,0,1,1,0
1551653487.9620802,0,1,1,0
1551653487.9780219,0,1,1,0
1551653487.9939678,0,1,1,0
1551653488.0100243,0,1,1,0
1551653488.0259852,0,1,1,0
1551653488.0422497,0,1,1,0
1551653488.0583987,0,1,1,0
1551653488.0744002,0,1,1,0
1551653488.0904472,0,1,1,0
1551653488.1065097,0,1,1,0
1551653488.123191,0,1,1,0
1551653488.1420918,0,1,1,0
1551653488.1589215,0,1,1,0
1551653488.175491,0,1,1,0
1551653488.1921074,0,1,1,0
1551653488.2087643,0,1,1,0
1551653488.225312,0,1,1,0
1551653488.2419899,0,1,1,0
1551653488.258485,0,1,1,0
1551653488.2750752,0,1,1,0
1551653488.2917256,0,1,1,0
1551653488.3081865,0,1,1,0
1551653488.324861,0,1,1,0
1551653488.3414736,0,1,1,0
1551653488.3577538,0,1,1,0
1551653488.3735056,0,1,1,0
1551653488.3901854,0,1,1,0
1551653488.4059165,0,1,1,0
1551653488.4217496,0,1,1,0
1551653488.437425,0,1,1,0
1551653488.4541378,0,1,1,0
1551653488.4698162,0,1,1,0
1551653488.4855611,0,1,1,0
1551653488.501375,0,1,1,0
1551653488.5180452,0,1,1,0
1551653488.5337622,0,1,1,0
1551653488.5494351,0,1,1,0
1551653488.5654578,0,1,1,0
1551653488.58231,0,1,1,0
1551653488.5985045,0,1,1,0
1551653488.6165338,0,1,1,0
1551653488.6334136,0,1,1,0
1551653488.6505244,0,1,1,0
1551653488.6673498,0,1,1,0
1551653488.6842895,0,1,1,0
1551653488.701284,0,1,1,0
1551653488.7191267,0,1,1,0
1551653488.735972,0,1,1,0
1551653488.7525275,0,1,1,0
1551653488.7689853,0,1,1,0
1551653488.7855847,0,1,1,0
1551653488.8022816,0,1,1,0
1551653488.81873,0,1,1,0
1551653488.8352826,0,1,1,0
1551653488.8519282,0,1,1,0
1551653488.8687696,0,1,1,0
1551653488.8854465,0,1,1,0
1551653488.9020739,0,1,1,0
1551653488.918679,0,1,1,0
1551653488.9353352,0,1,1,0
1551653488.9519947,0,1,1,0
1551653488.968663,0,1,1,0
1551653488.985263,0,1,1,0
1551653489.0015147,0,1,1,0
1551653489.0179877,0,1,1,0
1551653489.0350575,0,1,1,0
1551653489.051973,0,1,1,0
1551653489.0684516,0,1,1,0
1551653489.0848672,0,1,1,0
1551653489.1008852,0,1,1,0
1551653489.11675,0,1,1,0
1551653489.132755,0,1,1,0
1551653489.148625,0,1,1,0
1551653489.1646905,0,1,1,0
1551653489.180716,0,1,1,0
1551653489.1965563,0,1,1,0
1551653489.2124987,0,1,1,0
1551653489.2287624,0,1,1,0
1551653489.2450833,0,1,1,0
1551653489.261667,0,1,1,0
1551653489.2783272,0,1,1,0
1551653489.2948923,0,1,1,0
1551653489.3112254,0,1,1,0
1551653489.327113,0,1,1,0
1551653489.3433065,0,1,1,0
1551653489.3594775,0,1,1,0
1551653489.3760512,0,1,1,0
1551653489.3933556,0,1,1,0
1551653489.409398,0,1,1,0
1551653489.4254236,0,1,1,0
1551653489.4415183,0,1,1,0
1551653489.4574156,0,1,1,0
1551653489.4736667,0,1,1,0
1551653489.4899988,0,1,1,0
1551653489.5060241,0,1,1,0
1551653489.5224,0,1,1,0
1551653489.5386603,0,1,1,0
1551653489.554689,0,1,1,0
1551653489.5710502,0,1,1,0
1551653489.587167,0,1,1,0
1551653489.6032615,0,1,1,0
1551653489.619347,0,1,1,0
1551653489.6354635,0,1,1,0
1551653489.6516342,0,1,1,0
1551653489.6676078,0,1,1,0