All stim.
[957, 958, 959, 960, 961, 962, 963, 964]
Reward stim.
[957, 959, 961, 963]
PiReceivePC sync.
1552340725.886055
PiSendPC sync.
1552340725.8861434
time,whichstim,iftouch,ifreward,ifout
1552340725.886252,0,0,0,0
1552340725.9173207,0,0,0,0
1552340725.9343781,0,0,0,0
1552340725.9512722,0,0,0,0
1552340725.9683034,0,0,0,0
1552340725.9864118,0,0,0,0
1552340726.0041614,0,0,0,0
1552340726.021847,0,0,0,0
1552340726.0397532,0,0,0,0
1552340726.0574083,0,0,0,0
1552340726.0756705,0,0,0,0
1552340726.0933852,0,0,0,0
1552340726.1111958,0,0,0,0
1552340726.1291587,0,0,0,0
1552340726.1467538,0,0,0,0
1552340726.164506,0,0,0,0
1552340726.1826081,0,0,0,0
1552340726.2004018,0,0,0,0
1552340726.2181952,0,0,0,0
1552340726.2361085,0,0,0,0
1552340726.2537434,0,0,0,0
1552340726.2713218,0,0,0,0
1552340726.2890804,0,0,0,0
1552340726.3066065,0,0,0,0
1552340726.3241134,0,0,0,0
1552340726.3440676,0,0,0,0
1552340726.360958,0,1,0,0
1552340726.3612018,958,0,0,0
1552340726.3978329,958,0,0,0
1552340726.4133089,958,0,0,0
1552340726.4292178,958,0,0,0
1552340726.445683,958,0,0,0
1552340726.4612923,958,0,0,0
1552340726.4807513,958,0,0,0
1552340726.4962764,958,0,0,0
1552340726.5126762,958,0,0,0
1552340726.5284483,958,0,0,0
1552340726.544196,958,0,0,0
1552340726.560906,958,0,0,0
1552340726.57743,958,0,0,0
1552340726.5938568,958,0,0,0
1552340726.6105256,958,0,0,0
1552340726.6261878,958,0,0,0
1552340726.6426532,958,0,0,0
1552340726.6582696,958,0,0,0
1552340726.6742795,958,0,0,0
1552340726.6903398,958,0,0,0
1552340726.7061238,958,0,0,0
1552340726.7227166,958,0,0,0
1552340726.7383692,958,0,0,0
1552340726.7542274,958,0,0,0
1552340726.7707443,958,0,0,0
1552340726.7863753,958,0,0,0
1552340726.8022788,958,0,0,0
1552340726.8189466,958,0,0,0
1552340726.8353443,958,0,0,0
1552340726.8518388,958,0,0,0
1552340726.8683937,958,0,0,0
1552340726.8848064,958,0,0,0
1552340726.9013515,958,0,0,0
1552340726.9179032,958,0,0,0
1552340726.9344099,958,0,0,0
1552340726.950304,958,0,0,0
1552340726.9698453,958,0,0,0
1552340726.984565,958,0,0,0
1552340727.0009968,958,0,0,0
1552340727.0167615,958,0,0,0
1552340727.0323627,958,0,0,0
1552340727.0489163,958,0,0,0
1552340727.0653489,958,0,0,0
1552340727.0818884,958,0,0,0
1552340727.0983436,958,0,0,0
1552340727.1148076,958,0,0,0
1552340727.1306298,958,0,0,0
1552340727.148318,958,1,0,0
1552340727.148485,958,0,0,1
1552340727.1628501,958,0,0,1
1552340727.1791306,958,0,0,1
1552340727.195253,958,0,0,1
1552340727.2115762,958,0,0,1
1552340727.2278597,958,0,0,1
1552340727.2440848,958,0,0,1
1552340727.2603369,958,0,0,1
1552340727.2766063,958,0,0,1
1552340727.29198,958,0,0,1
1552340727.3082852,958,0,0,1
1552340727.3245428,958,0,0,1
1552340727.340738,958,0,0,1
1552340727.3562648,958,0,0,1
1552340727.3725173,958,0,0,1
1552340727.387916,958,0,0,1
1552340727.4042084,958,0,0,1
1552340727.420414,958,0,0,1
1552340727.436561,958,0,0,1
1552340727.452685,958,0,0,1
1552340727.4685142,958,0,0,1
1552340727.4839993,958,0,0,1
1552340727.5000405,958,0,0,1
1552340727.516122,958,0,0,1
1552340727.5324638,958,0,0,1
1552340727.5485528,958,0,0,1
1552340727.5646553,958,0,0,1
1552340727.5807557,958,0,0,1
1552340727.5961046,958,0,0,1
1552340727.6124384,958,0,0,1
1552340727.6286075,958,0,0,1
1552340727.6446953,958,0,0,1
1552340727.6604161,958,0,0,1
1552340727.67642,958,0,0,1
1552340727.6925185,958,0,0,1
1552340727.7085876,958,0,0,1
1552340727.7247276,958,0,0,1
1552340727.7408538,958,0,0,1
1552340727.756988,958,0,0,1
1552340727.773144,958,0,0,1
1552340727.7892303,958,0,0,1
1552340727.8052268,958,0,0,1
1552340727.8214977,958,0,0,1
1552340727.837625,958,0,0,1
1552340727.8536692,958,0,0,1
1552340727.8697906,958,0,0,1
1552340727.885843,958,0,0,1
1552340727.901028,958,0,0,1
1552340727.917224,958,0,0,1
1552340727.9334407,958,0,0,1
1552340727.9496505,958,0,0,1
1552340727.9651184,958,0,0,1
1552340727.9810638,958,0,0,1
1552340727.9971964,958,0,0,1
1552340728.0122864,958,0,0,1
1552340728.028566,958,0,0,1
1552340728.044822,958,0,0,1
1552340728.0608764,958,0,0,1
1552340728.0770583,958,0,0,1
1552340728.0931776,958,0,0,1
1552340728.1093285,958,0,0,1
1552340728.1254234,958,0,0,1
1552340728.1415966,958,0,0,1
1552340728.1577356,958,0,0,1
1552340728.1739006,958,0,0,1
1552340728.1900053,958,0,0,1
1552340728.2060099,958,0,0,1
1552340728.2222652,958,0,0,1
1552340728.2384393,958,0,0,1
1552340728.254515,958,0,0,1
1552340728.2708292,958,0,0,1
1552340728.286942,958,0,0,1
1552340728.303189,958,0,0,1
1552340728.3192997,958,0,0,1
1552340728.3353333,958,0,0,1
1552340728.3514802,958,0,0,1
1552340728.3675807,958,0,0,1
1552340728.3837008,958,0,0,1
1552340728.3998706,958,0,0,1
1552340728.415883,958,0,0,1
1552340728.4321082,958,0,0,1
1552340728.4481661,958,0,0,1
1552340728.4642582,958,0,0,1
1552340728.480661,958,0,0,1
1552340728.4961255,958,0,0,1
1552340728.5126872,958,0,0,1
1552340728.528038,958,0,0,1
1552340728.544372,958,0,0,1
1552340728.5606556,958,0,0,1
1552340728.5761168,958,0,0,1
1552340728.5925455,958,0,0,1
1552340728.608915,958,0,0,1
1552340728.6254377,958,0,0,1
1552340728.641787,958,0,0,1
1552340728.6571896,958,0,0,1
1552340728.673572,958,0,0,1
1552340728.6899266,958,0,0,1
1552340728.7062244,958,0,0,1
1552340728.7225146,958,0,0,1
1552340728.7390258,958,0,0,1
1552340728.755331,958,0,0,1
1552340728.7716606,958,0,0,1
1552340728.7871187,958,0,0,1
1552340728.8034701,958,0,0,1
1552340728.8190851,958,0,0,1
1552340728.8353605,958,0,0,1
1552340728.8517044,958,0,0,1
1552340728.8680503,958,0,0,1
1552340728.8844874,958,0,0,1
1552340728.9007382,958,0,0,1
1552340728.9160957,958,0,0,1
1552340728.9325502,958,0,0,1
1552340728.9489174,958,0,0,1
1552340728.9652176,958,0,0,1
1552340728.981095,958,0,0,1
1552340728.9974637,958,0,0,1
1552340729.0127277,958,0,0,1
1552340729.0280476,958,0,0,1
1552340729.0443614,958,0,0,1
1552340729.0606518,958,0,0,1
1552340729.0760033,958,0,0,1
1552340729.0923972,958,0,0,1
1552340729.1086898,958,0,0,1
1552340729.1242235,958,0,0,1
1552340729.1406074,958,0,0,1
1552340729.1559806,958,0,0,1
1552340729.1723106,958,0,0,1
1552340729.1887538,958,0,0,1
1552340729.204072,958,0,0,1
1552340729.220374,958,0,0,1
1552340729.2367642,958,0,0,1
1552340729.2521093,958,0,0,1
1552340729.268385,958,0,0,1
1552340729.284449,958,0,0,1
1552340729.3006887,958,0,0,1
1552340729.316818,958,0,0,1
1552340729.331919,958,0,0,1
1552340729.3481665,958,0,0,1
1552340729.3644335,958,0,0,1
1552340729.3806043,958,0,0,1
1552340729.3967602,958,0,0,1
1552340729.4119012,958,0,0,1
1552340729.4282594,958,0,0,1
1552340729.4440608,958,0,0,1
1552340729.4607217,958,0,0,1
1552340729.4764037,958,0,0,1
1552340729.4920924,958,0,0,1
1552340729.5083492,958,0,0,1
1552340729.5247102,958,0,0,1
1552340729.540056,958,0,0,1
1552340729.556248,958,0,0,1
1552340729.5725386,958,0,0,1
1552340729.5888643,958,0,0,1
1552340729.6051657,958,0,0,1
1552340729.6215138,958,0,0,1
1552340729.637752,958,0,0,1
1552340729.6530457,958,0,0,1
1552340729.6692963,958,0,0,1
1552340729.6854973,958,0,0,1
1552340729.7017028,958,0,0,1
1552340729.7169123,958,0,0,1
1552340729.7334244,958,0,0,1
1552340729.7494574,958,0,0,1
1552340729.765446,958,0,0,1
1552340729.7815285,958,0,0,1
1552340729.7976208,958,0,0,1
1552340729.8136954,958,0,0,1
1552340729.8296762,958,0,0,1
1552340729.8458297,958,0,0,1
1552340729.8628845,958,0,0,1
1552340729.879855,958,0,0,1
1552340729.896809,958,0,0,1
1552340729.9129736,958,0,0,1
1552340729.9289818,958,0,0,1
1552340729.9449255,958,0,0,1
1552340729.9619327,958,0,0,1
1552340729.9779546,958,0,0,1
1552340729.9939938,958,0,0,1
1552340730.0100048,958,0,0,1
1552340730.0260558,958,0,0,1
1552340730.0426862,958,0,0,1
1552340730.0588043,958,0,0,1
1552340730.07478,958,0,0,1
1552340730.0908418,958,0,0,1
1552340730.1070552,958,0,0,1
1552340730.1232796,958,0,0,1
1552340730.139333,958,0,0,1
1552340730.1554604,958,0,0,1
1552340730.171647,958,0,0,1
1552340730.1878498,958,0,0,1
1552340730.2039514,958,0,0,1
1552340730.2199385,958,0,0,1
1552340730.2361965,958,0,0,1
1552340730.2526846,958,0,0,1
1552340730.2680187,958,0,0,1
1552340730.28427,958,0,0,1
1552340730.3005438,958,0,0,1
1552340730.3166559,958,0,0,1
1552340730.3329153,958,0,0,1
1552340730.349315,958,0,0,1
1552340730.365317,958,0,0,1
1552340730.381357,958,0,0,1
1552340730.3973837,958,0,0,1
1552340730.4134402,958,0,0,1
1552340730.4294243,958,0,0,1
1552340730.445823,958,0,0,1
1552340730.4628317,958,0,0,1
1552340730.4797113,958,0,0,1
1552340730.495533,958,0,0,1
1552340730.5115383,958,0,0,1
1552340730.5275083,958,0,0,1
1552340730.5435245,958,0,0,1
1552340730.5597875,958,0,0,1
1552340730.5757504,958,0,0,1
1552340730.5918179,958,0,0,1
1552340730.6078322,958,0,0,1
1552340730.6238134,958,0,0,1
1552340730.6407363,958,0,0,1
1552340730.6566637,958,0,0,1
1552340730.6727035,958,0,0,1
1552340730.6886575,958,0,0,1
1552340730.704634,958,0,0,1
1552340730.7206135,958,0,0,1
1552340730.7365742,958,0,0,1
1552340730.7525406,958,0,0,1
1552340730.768501,958,0,0,1
1552340730.7845287,958,0,0,1
1552340730.8004367,958,0,0,1
1552340730.8163857,958,0,0,1
1552340730.8323681,958,0,0,1
1552340730.848363,958,0,0,1
1552340730.8657439,958,0,0,1
1552340730.8817277,958,0,0,1
1552340730.8976624,958,0,0,1
1552340730.9136531,958,0,0,1
1552340730.9295814,958,0,0,1
1552340730.9454834,958,0,0,1
1552340730.961469,958,0,0,1
1552340730.977451,958,0,0,1
1552340730.993464,958,0,0,1
1552340731.0093882,958,0,0,1
1552340731.0253558,958,0,0,1
1552340731.0413816,958,0,0,1
1552340731.057338,958,0,0,1
1552340731.0733883,958,0,0,1
1552340731.0893872,958,0,0,1
1552340731.105301,958,0,0,1
1552340731.121361,958,0,0,1
1552340731.1373363,958,0,0,1
1552340731.1533587,958,0,0,1
1552340731.169642,958,0,0,1
1552340731.1855478,958,0,0,1
1552340731.2015812,958,0,0,1
1552340731.2175004,958,0,0,1
1552340731.2335014,958,0,0,1
1552340731.2493963,958,0,0,1
1552340731.2652922,958,0,0,1
1552340731.2813363,958,0,0,1
1552340731.2972832,958,0,0,1
1552340731.3132634,958,0,0,1
1552340731.329223,958,0,0,1
1552340731.3451688,958,0,0,1
1552340731.3611267,958,0,0,1
1552340731.3771257,958,0,0,1
1552340731.3931432,958,0,0,1
1552340731.4091015,958,0,0,1
1552340731.425174,958,0,0,1
1552340731.4411917,958,0,0,1
1552340731.4571486,958,0,0,1
1552340731.4731581,958,0,0,1
1552340731.489401,958,0,0,1
1552340731.5053337,958,0,0,1
1552340731.521311,958,0,0,1
1552340731.5373397,958,0,0,1
1552340731.553346,958,0,0,1
1552340731.569265,958,0,0,1
1552340731.5852408,958,0,0,1
1552340731.6012669,958,0,0,1
1552340731.617174,958,0,0,1
1552340731.6332183,958,0,0,1
1552340731.649139,958,0,0,1
1552340731.6650074,958,0,0,1
1552340731.6809907,958,0,0,1
1552340731.6969907,958,0,0,1
1552340731.7130203,958,0,0,1
1552340731.7293756,958,0,0,1
1552340731.745326,958,0,0,1
1552340731.7613857,958,0,0,1
1552340731.777331,958,0,0,1
1552340731.7933726,958,0,0,1
1552340731.8093286,958,0,0,1
1552340731.825251,958,0,0,1
1552340731.8413138,958,0,0,1
1552340731.8573246,958,0,0,1
1552340731.873408,958,0,0,1
1552340731.889348,958,0,0,1
1552340731.9052727,958,0,0,1
1552340731.9212792,958,0,0,1
1552340731.9372993,958,0,0,1
1552340731.953329,958,0,0,1
1552340731.9692945,958,0,0,1
1552340731.9853756,958,0,0,1
1552340732.001387,958,0,0,1
1552340732.017361,958,0,0,1
1552340732.0336533,958,0,0,1
1552340732.0496395,958,0,0,1
1552340732.0655205,958,0,0,1
1552340732.0814714,958,0,0,1
1552340732.097538,958,0,0,1
1552340732.113532,958,0,0,1
1552340732.129467,958,0,0,1
1552340732.145441,958,0,0,1
1552340732.1614501,958,0,0,1
1552340732.1774387,958,0,0,1
1552340732.1934686,958,0,0,1
1552340732.2094553,958,0,0,1
1552340732.225359,958,0,0,1
1552340732.241415,958,0,0,1
1552340732.2573786,958,0,0,1
1552340732.2733977,958,0,0,1
1552340732.2895896,958,0,0,1
1552340732.3055267,958,0,0,1
1552340732.321533,958,0,0,1
1552340732.3376613,958,0,0,1
1552340732.3536878,958,0,0,1
1552340732.3696105,958,0,0,1
1552340732.3855093,958,0,0,1
1552340732.4015625,958,0,0,1
1552340732.4175584,958,0,0,1
1552340732.433526,958,0,0,1
1552340732.4494824,958,0,0,1
1552340732.4653773,958,0,0,1
1552340732.481396,958,0,0,1
1552340732.4973862,958,0,0,1
1552340732.5134075,958,0,0,1
1552340732.5293343,958,0,0,1
1552340732.5453012,958,0,0,1
1552340732.5613053,958,0,0,1
1552340732.5772645,958,0,0,1
1552340732.593553,958,0,0,1
1552340732.6095145,958,0,0,1
1552340732.6254373,958,0,0,1
1552340732.6414633,958,0,0,1
1552340732.6574569,958,0,0,1
1552340732.6734684,958,0,0,1
1552340732.689384,958,0,0,1
1552340732.7053618,958,0,0,1
1552340732.721385,958,0,0,1
1552340732.7373092,958,0,0,1
1552340732.7533724,958,0,0,1
1552340732.769372,958,0,0,1
1552340732.785327,958,0,0,1
1552340732.8013837,958,0,0,1
1552340732.8173413,958,0,0,1
1552340732.8333278,958,0,0,1
1552340732.849539,958,0,0,1
1552340732.8664596,958,0,0,1
1552340732.8825717,958,0,0,1
1552340732.8986962,958,0,0,1
1552340732.9146929,958,0,0,1
1552340732.9306214,958,0,0,1
1552340732.9459908,958,0,0,1
1552340732.962035,958,0,0,1
1552340732.9780266,958,0,0,1
1552340732.9941251,958,0,0,1
1552340733.0101533,958,0,0,1
1552340733.0261176,958,0,0,1
1552340733.0421522,958,0,0,1
1552340733.0582013,958,0,0,1
1552340733.074234,958,0,0,1
1552340733.0901759,958,0,0,1
1552340733.1061614,958,0,0,1
1552340733.122213,958,0,0,1
1552340733.138164,958,0,0,1
1552340733.154275,0,0,0,0
1552340733.186031,0,0,0,0
1552340733.2031393,0,0,0,0
1552340733.2200537,0,0,0,0
1552340733.2368922,0,0,0,0
1552340733.2543101,0,0,0,0
1552340733.2712312,0,0,0,0
1552340733.288305,0,0,0,0
1552340733.3054473,0,0,0,0
1552340733.3222747,0,0,0,0
1552340733.3391573,0,0,0,0
1552340733.3563528,0,0,0,0
1552340733.3735113,0,0,0,0
1552340733.3907042,0,0,0,0
1552340733.40779,0,0,0,0
1552340733.4246633,0,0,0,0
1552340733.441482,0,0,0,0
1552340733.4586313,0,0,0,0
1552340733.4755445,0,0,0,0
1552340733.4924717,0,0,0,0
1552340733.5094876,0,0,0,0
1552340733.5264332,0,0,0,0
1552340733.5433397,0,0,0,0
1552340733.5601432,0,0,0,0
1552340733.577089,0,0,0,0
1552340733.5939226,0,0,0,0
1552340733.6109593,0,0,0,0
1552340733.6277769,0,0,0,0
1552340733.644698,0,0,0,0
1552340733.661778,0,0,0,0
1552340733.678694,0,0,0,0
1552340733.695956,0,0,0,0
1552340733.7158058,0,1,0,0
1552340733.7159781,960,0,0,0
1552340733.7477005,960,0,0,0
1552340733.763598,960,0,0,0
1552340733.7794068,960,0,0,0
1552340733.7959547,960,0,0,0
1552340733.8126774,960,0,0,0
1552340733.8282065,960,0,0,0
1552340733.8446913,960,0,0,0
1552340733.861303,960,0,0,0
1552340733.8777783,960,0,0,0
1552340733.8932636,960,0,0,0
1552340733.9098866,960,0,0,0
1552340733.9263287,960,0,0,0
1552340733.9428906,960,0,0,0
1552340733.9595838,960,0,0,0
1552340733.9751174,960,0,0,0
1552340733.9917665,960,0,0,0
1552340734.006747,960,0,0,0
1552340734.0225685,960,0,0,0
1552340734.0380993,960,0,0,0
1552340734.0545652,960,0,0,0
1552340734.0702858,960,0,0,0
1552340734.0867126,960,0,0,0
1552340734.1022959,960,0,0,0
1552340734.1180031,960,0,0,0
1552340734.134511,960,0,0,0
1552340734.1499856,960,0,0,0
1552340734.1665695,960,0,0,0
1552340734.1821675,960,0,0,0
1552340734.198685,960,0,0,0
1552340734.2143831,960,0,0,0
1552340734.2308202,960,0,0,0
1552340734.247314,960,0,0,0
1552340734.263013,960,0,0,0
1552340734.279547,960,0,0,0
1552340734.2951899,960,0,0,0
1552340734.3118577,960,0,0,0
1552340734.3285158,960,0,0,0
1552340734.3440332,960,0,0,0
1552340734.3604755,960,0,0,0
1552340734.375958,960,0,0,0
1552340734.3925335,960,0,0,0
1552340734.4080799,960,0,0,0
1552340734.4248142,960,0,0,0
1552340734.44029,960,0,0,0
1552340734.4567425,960,0,0,0
1552340734.4725344,960,0,0,0
1552340734.4879634,960,0,0,0
1552340734.5044436,960,0,0,0
1552340734.5211816,960,1,0,0
1552340734.5213397,960,0,0,1
1552340734.5363462,960,0,0,1
1552340734.5525808,960,0,0,1
1552340734.568623,960,0,0,1
1552340734.5847762,960,0,0,1
1552340734.6000197,960,0,0,1
1552340734.6162782,960,0,0,1
1552340734.6324377,960,0,0,1
1552340734.6485174,960,0,0,1
1552340734.6646006,960,0,0,1
1552340734.6808197,960,0,0,1
1552340734.6979003,960,0,0,1
1552340734.714016,960,0,0,1
1552340734.7303805,960,0,0,1
1552340734.7464888,960,0,0,1
1552340734.7626262,960,0,0,1
1552340734.7781382,960,0,0,1
1552340734.79415,960,0,0,1
1552340734.81008,960,0,0,1
1552340734.82599,960,0,0,1
1552340734.842057,960,0,0,1
1552340734.8580608,960,0,0,1
1552340734.8740172,960,0,0,1
1552340734.8899388,960,0,0,1
1552340734.9068108,960,0,0,1
1552340734.9238462,960,0,0,1
1552340734.9407697,960,0,0,1
1552340734.9566877,960,0,0,1
1552340734.9726868,960,0,0,1
1552340734.9888585,960,0,0,1
1552340735.0039535,960,0,0,1
1552340735.0199564,960,0,0,1
1552340735.0360675,960,0,0,1
1552340735.0522482,960,0,0,1
1552340735.068344,960,0,0,1
1552340735.084699,960,0,0,1
1552340735.1002953,960,0,0,1
1552340735.1162822,960,0,0,1
1552340735.1327395,960,0,0,1
1552340735.1487725,960,0,0,1
1552340735.1647718,960,0,0,1
1552340735.1807141,960,0,0,1
1552340735.1967292,960,0,0,1
1552340735.2127619,960,0,0,1
1552340735.2287996,960,0,0,1
1552340735.2448337,960,0,0,1
1552340735.2618449,960,0,0,1
1552340735.278911,960,0,0,1
1552340735.295874,960,0,0,1
1552340735.3119128,960,0,0,1
1552340735.3279464,960,0,0,1
1552340735.3440292,960,0,0,1
1552340735.3600278,960,0,0,1
1552340735.3760839,960,0,0,1
1552340735.392168,960,0,0,1
1552340735.4082284,960,0,0,1
1552340735.4242527,960,0,0,1
1552340735.4403417,960,0,0,1
1552340735.4563665,960,0,0,1
1552340735.472459,960,0,0,1
1552340735.4879537,960,0,0,1
1552340735.504108,960,0,0,1
1552340735.5205085,960,0,0,1
1552340735.53652,960,0,0,1
1552340735.5526729,960,0,0,1
1552340735.5689332,960,0,0,1
1552340735.584998,960,0,0,1
1552340735.6011732,960,0,0,1
1552340735.6172369,960,0,0,1
1552340735.6333933,960,0,0,1
1552340735.649451,960,0,0,1
1552340735.6655629,960,0,0,1
1552340735.681694,960,0,0,1
1552340735.6978729,960,0,0,1
1552340735.71408,960,0,0,1
1552340735.7301462,960,0,0,1
1552340735.7462418,960,0,0,1
1552340735.7623844,960,0,0,1
1552340735.7785232,960,0,0,1
1552340735.7947984,960,0,0,1
1552340735.8099372,960,0,0,1
1552340735.8263664,960,0,0,1
1552340735.8420134,960,0,0,1
1552340735.8582587,960,0,0,1
1552340735.8744416,960,0,0,1
1552340735.8904545,960,0,0,1
1552340735.9065678,960,0,0,1
1552340735.922763,960,0,0,1
1552340735.9379249,960,0,0,1
1552340735.9541037,960,0,0,1
1552340735.9702063,960,0,0,1
1552340735.9863148,960,0,0,1
1552340736.0025516,960,0,0,1
1552340736.018915,960,0,0,1
1552340736.034996,960,0,0,1
1552340736.0514376,960,0,0,1
1552340736.0675967,960,0,0,1
1552340736.083777,960,0,0,1
1552340736.0991926,960,0,0,1
1552340736.1153588,960,0,0,1
1552340736.1309435,960,0,0,1
1552340736.147079,960,0,0,1
1552340736.1633317,960,0,0,1
1552340736.179515,960,0,0,1
1552340736.195526,960,0,0,1
1552340736.2117345,960,0,0,1
1552340736.226979,960,0,0,1
1552340736.243153,960,0,0,1
1552340736.2593124,960,0,0,1
1552340736.2753725,960,0,0,1
1552340736.2915783,960,0,0,1
1552340736.3078685,960,0,0,1
1552340736.3240106,960,0,0,1
1552340736.3400407,960,0,0,1
1552340736.356087,960,0,0,1
1552340736.3722665,960,0,0,1
1552340736.3885586,960,0,0,1
1552340736.4039545,960,0,0,1
1552340736.4201007,960,0,0,1
1552340736.4365144,960,0,0,1
1552340736.4520688,960,0,0,1
1552340736.4683313,960,0,0,1
1552340736.484484,960,0,0,1
1552340736.500526,960,0,0,1
1552340736.5166407,960,0,0,1
1552340736.5328078,960,0,0,1
1552340736.5479677,960,0,0,1
1552340736.5641713,960,0,0,1
1552340736.5802724,960,0,0,1
1552340736.596322,960,0,0,1
1552340736.6125028,960,0,0,1
1552340736.6286836,960,0,0,1
1552340736.6446989,960,0,0,1
1552340736.6607816,960,0,0,1
1552340736.6759443,960,0,0,1
1552340736.6921484,960,0,0,1
1552340736.7086635,960,0,0,1
1552340736.7248356,960,0,0,1
1552340736.7413337,960,0,0,1
1552340736.7570534,960,0,0,1
1552340736.773224,960,0,0,1
1552340736.7893748,960,0,0,1
1552340736.8053954,960,0,0,1
1552340736.8215868,960,0,0,1
1552340736.837802,960,0,0,1
1552340736.8528967,960,0,0,1
1552340736.869142,960,0,0,1
1552340736.8852513,960,0,0,1
1552340736.9013522,960,0,0,1
1552340736.9176092,960,0,0,1
1552340736.933755,960,0,0,1
1552340736.94985,960,0,0,1
1552340736.9659195,960,0,0,1
1552340736.9821389,960,0,0,1
1552340736.9988232,960,0,0,1
1552340737.0129194,960,0,0,1
1552340737.0291095,960,0,0,1
1552340737.0454464,960,0,0,1
1552340737.061864,960,0,0,1
1552340737.0780232,960,0,0,1
1552340737.0940647,960,0,0,1
1552340737.1100905,960,0,0,1
1552340737.1261318,960,0,0,1
1552340737.1422942,960,0,0,1
1552340737.158548,960,0,0,1
1552340737.1747446,960,0,0,1
1552340737.1899037,960,0,0,1
1552340737.205978,960,0,0,1
1552340737.2221193,960,0,0,1
1552340737.2383502,960,0,0,1
1552340737.2544832,960,0,0,1
1552340737.2705421,960,0,0,1
1552340737.2866552,960,0,0,1
1552340737.3027658,960,0,0,1
1552340737.3180785,960,0,0,1
1552340737.3342516,960,0,0,1
1552340737.3505802,960,0,0,1
1552340737.366104,960,0,0,1
1552340737.3822675,960,0,0,1
1552340737.3985121,960,0,0,1
1552340737.4146576,960,0,0,1
1552340737.4307187,960,0,0,1
1552340737.4468193,960,0,0,1
1552340737.46195,960,0,0,1
1552340737.4781847,960,0,0,1
1552340737.4942558,960,0,0,1
1552340737.510316,960,0,0,1
1552340737.5263653,960,0,0,1
1552340737.5425096,960,0,0,1
1552340737.5586288,960,0,0,1
1552340737.5747373,960,0,0,1
1552340737.5908582,960,0,0,1
1552340737.6070538,960,0,0,1
1552340737.6232011,960,0,0,1
1552340737.6392448,960,0,0,1
1552340737.6555374,960,0,0,1
1552340737.6711001,960,0,0,1
1552340737.6872978,960,0,0,1
1552340737.7034438,960,0,0,1
1552340737.719457,960,0,0,1
1552340737.7354984,960,0,0,1
1552340737.751713,960,0,0,1
1552340737.7678661,960,0,0,1
1552340737.7840137,960,0,0,1
1552340737.8001542,960,0,0,1
1552340737.81621,960,0,0,1
1552340737.8323662,960,0,0,1
1552340737.8484933,960,0,0,1
1552340737.8656085,960,0,0,1
1552340737.881802,960,0,0,1
1552340737.8971276,960,0,0,1
1552340737.9131877,960,0,0,1
1552340737.929339,960,0,0,1
1552340737.945555,960,0,0,1
1552340737.9618504,960,0,0,1
1552340737.9779797,960,0,0,1
1552340737.9941082,960,0,0,1
1552340738.0102587,960,0,0,1
1552340738.026598,960,0,0,1
1552340738.0427873,960,0,0,1
1552340738.058993,960,0,0,1
1552340738.0750415,960,0,0,1
1552340738.0912018,960,0,0,1
1552340738.1073093,960,0,0,1
1552340738.123392,960,0,0,1
1552340738.139638,960,0,0,1
1552340738.1557825,960,0,0,1
1552340738.1710129,960,0,0,1
1552340738.1871357,960,0,0,1
1552340738.203341,960,0,0,1
1552340738.2195706,960,0,0,1
1552340738.23571,960,0,0,1
1552340738.2508883,960,0,0,1
1552340738.2671473,960,0,0,1
1552340738.2835174,960,0,0,1
1552340738.2997437,960,0,0,1
1552340738.3158383,960,0,0,1
1552340738.3325129,960,0,0,1
1552340738.348611,960,0,0,1
1552340738.3647563,960,0,0,1
1552340738.3799336,960,0,0,1
1552340738.3961759,960,0,0,1
1552340738.4123898,960,0,0,1
1552340738.4285522,960,0,0,1
1552340738.4448147,960,0,0,1
1552340738.4608867,960,0,0,1
1552340738.4769948,960,0,0,1
1552340738.4932644,960,0,0,1
1552340738.5094714,960,0,0,1
1552340738.5254915,960,0,0,1
1552340738.5416768,960,0,0,1
1552340738.5570135,960,0,0,1
1552340738.573227,960,0,0,1
1552340738.5893269,960,0,0,1
1552340738.6054118,960,0,0,1
1552340738.6216424,960,0,0,1
1552340738.6369355,960,0,0,1
1552340738.6531177,960,0,0,1
1552340738.6692765,960,0,0,1
1552340738.6853735,960,0,0,1
1552340738.7015889,960,0,0,1
1552340738.7177048,960,0,0,1
1552340738.73383,960,0,0,1
1552340738.7501225,960,0,0,1
1552340738.766275,960,0,0,1
1552340738.7823873,960,0,0,1
1552340738.7985566,960,0,0,1
1552340738.8147833,960,0,0,1
1552340738.83079,960,0,0,1
1552340738.8478534,960,0,0,1
1552340738.8651052,960,0,0,1
1552340738.8810983,960,0,0,1
1552340738.8972862,960,0,0,1
1552340738.9134588,960,0,0,1
1552340738.9295492,960,0,0,1
1552340738.9456959,960,0,0,1
1552340738.9617944,960,0,0,1
1552340738.97699,960,0,0,1
1552340738.9931917,960,0,0,1
1552340739.0094223,960,0,0,1
1552340739.0254602,960,0,0,1
1552340739.0418692,960,0,0,1
1552340739.0580695,960,0,0,1
1552340739.0743537,960,0,0,1
1552340739.0904613,960,0,0,1
1552340739.106574,960,0,0,1
1552340739.122749,960,0,0,1
1552340739.1379032,960,0,0,1
1552340739.154082,960,0,0,1
1552340739.1701598,960,0,0,1
1552340739.1861997,960,0,0,1
1552340739.2023664,960,0,0,1
1552340739.218492,960,0,0,1
1552340739.2345965,960,0,0,1
1552340739.2508264,960,0,0,1
1552340739.2672343,960,0,0,1
1552340739.2834136,960,0,0,1
1552340739.2995555,960,0,0,1
1552340739.3156753,960,0,0,1
1552340739.3318393,960,0,0,1
1552340739.3484156,960,0,0,1
1552340739.3645644,960,0,0,1
1552340739.3807414,960,0,0,1
1552340739.3964255,960,0,0,1
1552340739.412556,960,0,0,1
1552340739.4287658,960,0,0,1
1552340739.4448195,960,0,0,1
1552340739.4610858,960,0,0,1
1552340739.4775307,960,0,0,1
1552340739.493738,960,0,0,1
1552340739.5098836,960,0,0,1
1552340739.5260108,960,0,0,1
1552340739.542087,960,0,0,1
1552340739.558216,960,0,0,1
1552340739.5743911,960,0,0,1
1552340739.590582,960,0,0,1
1552340739.6065996,960,0,0,1
1552340739.6227653,960,0,0,1
1552340739.6389437,960,0,0,1
1552340739.6550279,960,0,0,1
1552340739.6711798,960,0,0,1
1552340739.687813,960,0,0,1
1552340739.7029724,960,0,0,1
1552340739.7191145,960,0,0,1
1552340739.735076,960,0,0,1
1552340739.7512527,960,0,0,1
1552340739.7673497,960,0,0,1
1552340739.783696,960,0,0,1
1552340739.7998025,960,0,0,1
1552340739.8168,960,0,0,1
1552340739.8329,960,0,0,1
1552340739.8490252,960,0,0,1
1552340739.8660147,960,0,0,1
1552340739.882114,960,0,0,1
1552340739.8982394,960,0,0,1
1552340739.9143121,960,0,0,1
1552340739.9303997,960,0,0,1
1552340739.9464946,960,0,0,1
1552340739.9626534,960,0,0,1
1552340739.978796,960,0,0,1
1552340739.9939785,960,0,0,1
1552340740.0102203,960,0,0,1
1552340740.0262039,960,0,0,1
1552340740.042345,960,0,0,1
1552340740.0584764,960,0,0,1
1552340740.0745602,960,0,0,1
1552340740.090057,960,0,0,1
1552340740.1060252,960,0,0,1
1552340740.1221273,960,0,0,1
1552340740.138236,960,0,0,1
1552340740.1543152,960,0,0,1
1552340740.170484,960,0,0,1
1552340740.186475,960,0,0,1
1552340740.2025592,960,0,0,1
1552340740.2188225,960,0,0,1
1552340740.2348301,960,0,0,1
1552340740.2510772,960,0,0,1
1552340740.2674813,960,0,0,1
1552340740.283687,960,0,0,1
1552340740.2997289,960,0,0,1
1552340740.3150954,960,0,0,1
1552340740.3312852,960,0,0,1
1552340740.3475804,960,0,0,1
1552340740.363665,960,0,0,1
1552340740.3797138,960,0,0,1
1552340740.3949158,960,0,0,1
1552340740.4111385,960,0,0,1
1552340740.4273136,960,0,0,1
1552340740.4433713,960,0,0,1
1552340740.4594004,960,0,0,1
1552340740.4755242,960,0,0,1
1552340740.4915776,960,0,0,1
1552340740.5077014,960,0,0,1
1552340740.523863,0,0,0,0
1552340740.5557525,0,0,0,0
1552340740.5734298,0,0,0,0
1552340740.591007,0,0,0,0
1552340740.6086578,0,0,0,0
1552340740.626401,0,0,0,0
1552340740.6438496,0,0,0,0
1552340740.661543,0,0,0,0
1552340740.6793025,0,0,0,0
1552340740.6967552,0,0,0,0
1552340740.7143152,0,0,0,0
1552340740.7318704,0,0,0,0
1552340740.7496157,0,0,0,0
1552340740.7672012,0,0,0,0
1552340740.7847056,0,0,0,0
1552340740.8022802,0,0,0,0
1552340740.8199224,0,0,0,0
1552340740.8375776,0,0,0,0
1552340740.8551404,0,0,0,0
1552340740.8727646,0,0,0,0
1552340740.8903613,0,0,0,0
1552340740.9079154,0,0,0,0
1552340740.9255216,0,0,0,0
1552340740.9430382,0,0,0,0
1552340740.960569,0,0,0,0
1552340740.978053,0,0,0,0
1552340740.9957867,0,0,0,0
1552340741.013264,0,0,0,0
1552340741.0311258,0,0,0,0
1552340741.0488176,0,0,0,0
1552340741.0662816,0,0,0,0
1552340741.0840526,0,0,0,0
1552340741.1010816,0,0,0,0
1552340741.1181345,0,0,0,0
1552340741.1351972,0,0,0,0
1552340741.1520982,0,0,0,0
1552340741.1691484,0,0,0,0
1552340741.1861465,0,0,0,0
1552340741.2030115,0,0,0,0
1552340741.2201023,0,0,0,0
1552340741.2370317,0,0,0,0
1552340741.253881,0,0,0,0
1552340741.2710345,0,0,0,0
1552340741.287944,0,0,0,0
1552340741.3048227,0,0,0,0
1552340741.3218544,0,0,0,0
1552340741.3387048,0,0,0,0
1552340741.355794,0,0,0,0
1552340741.3727834,0,0,0,0
1552340741.389776,0,0,0,0
1552340741.4067028,0,0,0,0
1552340741.4237123,0,0,0,0
1552340741.4406264,0,0,0,0
1552340741.457456,0,0,0,0
1552340741.4744587,0,0,0,0
1552340741.4915388,0,0,0,0
1552340741.510757,0,1,0,0
1552340741.5109165,959,0,0,0
1552340741.5412164,959,0,0,0
1552340741.557639,959,0,0,0
1552340741.5730925,959,0,0,0
1552340741.589671,959,0,0,0
1552340741.6057322,959,0,0,0
1552340741.6216044,959,0,0,0
1552340741.637414,959,0,0,0
1552340741.6539204,959,0,0,0
1552340741.670392,959,0,0,0
1552340741.6866608,959,0,0,0
1552340741.702354,959,0,0,0
1552340741.7189133,959,0,0,0
1552340741.7344322,959,0,0,0
1552340741.750349,959,0,0,0
1552340741.766866,959,0,0,0
1552340741.7824438,959,0,0,0
1552340741.798355,959,0,0,0
1552340741.8151271,959,0,0,0
1552340741.8315904,959,0,0,0
1552340741.8473573,959,0,0,0
1552340741.8647487,959,0,0,0
1552340741.8804803,959,0,0,0
1552340741.8961918,959,0,0,0
1552340741.912129,959,0,0,0
1552340741.9286113,959,0,0,0
1552340741.9443517,959,0,0,0
1552340741.9602308,959,0,0,0
1552340741.9767344,959,0,0,0
1552340741.9924157,959,0,0,0
1552340742.0072815,959,0,0,0
1552340742.0236464,959,0,0,0
1552340742.0393252,959,0,0,0
1552340742.0557225,959,0,0,0
1552340742.071497,959,0,0,0
1552340742.0874474,959,0,0,0
1552340742.1038063,959,0,0,0
1552340742.119291,959,0,0,0
1552340742.1355748,959,0,0,0
1552340742.1518662,959,0,0,0
1552340742.1673493,959,0,0,0
1552340742.1836178,959,0,0,0
1552340742.199887,959,0,0,0
1552340742.2161324,959,0,0,0
1552340742.2324564,959,0,0,0
1552340742.2488816,959,0,0,0
1552340742.2643228,959,0,0,0
1552340742.2807336,959,0,0,0
1552340742.2960606,959,0,0,0
1552340742.312184,959,0,0,0
1552340742.328222,959,0,0,0
PiStop sync.
1552340748.5176713