All stim.
[965, 966, 967, 968, 969, 970, 971, 972]
Reward stim.
[965, 967, 969, 971]
PiReceivePC sync.
1551376894.1062195
PiSendPC sync.
1551376894.106546
time,whichstim,iftouch,ifreward,ifout
1551376894.1431289,970,0,0,0
1551376894.156687,970,0,0,0
1551376894.1722484,970,0,0,0
1551376894.189008,970,0,0,0
1551376894.2055342,970,0,0,0
1551376894.221992,970,0,0,0
1551376894.2385023,970,0,0,0
1551376894.2541575,970,0,0,0
1551376894.2705307,970,0,0,0
1551376894.2860541,970,0,0,0
1551376894.302474,970,0,0,0
1551376894.3189583,970,0,0,0
1551376894.3356643,970,0,0,0
1551376894.3510802,970,0,0,0
1551376894.3676121,970,0,0,0
1551376894.3831558,970,0,0,0
1551376894.3995779,970,0,0,0
1551376894.4150636,970,0,0,0
1551376894.4315453,970,0,0,0
1551376894.4480457,970,0,0,0
1551376894.4646199,970,0,0,0
1551376894.4810486,970,0,0,0
1551376894.4976122,970,0,0,0
1551376894.5131352,970,0,0,0
1551376894.5295954,970,0,0,0
1551376894.546044,970,0,0,0
1551376894.5625105,970,0,0,0
1551376894.5782797,970,0,0,0
1551376894.59409,970,0,0,0
1551376894.6106675,970,0,0,0
1551376894.626419,970,0,0,0
1551376894.6430995,970,0,0,0
1551376894.6597066,970,0,0,0
1551376894.6755598,970,0,0,0
1551376894.6918993,970,0,0,0
1551376894.7075458,970,0,0,0
1551376894.7232509,970,0,0,0
1551376894.7398062,970,0,0,0
1551376894.7556322,970,0,0,0
1551376894.77131,970,0,0,0
1551376894.787867,970,0,0,0
1551376894.803582,970,0,0,0
1551376894.8192337,970,0,0,0
1551376894.8358798,970,0,0,0
1551376894.8513262,970,0,0,0
1551376894.8678136,970,0,0,0
1551376894.8833907,970,0,0,0
1551376894.9000251,970,0,0,0
1551376894.9166644,970,0,0,0
1551376894.9323177,970,0,0,0
1551376894.948909,970,0,0,0
1551376894.9648464,970,0,0,0
1551376894.9803917,970,0,0,0
1551376894.9963012,970,0,0,0
1551376895.0121417,970,0,0,0
1551376895.028628,970,0,0,0
1551376895.0442505,970,0,0,0
1551376895.0607831,970,0,0,0
1551376895.0766232,970,0,0,0
1551376895.0937371,970,0,0,0
1551376895.109761,970,0,0,0
1551376895.1258547,970,0,0,0
1551376895.141828,970,0,0,0
1551376895.157779,970,0,0,0
1551376895.173778,970,0,0,0
1551376895.1897323,970,0,0,0
1551376895.205768,970,0,0,0
1551376895.2217116,970,0,0,0
1551376895.2376826,970,0,0,0
1551376895.2536554,970,0,0,0
1551376895.2696552,970,0,0,0
1551376895.2857523,970,0,0,0
1551376895.3017209,970,0,0,0
1551376895.3176203,970,0,0,0
1551376895.3336222,970,0,0,0
1551376895.349517,970,0,0,0
1551376895.3657157,970,0,0,0
1551376895.3816652,970,0,0,0
1551376895.3975995,970,0,0,0
1551376895.4135344,970,0,0,0
1551376895.4295192,970,0,0,0
1551376895.445624,970,0,0,0
1551376895.4613311,970,0,0,0
1551376895.4780324,970,0,0,0
1551376895.494719,970,0,0,0
1551376895.51041,970,0,0,0
1551376895.5261073,970,0,0,0
1551376895.5427873,970,0,0,0
1551376895.5584517,970,0,0,0
1551376895.5741131,970,0,0,0
1551376895.5907242,970,0,0,0
1551376895.6064024,970,0,0,0
1551376895.6221476,970,0,0,0
1551376895.6554964,966,0,0,0
1551376895.669209,966,0,0,0
1551376895.6858878,966,0,0,0
1551376895.7015467,966,0,0,0
1551376895.7171593,966,0,0,0
1551376895.7338126,966,0,0,0
1551376895.7494574,966,0,0,0
1551376895.765169,966,0,0,0
1551376895.781823,966,0,0,0
1551376895.7974873,966,0,0,0
1551376895.8131933,966,0,0,0
1551376895.829846,966,0,0,0
1551376895.8459072,966,0,0,0
1551376895.8615918,966,0,0,0
1551376895.877269,966,0,0,0
1551376895.893924,966,0,0,0
1551376895.909482,966,0,0,0
1551376895.925262,966,0,0,0
1551376895.941924,966,0,0,0
1551376895.9576035,966,0,0,0
1551376895.973291,966,0,0,0
1551376895.9899158,966,0,0,0
1551376896.0048594,966,0,0,0
1551376896.020636,966,0,0,0
1551376896.0363348,966,0,0,0
1551376896.0530097,966,0,0,0
1551376896.0685477,966,0,0,0
1551376896.0851977,966,0,0,0
1551376896.1018496,966,0,0,0
1551376896.1175075,966,0,0,0
1551376896.133231,966,0,0,0
1551376896.1498775,966,0,0,0
1551376896.1656764,966,0,0,0
1551376896.1813786,966,0,0,0
1551376896.1970758,966,0,0,0
1551376896.2137983,966,0,0,0
1551376896.2294474,966,0,0,0
1551376896.2451577,966,0,0,0
1551376896.2618458,966,0,0,0
1551376896.2775164,966,0,0,0
1551376896.2932444,966,0,0,0
1551376896.3098788,966,0,0,0
1551376896.3256924,966,0,0,0
1551376896.3413584,966,0,0,0
1551376896.35805,966,0,0,0
1551376896.3747633,966,0,0,0
1551376896.3904455,966,0,0,0
1551376896.4063034,966,0,0,0
1551376896.4230564,966,0,0,0
1551376896.4396553,966,0,0,0
1551376896.4554906,966,0,0,0
1551376896.47111,966,0,0,0
1551376896.4878302,966,0,0,0
1551376896.5035696,966,0,0,0
1551376896.5192182,966,0,0,0
1551376896.535902,966,0,0,0
1551376896.5514991,966,0,0,0
1551376896.5673504,966,0,0,0
1551376896.5831873,966,0,0,0
1551376896.599815,966,0,0,0
1551376896.615607,966,0,0,0
1551376896.6312315,966,0,0,0
1551376896.6479537,966,0,0,0
1551376896.6636949,966,0,0,0
1551376896.6793268,966,0,0,0
1551376896.696054,966,0,0,0
1551376896.7126775,966,0,0,0
1551376896.7287076,966,0,0,0
1551376896.7447362,966,0,0,0
1551376896.7604423,966,0,0,0
1551376896.7762258,966,0,0,0
1551376896.7929666,966,0,0,0
1551376896.8086076,966,0,0,0
1551376896.8243573,966,0,0,0
1551376896.8410077,966,0,0,0
1551376896.8577867,966,0,0,0
1551376896.873459,966,0,0,0
1551376896.8891144,966,0,0,0
1551376896.905881,966,0,0,0
1551376896.921522,966,0,0,0
1551376896.937282,966,0,0,0
1551376896.95393,966,0,0,0
1551376896.969555,966,0,0,0
1551376896.9853663,966,0,0,0
1551376897.0019941,966,0,0,0
1551376897.0187,966,0,0,0
1551376897.0343409,966,0,0,0
1551376897.050944,966,0,0,0
1551376897.0669737,966,0,0,0
1551376897.0837195,966,0,0,0
1551376897.0993593,966,0,0,0
1551376897.1160612,966,0,0,0
1551376897.1327221,966,0,0,0
1551376897.1681266,969,0,0,0
1551376897.1819077,969,0,0,0
1551376897.1976125,969,0,0,0
1551376897.2133522,969,0,0,0
1551376897.229985,969,0,0,0
1551376897.2467728,969,0,0,0
1551376897.2624547,969,0,0,0
1551376897.2781303,969,0,0,0
1551376897.2948608,969,0,0,0
1551376897.3105505,969,0,0,0
1551376897.3262854,969,0,0,0
1551376897.3430245,969,0,0,0
1551376897.3586252,969,0,0,0
1551376897.3743389,969,0,0,0
1551376897.3909695,969,0,0,0
1551376897.4079733,969,0,0,0
1551376897.4246795,969,0,0,0
1551376897.4403856,969,0,0,0
1551376897.4561956,969,0,0,0
1551376897.4728315,969,0,0,0
1551376897.4885309,969,0,0,0
1551376897.5042634,969,0,0,0
1551376897.52084,969,0,0,0
1551376897.5364008,969,0,0,0
1551376897.5519931,969,0,0,0
1551376897.56854,969,0,0,0
1551376897.5841374,969,0,0,0
1551376897.6006937,969,0,0,0
1551376897.616244,969,0,0,0
1551376897.633004,969,0,0,0
1551376897.6486347,969,0,0,0
1551376897.6643968,969,0,0,0
1551376897.6810367,969,0,0,0
1551376897.6978292,969,0,0,0
1551376897.7135153,969,0,0,0
1551376897.7291665,969,0,0,0
1551376897.7459233,969,0,0,0
1551376897.761574,969,0,0,0
1551376897.7773113,969,0,0,0
1551376897.7939458,969,0,0,0
1551376897.8095777,969,0,0,0
1551376897.8253667,969,0,0,0
1551376897.8420181,969,0,0,0
1551376897.8587608,969,0,0,0
1551376897.8744578,969,0,0,0
1551376897.890103,969,0,0,0
1551376897.9069095,969,0,0,0
1551376897.9225452,969,0,0,0
1551376897.9383285,969,0,0,0
1551376897.9550214,969,0,0,0
1551376897.9716308,969,0,0,0
1551376897.987311,969,0,0,0
1551376898.0030665,969,0,0,0
1551376898.0197306,969,0,0,0
1551376898.0355008,969,0,0,0
1551376898.0511463,969,0,0,0
1551376898.0678637,969,0,0,0
1551376898.083838,969,0,0,0
1551376898.0995936,969,0,0,0
1551376898.1155846,969,0,0,0
1551376898.1313865,969,0,0,0
1551376898.147236,969,0,0,0
1551376898.1640315,969,0,0,0
1551376898.1808527,969,0,0,0
1551376898.1966426,969,0,0,0
1551376898.2124236,969,0,0,0
1551376898.2282462,969,0,0,0
1551376898.2441776,969,0,0,0
1551376898.260996,969,0,0,0
1551376898.2778249,969,0,0,0
1551376898.2936127,969,0,0,0
1551376898.3093994,969,0,0,0
1551376898.325369,969,0,0,0
1551376898.341522,969,0,0,0
1551376898.357807,969,0,0,0
1551376898.3734016,969,0,0,0
1551376898.389712,969,0,0,0
1551376898.4051447,969,0,0,0
1551376898.4215968,969,0,0,0
1551376898.4379373,969,0,0,0
1551376898.4534433,969,0,0,0
1551376898.469804,969,0,0,0
1551376898.4853835,969,0,0,0
1551376898.5017533,969,0,0,0
1551376898.5178862,969,0,0,0
1551376898.5334063,969,0,0,0
1551376898.549698,969,0,0,0
1551376898.5659828,969,0,0,0
1551376898.582248,969,0,0,0
1551376898.5984921,969,0,0,0
1551376898.6149182,969,0,0,0
1551376898.63105,969,0,0,0
1551376898.6475024,969,0,0,0
1551376898.6820145,968,0,0,0
1551376898.6962287,968,0,0,0
1551376898.7125733,968,0,0,0
1551376898.7287858,968,0,0,0
1551376898.7448666,968,0,0,0
1551376898.760958,968,0,0,0
1551376898.7762935,968,0,0,0
1551376898.792545,968,0,0,0
1551376898.8087757,968,0,0,0
1551376898.8248632,968,0,0,0
1551376898.840926,968,0,0,0
1551376898.8562193,968,0,0,0
1551376898.8725097,968,0,0,0
1551376898.8885653,968,0,0,0
1551376898.9048352,968,0,0,0
1551376898.9209225,968,0,0,0
1551376898.9362254,968,0,0,0
1551376898.9525616,968,0,0,0
1551376898.9686174,968,0,0,0
1551376898.9847343,968,0,0,0
1551376899.0009477,968,0,0,0
1551376899.0170157,968,0,0,0
1551376899.0332253,968,0,0,0
1551376899.0493577,968,0,0,0
1551376899.0657258,968,0,0,0
1551376899.0819862,968,0,0,0
1551376899.0984159,968,0,0,0
1551376899.1147811,968,0,0,0
1551376899.1312258,968,0,0,0
1551376899.1476314,968,0,0,0
1551376899.1640034,968,0,0,0
1551376899.1802976,968,0,0,0
1551376899.196737,968,0,0,0
1551376899.2123365,968,0,0,0
1551376899.228597,968,0,0,0
1551376899.244872,968,0,0,0
1551376899.2602534,968,0,0,0
1551376899.2767751,968,0,0,0
1551376899.2922635,968,0,0,0
1551376899.3085148,968,0,0,0
1551376899.3248127,968,0,0,0
1551376899.340272,968,0,0,0
1551376899.3566835,968,0,0,0
1551376899.3729973,968,0,0,0
1551376899.3883388,968,0,0,0
1551376899.4047632,968,0,0,0
1551376899.4210677,968,0,0,0
1551376899.4373608,968,0,0,0
1551376899.4538076,968,0,0,0
1551376899.4692187,968,0,0,0
1551376899.4856737,968,0,0,0
1551376899.5019085,968,0,0,0
1551376899.5173066,968,0,0,0
1551376899.5339248,968,0,0,0
1551376899.5491586,968,0,0,0
1551376899.5656729,968,0,0,0
1551376899.5819225,968,0,0,0
1551376899.5973585,968,0,0,0
1551376899.613677,968,0,0,0
1551376899.6298716,968,0,0,0
1551376899.645479,968,0,0,0
1551376899.6617618,968,0,0,0
1551376899.6780062,968,0,0,0
1551376899.6944158,968,0,0,0
1551376899.7107694,968,0,0,0
1551376899.7270906,968,0,0,0
1551376899.7436402,968,0,0,0
1551376899.7600315,968,0,0,0
1551376899.7765417,968,0,0,0
1551376899.7929566,968,0,0,0
1551376899.808305,968,0,0,0
1551376899.8247492,968,0,0,0
1551376899.84106,968,0,0,0
1551376899.8573618,968,0,0,0
1551376899.8738296,968,0,0,0
1551376899.8892322,968,0,0,0
1551376899.9056664,968,0,0,0
1551376899.9219236,968,0,0,0
1551376899.9373653,968,0,0,0
1551376899.9539032,968,0,0,0
1551376899.9692566,968,0,0,0
1551376899.9856749,968,0,0,0
1551376900.0018785,968,0,0,0
1551376900.0175183,968,0,0,0
1551376900.033928,968,0,0,0
1551376900.0491507,968,0,0,0
1551376900.0656867,968,0,0,0
1551376900.081903,968,0,0,0
1551376900.0981617,968,0,0,0
1551376900.1143892,968,0,0,0
1551376900.1307774,968,0,0,0
1551376900.1463122,968,0,0,0
1551376900.1624541,968,0,0,0
1551376900.1964529,965,0,0,0
1551376900.2107356,965,0,0,0
1551376900.226829,965,0,0,0
1551376900.2422178,965,0,0,0
1551376900.2585144,965,0,0,0
1551376900.2746708,965,0,0,0
1551376900.2908854,965,0,0,0
1551376900.3069503,965,0,0,0
1551376900.3222232,965,0,0,0
1551376900.3384745,965,0,0,0
1551376900.3547165,965,0,0,0
1551376900.3707187,965,0,0,0
1551376900.386937,965,0,0,0
1551376900.4021327,965,0,0,0
1551376900.4185205,965,0,0,0
1551376900.4347649,965,0,0,0
1551376900.4507587,965,0,0,0
1551376900.466992,965,0,0,0
1551376900.483159,965,0,0,0
1551376900.4992824,965,0,0,0
1551376900.5153441,965,0,0,0
1551376900.531504,965,0,0,0
1551376900.5475173,965,0,0,0
1551376900.563616,965,0,0,0
1551376900.5791252,965,0,0,0
1551376900.5956776,965,0,0,0
1551376900.6111822,965,0,0,0
1551376900.627794,965,0,0,0
1551376900.6434455,965,0,0,0
1551376900.659974,965,0,0,0
1551376900.676602,965,0,0,0
1551376900.692131,965,0,0,0
1551376900.7086022,965,0,0,0
1551376900.724165,965,0,0,0
1551376900.7406328,965,0,0,0
1551376900.7561643,965,0,0,0
1551376900.7726262,965,0,0,0
1551376900.7881315,965,0,0,0
1551376900.8046596,965,0,0,0
1551376900.8201106,965,0,0,0
1551376900.8366516,965,0,0,0
1551376900.8525162,965,0,0,0
1551376900.868317,965,0,0,0
1551376900.8848646,965,0,0,0
1551376900.9003124,965,0,0,0
1551376900.9168923,965,0,0,0
1551376900.932442,965,0,0,0
1551376900.9489582,965,0,0,0
1551376900.96558,965,0,0,0
1551376900.9810421,965,0,0,0
1551376900.9975553,965,0,0,0
1551376901.0120769,965,0,0,0
1551376901.0286248,965,0,0,0
1551376901.0441275,965,0,0,0
1551376901.0607724,965,0,0,0
1551376901.0764585,965,0,0,0
1551376901.0940032,965,0,0,0
1551376901.1104693,965,0,0,0
1551376901.1261132,965,0,0,0
1551376901.1426528,965,0,0,0
1551376901.1582158,965,0,0,0
1551376901.1747978,965,0,0,0
1551376901.1903214,965,0,0,0
1551376901.206949,965,0,0,0
1551376901.2224584,965,0,0,0
1551376901.2390466,965,0,0,0
1551376901.2556968,965,0,0,0
1551376901.2712328,965,0,0,0
1551376901.2878351,965,0,0,0
1551376901.3034644,965,0,0,0
1551376901.319985,965,0,0,0
1551376901.3366244,965,0,0,0
1551376901.3521562,965,0,0,0
1551376901.3687499,965,0,0,0
1551376901.3843782,965,0,0,0
1551376901.4008763,965,0,0,0
1551376901.416474,965,0,0,0
1551376901.4330468,965,0,0,0
1551376901.449583,965,0,0,0
1551376901.4652433,965,0,0,0
1551376901.4817832,965,0,0,0
1551376901.4973722,965,0,0,0
1551376901.5139294,965,0,0,0
1551376901.5294437,965,0,0,0
1551376901.5460014,965,0,0,0
1551376901.5625646,965,0,0,0
1551376901.578193,965,0,0,0
1551376901.5947816,965,0,0,0
1551376901.610388,965,0,0,0
1551376901.627027,965,0,0,0
1551376901.6436074,965,0,0,0
1551376901.6591845,965,0,0,0
1551376901.6757636,965,0,0,0
1551376901.7065132,971,0,0,0
1551376901.720147,971,0,0,0
1551376901.7366655,971,0,0,0
1551376901.7522125,971,0,0,0
1551376901.7682695,971,0,0,0
1551376901.784134,971,0,0,0
1551376901.8006163,971,0,0,0
1551376901.8162274,971,0,0,0
1551376901.8327594,971,0,0,0
1551376901.848351,971,0,0,0
1551376901.8649652,971,0,0,0
1551376901.8814924,971,0,0,0
1551376901.8970807,971,0,0,0
1551376901.9134943,971,0,0,0
1551376901.9299824,971,0,0,0
1551376901.9465883,971,0,0,0
1551376901.9621837,971,0,0,0
1551376901.9787977,971,0,0,0
1551376901.9943438,971,0,0,0
1551376902.009887,971,0,0,0
1551376902.0254755,971,0,0,0
1551376902.0420065,971,0,0,0
1551376902.0585725,971,0,0,0
1551376902.074291,971,0,0,0
1551376902.0919986,971,0,0,0
1551376902.1085896,971,0,0,0
1551376902.1242075,971,0,0,0
1551376902.1407464,971,0,0,0
1551376902.1563983,971,0,0,0
1551376902.173025,971,0,0,0
1551376902.1895125,971,0,0,0
1551376902.2060273,971,0,0,0
1551376902.2225785,971,0,0,0
1551376902.2381642,971,0,0,0
1551376902.25481,971,0,0,0
1551376902.270347,971,0,0,0
1551376902.2869887,971,0,0,0
1551376902.3035524,971,0,0,0
1551376902.3190928,971,0,0,0
1551376902.3357246,971,0,0,0
1551376902.351226,971,0,0,0
1551376902.367844,971,0,0,0
1551376902.3834589,971,0,0,0
1551376902.3999844,971,0,0,0
1551376902.416677,971,0,0,0
1551376902.432241,971,0,0,0
1551376902.4487941,971,0,0,0
1551376902.464433,971,0,0,0
1551376902.4808676,971,0,0,0
1551376902.496403,971,0,0,0
1551376902.5128121,971,0,0,0
1551376902.528303,971,0,0,0
1551376902.544853,971,0,0,0
1551376902.5603192,971,0,0,0
1551376902.5762823,971,0,0,0
1551376902.592779,971,0,0,0
1551376902.6083086,971,0,0,0
1551376902.624841,971,0,0,0
1551376902.6403234,971,0,0,0
1551376902.657049,971,0,0,0
1551376902.6735198,971,0,0,0
1551376902.6899846,971,0,0,0
1551376902.7065458,971,0,0,0
1551376902.7230673,971,0,0,0
1551376902.739504,971,0,0,0
1551376902.7559552,971,0,0,0
1551376902.771655,971,0,0,0
1551376902.7871547,971,0,0,0
1551376902.80363,971,0,0,0
1551376902.8190506,971,0,0,0
1551376902.8355796,971,0,0,0
1551376902.8520296,971,0,0,0
1551376902.868544,971,0,0,0
1551376902.8840964,971,0,0,0
1551376902.9005651,971,0,0,0
1551376902.9161077,971,0,0,0
1551376902.9325519,971,0,0,0
1551376902.9480605,971,0,0,0
1551376902.9645803,971,0,0,0
1551376902.981011,971,0,0,0
1551376902.9975286,971,0,0,0
1551376903.013101,971,0,0,0
1551376903.0295308,971,0,0,0
1551376903.0460052,971,0,0,0
1551376903.062459,971,0,0,0
1551376903.078134,971,0,0,0
1551376903.095774,971,0,0,0
1551376903.1111946,971,0,0,0
1551376903.1277492,971,0,0,0
1551376903.1432662,971,0,0,0
1551376903.1597002,971,0,0,0
1551376903.1751559,971,0,0,0
1551376903.2151651,972,0,0,0
1551376903.2286308,972,0,0,0
1551376903.2449427,972,0,0,0
1551376903.260383,972,0,0,0
1551376903.2768996,972,0,0,0
1551376903.2922943,972,0,0,0
1551376903.3087687,972,0,0,0
1551376903.3246822,972,0,0,0
1551376903.3401368,972,0,0,0
1551376903.3566697,972,0,0,0
1551376903.3720934,972,0,0,0
1551376903.38857,972,0,0,0
1551376903.4041083,972,0,0,0
1551376903.4205554,972,0,0,0
1551376903.4360769,972,0,0,0
1551376903.4525015,972,0,0,0
1551376903.468963,972,0,0,0
1551376903.48547,972,0,0,0
1551376903.5019028,972,0,0,0
1551376903.5173402,972,0,0,0
1551376903.5338535,972,0,0,0
1551376903.549286,972,0,0,0
1551376903.56581,972,0,0,0
1551376903.5812063,972,0,0,0
1551376903.5977128,972,0,0,0
1551376903.6132114,972,0,0,0
1551376903.6296308,972,0,0,0
1551376903.6450818,972,0,0,0
1551376903.6615043,972,0,0,0
1551376903.6780295,972,0,0,0
1551376903.6947303,972,0,0,0
1551376903.7101555,972,0,0,0
1551376903.7267303,972,0,0,0
1551376903.7421815,972,0,0,0
1551376903.7586303,972,0,0,0
1551376903.7742107,972,0,0,0
1551376903.7906346,972,0,0,0
1551376903.8061569,972,0,0,0
1551376903.8225849,972,0,0,0
1551376903.838085,972,0,0,0
1551376903.8545933,972,0,0,0
1551376903.870999,972,0,0,0
1551376903.8875535,972,0,0,0
1551376903.9031494,972,0,0,0
1551376903.9195595,972,0,0,0
1551376903.9350677,972,0,0,0
1551376903.9515114,972,0,0,0
1551376903.9680097,972,0,0,0
1551376903.9845421,972,0,0,0
1551376904.000986,972,0,0,0
1551376904.017544,972,0,0,0
1551376904.033128,972,0,0,0
1551376904.0495534,972,0,0,0
1551376904.0650642,972,0,0,0
1551376904.0816693,972,0,0,0
1551376904.098178,972,0,0,0
1551376904.1147158,972,0,0,0
1551376904.1301594,972,0,0,0
1551376904.1467547,972,0,0,0
1551376904.1621556,972,0,0,0
1551376904.1788135,972,0,0,0
1551376904.1942906,972,0,0,0
1551376904.2107325,972,0,0,0
1551376904.2262669,972,0,0,0
1551376904.2426927,972,0,0,0
1551376904.2581787,972,0,0,0
1551376904.2747161,972,0,0,0
1551376904.2901356,972,0,0,0
1551376904.3066592,972,0,0,0
1551376904.322078,972,0,0,0
1551376904.3385708,972,0,0,0
1551376904.354085,972,0,0,0
1551376904.3705008,972,0,0,0
1551376904.387038,972,0,0,0
1551376904.4034789,972,0,0,0
1551376904.419891,972,0,0,0
1551376904.4353642,972,0,0,0
1551376904.451805,972,0,0,0
1551376904.467294,972,0,0,0
1551376904.4837365,972,0,0,0
1551376904.4996734,972,0,0,0
1551376904.5151546,972,0,0,0
1551376904.5316126,972,0,0,0
1551376904.547132,972,0,0,0
1551376904.5636303,972,0,0,0
1551376904.5791001,972,0,0,0
1551376904.595724,972,0,0,0
1551376904.611123,972,0,0,0
1551376904.6276076,972,0,0,0
1551376904.6431653,972,0,0,0
1551376904.6595943,972,0,0,0
1551376904.6750665,972,0,0,0
1551376904.6915097,972,0,0,0
1551376904.7232873,968,0,0,0
1551376904.7367747,968,0,0,0
1551376904.752295,968,0,0,0
1551376904.7689312,968,0,0,0
1551376904.7845144,968,0,0,0
1551376904.8009717,968,0,0,0
1551376904.8174818,968,0,0,0
1551376904.833933,968,0,0,0
1551376904.849382,968,0,0,0
1551376904.8659039,968,0,0,0
1551376904.881354,968,0,0,0
1551376904.8979013,968,0,0,0
1551376904.9133463,968,0,0,0
1551376904.9297793,968,0,0,0
1551376904.9453073,968,0,0,0
1551376904.9617136,968,0,0,0
1551376904.9771638,968,0,0,0
1551376904.9935927,968,0,0,0
1551376905.0081775,968,0,0,0
1551376905.0247974,968,0,0,0
1551376905.0402105,968,0,0,0
1551376905.0568087,968,0,0,0
1551376905.0722406,968,0,0,0
1551376905.089645,968,0,0,0
1551376905.1051352,968,0,0,0
1551376905.1215913,968,0,0,0
1551376905.1370935,968,0,0,0
1551376905.153539,968,0,0,0
1551376905.1699975,968,0,0,0
1551376905.186559,968,0,0,0
1551376905.2030478,968,0,0,0
1551376905.219452,968,0,0,0
1551376905.235912,968,0,0,0
1551376905.2513385,968,0,0,0
1551376905.2678769,968,0,0,0
1551376905.2834394,968,0,0,0
1551376905.2998765,968,0,0,0
1551376905.315468,968,0,0,0
1551376905.3318968,968,0,0,0
1551376905.3474088,968,0,0,0
1551376905.3638418,968,0,0,0
1551376905.3792727,968,0,0,0
1551376905.3957772,968,0,0,0
1551376905.4112155,968,0,0,0
1551376905.4276915,968,0,0,0
1551376905.4431798,968,0,0,0
1551376905.4596133,968,0,0,0
1551376905.4750657,968,0,0,0
1551376905.4914865,968,0,0,0
1551376905.5080187,968,0,0,0
1551376905.5245428,968,0,0,0
1551376905.5409713,968,0,0,0
1551376905.5575116,968,0,0,0
1551376905.5739417,968,0,0,0
1551376905.5893319,968,0,0,0
1551376905.6058238,968,0,0,0
1551376905.6212294,968,0,0,0
1551376905.6378136,968,0,0,0
1551376905.653344,968,0,0,0
1551376905.6697757,968,0,0,0
1551376905.6853044,968,0,0,0
1551376905.7017536,968,0,0,0
1551376905.7172134,968,0,0,0
1551376905.7336757,968,0,0,0
1551376905.7490993,968,0,0,0
1551376905.76562,968,0,0,0
1551376905.7810574,968,0,0,0
1551376905.7975686,968,0,0,0
1551376905.8131475,968,0,0,0
1551376905.8295798,968,0,0,0
1551376905.8461666,968,0,0,0
1551376905.8628073,968,0,0,0
1551376905.8782835,968,0,0,0
1551376905.8948271,968,0,0,0
1551376905.910219,968,0,0,0
1551376905.926747,968,0,0,0
1551376905.9421656,968,0,0,0
1551376905.958605,968,0,0,0
1551376905.9741669,968,0,0,0
1551376905.9905772,968,0,0,0
1551376906.0051973,968,0,0,0
1551376906.0217614,968,0,0,0
1551376906.0371792,968,0,0,0
1551376906.05363,968,0,0,0
1551376906.0700135,968,0,0,0
1551376906.0875316,968,0,0,0
1551376906.1039782,968,0,0,0
1551376906.1204207,968,0,0,0
1551376906.1369805,968,0,0,0
1551376906.1533957,968,0,0,0
1551376906.169815,968,0,0,0
1551376906.1853638,968,0,0,0
1551376906.2018313,968,0,0,0
1551376906.2324452,965,0,0,0
1551376906.246238,965,0,0,0
1551376906.262586,965,0,0,0
1551376906.2780519,965,0,0,0
1551376906.2946045,965,0,0,0
1551376906.3100657,965,0,0,0
1551376906.3265727,965,0,0,0
1551376906.3430667,965,0,0,0
1551376906.3594418,965,0,0,0
1551376906.3759487,965,0,0,0
1551376906.3913841,965,0,0,0
1551376906.4078476,965,0,0,0
1551376906.4233694,965,0,0,0
1551376906.439791,965,0,0,0
1551376906.4553692,965,0,0,0
1551376906.4717882,965,0,0,0
1551376906.487215,965,0,0,0
1551376906.5036607,965,0,0,0
1551376906.5190938,965,0,0,0
1551376906.53565,965,0,0,0
1551376906.5510647,965,0,0,0
1551376906.5675607,965,0,0,0
1551376906.5833588,965,0,0,0
1551376906.5998363,965,0,0,0
1551376906.615339,965,0,0,0
1551376906.6317673,965,0,0,0
1551376906.6472259,965,0,0,0
1551376906.6636868,965,0,0,0
1551376906.6791046,965,0,0,0
1551376906.6956723,965,0,0,0
1551376906.7111173,965,0,0,0
1551376906.7276042,965,0,0,0
1551376906.7440186,965,0,0,0
1551376906.7603853,965,0,0,0
1551376906.7768493,965,0,0,0
1551376906.792291,965,0,0,0
1551376906.8088646,965,0,0,0
1551376906.8243937,965,0,0,0
1551376906.8408265,965,0,0,0
1551376906.8563879,965,0,0,0
1551376906.8728213,965,0,0,0
1551376906.888309,965,0,0,0
1551376906.904826,965,0,0,0
1551376906.9202745,965,0,0,0
1551376906.9368017,965,0,0,0
1551376906.952265,965,0,0,0
1551376906.9687219,965,0,0,0
1551376906.984282,965,0,0,0
1551376907.0006912,965,0,0,0
1551376907.0162563,965,0,0,0
1551376907.0327134,965,0,0,0
1551376907.048188,965,0,0,0
1551376907.0647068,965,0,0,0
1551376907.0801642,965,0,0,0
1551376907.0977476,965,0,0,0
1551376907.1133015,965,0,0,0
1551376907.1297517,965,0,0,0
1551376907.1452773,965,0,0,0
1551376907.1617308,965,0,0,0
1551376907.1772003,965,0,0,0
1551376907.1936698,965,0,0,0
1551376907.2090821,965,0,0,0
1551376907.2256281,965,0,0,0
1551376907.2410476,965,0,0,0
1551376907.257591,965,0,0,0
1551376907.2740457,965,0,0,0
1551376907.290482,965,0,0,0
1551376907.3070192,965,0,0,0
1551376907.3234475,965,0,0,0
1551376907.3398967,965,0,0,0
1551376907.3554354,965,0,0,0
1551376907.371855,965,0,0,0
1551376907.387308,965,0,0,0
1551376907.4037282,965,0,0,0
1551376907.4191747,965,0,0,0
1551376907.4357238,965,0,0,0
1551376907.4511454,965,0,0,0
1551376907.4676619,965,0,0,0
1551376907.483152,965,0,0,0
1551376907.4995565,965,0,0,0
1551376907.5160284,965,0,0,0
1551376907.5324507,965,0,0,0
1551376907.5489619,965,0,0,0
1551376907.5644834,965,0,0,0
1551376907.580939,965,0,0,0
1551376907.5964751,965,0,0,0
1551376907.6129751,965,0,0,0
1551376907.6283827,965,0,0,0
1551376907.6449308,965,0,0,0
1551376907.660416,965,0,0,0
1551376907.6769493,965,0,0,0
1551376907.6923728,965,0,0,0
1551376907.708807,965,0,0,0
1551376907.7391796,968,0,0,0
1551376907.7527957,968,0,0,0
1551376907.7682867,968,0,0,0
1551376907.7849355,968,0,0,0
1551376907.8004007,968,0,0,0
1551376907.816979,968,0,0,0
1551376907.8334382,968,0,0,0
1551376907.850007,968,0,0,0
1551376907.8665476,968,0,0,0
1551376907.883041,968,0,0,0
1551376907.8994284,968,0,0,0
1551376907.915879,968,0,0,0
1551376907.9312863,968,0,0,0
1551376907.9471695,968,0,0,0
1551376907.9636188,968,0,0,0
1551376907.9800403,968,0,0,0
1551376907.9965634,968,0,0,0
1551376908.0119865,968,0,0,0
1551376908.028478,968,0,0,0
1551376908.045002,968,0,0,0
1551376908.0614333,968,0,0,0
1551376908.077944,968,0,0,0
1551376908.0944176,968,0,0,0
1551376908.1108196,968,0,0,0
1551376908.1263328,968,0,0,0
1551376908.1427336,968,0,0,0
1551376908.158169,968,0,0,0
1551376908.1747334,968,0,0,0
1551376908.1901295,968,0,0,0
1551376908.2066836,968,0,0,0
1551376908.222133,968,0,0,0
1551376908.2385962,968,0,0,0
1551376908.254112,968,0,0,0
1551376908.2705603,968,0,0,0
1551376908.2860615,968,0,0,0
1551376908.3024745,968,0,0,0
1551376908.3189468,968,0,0,0
1551376908.334774,968,0,0,0
1551376908.350199,968,0,0,0
1551376908.366719,968,0,0,0
1551376908.382157,968,0,0,0
1551376908.3986523,968,0,0,0
1551376908.4142356,968,0,0,0
1551376908.430776,968,0,0,0
1551376908.4470778,968,0,0,0
1551376908.4633772,968,0,0,0
1551376908.4795935,968,0,0,0
1551376908.4951854,968,0,0,0
1551376908.5114257,968,0,0,0
1551376908.5276854,968,0,0,0
1551376908.5440657,968,0,0,0
1551376908.5602708,968,0,0,0
1551376908.5766022,968,0,0,0
1551376908.594477,968,0,0,0
1551376908.6107588,968,0,0,0
1551376908.6265266,968,0,0,0
1551376908.6428456,968,0,0,0
1551376908.6589696,968,0,0,0
1551376908.6753907,968,0,0,0
1551376908.6916795,968,0,0,0
1551376908.7077944,968,0,0,0
1551376908.7233894,968,0,0,0
1551376908.7395735,968,0,0,0
1551376908.7559075,968,0,0,0
1551376908.7720387,968,0,0,0
1551376908.7882535,968,0,0,0
1551376908.8046036,968,0,0,0
1551376908.8209176,968,0,0,0
1551376908.8363738,968,0,0,0
1551376908.8526871,968,0,0,0
1551376908.8690412,968,0,0,0
1551376908.8854098,968,0,0,0
1551376908.9017873,968,0,0,0
1551376908.9172025,968,0,0,0
1551376908.9336886,968,0,0,0
1551376908.9498608,968,0,0,0
1551376908.9653592,968,0,0,0
1551376908.9816515,968,0,0,0
1551376908.997958,968,0,0,0
1551376909.01244,968,0,0,0
1551376909.0286593,968,0,0,0
1551376909.044156,968,0,0,0
1551376909.0605738,968,0,0,0
1551376909.0769584,968,0,0,0
1551376909.0948281,968,0,0,0
1551376909.1110852,968,0,0,0
1551376909.1276495,968,0,0,0
1551376909.1439958,968,0,0,0
1551376909.1601999,968,0,0,0
1551376909.1768463,968,0,0,0
1551376909.1931407,968,0,0,0
1551376909.2090614,968,0,0,0
1551376909.2403224,968,0,0,0
1551376909.2546537,968,0,0,0
1551376909.270829,968,0,0,0
1551376909.2863252,968,0,0,0
1551376909.3025486,968,0,0,0
1551376909.318597,968,0,0,0
1551376909.3347366,968,0,0,0
1551376909.350752,968,0,0,0
1551376909.3670013,968,0,0,0
1551376909.3830645,968,0,0,0
1551376909.3990726,968,0,0,0
1551376909.4152164,968,0,0,0
1551376909.4317138,968,0,0,0
1551376909.4472616,968,0,0,0
1551376909.4636993,968,0,0,0
1551376909.4793787,968,0,0,0
1551376909.495237,968,0,0,0
1551376909.5116909,968,0,0,0
1551376909.52759,968,0,0,0
1551376909.5433388,968,0,0,0
1551376909.5597987,968,0,0,0
1551376909.5755737,968,0,0,0
1551376909.5915391,968,0,0,0
1551376909.6080482,968,0,0,0
1551376909.6245146,968,0,0,0
1551376909.6402164,968,0,0,0
1551376909.6561878,968,0,0,0
1551376909.672604,968,0,0,0
1551376909.6889617,968,0,0,0
1551376909.7047064,968,0,0,0
1551376909.7203496,968,0,0,0
1551376909.7369883,968,0,0,0
1551376909.753605,968,0,0,0
1551376909.7700253,968,0,0,0
1551376909.786803,968,0,0,0
1551376909.802375,968,0,0,0
1551376909.8190205,968,0,0,0
1551376909.8348346,968,0,0,0
1551376909.8503938,968,0,0,0
1551376909.8663383,968,0,0,0
1551376909.8828175,968,0,0,0
1551376909.9014022,968,0,0,0
1551376909.9176166,968,0,0,0
1551376909.933779,968,0,0,0
1551376909.9499254,968,0,0,0
1551376909.9659884,968,0,0,0
1551376909.9824421,968,0,0,0
1551376909.9989302,968,0,0,0
1551376910.013565,968,0,0,0
1551376910.029937,968,0,0,0
1551376910.0458634,968,0,0,0
1551376910.0615513,968,0,0,0
1551376910.078043,968,0,0,0
1551376910.0961554,968,0,0,0
1551376910.1125767,968,0,0,0
1551376910.1282628,968,0,0,0
1551376910.1447928,968,0,0,0
1551376910.1604972,968,0,0,0
1551376910.1763628,968,0,0,0
1551376910.192821,968,0,0,0
1551376910.2082775,968,0,0,0
1551376910.224946,968,0,0,0
1551376910.2406604,968,0,0,0
1551376910.2564063,968,0,0,0
1551376910.2729723,968,0,0,0
1551376910.288521,968,0,0,0
1551376910.3042512,968,0,0,0
1551376910.3206432,968,0,0,0
1551376910.3363075,968,0,0,0
1551376910.3529744,968,0,0,0
1551376910.368602,968,0,0,0
1551376910.3842685,968,0,0,0
1551376910.4009097,968,0,0,0
1551376910.4165828,968,0,0,0
1551376910.432549,968,0,0,0
1551376910.4489849,968,0,0,0
1551376910.4656231,968,0,0,0
1551376910.4820304,968,0,0,0
1551376910.498592,968,0,0,0
1551376910.5149994,968,0,0,0
1551376910.5314379,968,0,0,0
1551376910.5473464,968,0,0,0
1551376910.563826,968,0,0,0
1551376910.5793533,968,0,0,0
1551376910.597415,968,0,0,0
1551376910.613882,968,0,0,0
1551376910.6296043,968,0,0,0
1551376910.6454427,968,0,0,0
1551376910.6618412,968,0,0,0
1551376910.6773443,968,0,0,0
1551376910.693926,968,0,0,0
1551376910.7094228,968,0,0,0
1551376910.7417684,968,0,0,0
1551376910.7562757,968,0,0,0
1551376910.7727244,968,0,0,0
1551376910.7883997,968,0,0,0
1551376910.8049078,968,0,0,0
1551376910.8205256,968,0,0,0
1551376910.8361871,968,0,0,0
1551376910.8526595,968,0,0,0
1551376910.8682716,968,0,0,0
1551376910.884767,968,0,0,0
1551376910.9004984,968,0,0,0
1551376910.917214,968,0,0,0
1551376910.9335134,968,0,0,0
1551376910.9500694,968,0,0,0
1551376910.966854,968,0,0,0
1551376910.982387,968,0,0,0
1551376910.9987974,968,0,0,0
1551376911.0134063,968,0,0,0
1551376911.0300634,968,0,0,0
1551376911.0458312,968,0,0,0
1551376911.0614002,968,0,0,0
1551376911.0772605,968,0,0,0
1551376911.0957813,968,0,0,0
1551376911.1122055,968,0,0,0
1551376911.1288462,968,0,0,0
1551376911.1445622,968,0,0,0
1551376911.1609983,968,0,0,0
1551376911.1775615,968,0,0,0
1551376911.1932468,968,0,0,0
1551376911.2099106,968,0,0,0
1551376911.2255628,968,0,0,0
1551376911.2420273,968,0,0,0
1551376911.2585301,968,0,0,0
1551376911.2750084,968,0,0,0
1551376911.2914832,968,0,0,0
1551376911.3080406,968,0,0,0
1551376911.3244634,968,0,0,0
1551376911.3409204,968,0,0,0
1551376911.3566687,968,0,0,0
1551376911.372347,968,0,0,0
1551376911.3887222,968,0,0,0
1551376911.4041977,968,0,0,0
1551376911.420827,968,0,0,0
1551376911.4365613,968,0,0,0
1551376911.4530704,968,0,0,0
1551376911.4695978,968,0,0,0
1551376911.4853601,968,0,0,0
1551376911.5018296,968,0,0,0
1551376911.5174272,968,0,0,0
1551376911.5333858,968,0,0,0
1551376911.5497713,968,0,0,0
1551376911.5655334,968,0,0,0
1551376911.582027,968,0,0,0
1551376911.600177,968,0,0,0
1551376911.616737,968,0,0,0
1551376911.632514,968,0,0,0
1551376911.6486976,968,0,0,0
1551376911.664851,968,0,0,0
1551376911.6809297,968,0,0,0
1551376911.6961627,968,0,0,0
1551376911.7124264,968,0,0,0
1551376911.7285476,968,0,0,0
1551376911.7447524,968,0,0,0
1551376911.7609515,968,0,0,0
1551376911.7761772,968,0,0,0
1551376911.7922273,968,0,0,0
1551376911.808997,968,0,0,0
1551376911.8260288,968,0,0,0
1551376911.8428257,968,0,0,0
1551376911.858711,968,0,0,0
1551376911.8745809,968,0,0,0
1551376911.8904006,968,0,0,0
1551376911.9063182,968,0,0,0
1551376911.9220765,968,0,0,0
1551376911.9388425,968,0,0,0
1551376911.9547462,968,0,0,0
1551376911.9704754,968,0,0,0
1551376911.986448,968,0,0,0
1551376912.0021832,968,0,0,0
1551376912.0180693,968,0,0,0
1551376912.0348375,968,0,0,0
1551376912.0506294,968,0,0,0
1551376912.0665698,968,0,0,0
1551376912.082337,968,0,0,0
1551376912.0987742,968,0,0,0
1551376912.1147523,968,0,0,0
1551376912.130435,968,0,0,0
1551376912.1462526,968,0,0,0
1551376912.1630983,968,0,0,0
1551376912.1797605,968,0,0,0
1551376912.1955848,968,0,0,0
1551376912.2113347,968,0,0,0
1551376912.2480903,972,0,0,0
1551376912.2620022,972,0,0,0
1551376912.2779503,972,0,0,0
1551376912.2939522,972,0,0,0
1551376912.3096623,972,0,0,0
1551376912.3254955,972,0,0,0
1551376912.3412526,972,0,0,0
1551376912.3570936,972,0,0,0
1551376912.373808,972,0,0,0
1551376912.389534,972,0,0,0
1551376912.4053016,972,0,0,0
1551376912.4220045,972,0,0,0
1551376912.4387991,972,0,0,0
1551376912.4545796,972,0,0,0
1551376912.4702833,972,0,0,0
1551376912.486251,972,0,0,0
1551376912.5030978,972,0,0,0
1551376912.5197747,972,0,0,0
1551376912.5355885,972,0,0,0
1551376912.5513635,972,0,0,0
1551376912.567123,972,0,0,0
1551376912.5838366,972,0,0,0
1551376912.5998788,972,0,0,0
1551376912.615709,972,0,0,0
1551376912.631401,972,0,0,0
1551376912.64717,972,0,0,0
1551376912.6639652,972,0,0,0
1551376912.6796272,972,0,0,0
1551376912.6955051,972,0,0,0
1551376912.7112849,972,0,0,0
1551376912.7279966,972,0,0,0
1551376912.74482,972,0,0,0
1551376912.7606168,972,0,0,0
1551376912.7763908,972,0,0,0
1551376912.7921267,972,0,0,0
1551376912.8089898,972,0,0,0
1551376912.8258035,972,0,0,0
1551376912.841538,972,0,0,0
1551376912.8573003,972,0,0,0
1551376912.8740401,972,0,0,0
1551376912.89078,972,0,0,0
1551376912.906651,972,0,0,0
1551376912.9223416,972,0,0,0
1551376912.938123,972,0,0,0
1551376912.954935,972,0,0,0
1551376912.9706228,972,0,0,0
1551376912.986435,972,0,0,0
1551376913.0030508,972,0,0,0
1551376913.0194619,972,0,0,0
1551376913.0359814,972,0,0,0
1551376913.052401,972,0,0,0
1551376913.0688918,972,0,0,0
1551376913.085424,972,0,0,0
1551376913.101745,972,0,0,0
1551376913.1172132,972,0,0,0
1551376913.1336355,972,0,0,0
1551376913.149064,972,0,0,0
1551376913.1655993,972,0,0,0
1551376913.1820276,972,0,0,0
1551376913.1984699,972,0,0,0
1551376913.2150304,972,0,0,0
1551376913.231478,972,0,0,0
1551376913.2479675,972,0,0,0
1551376913.2644668,972,0,0,0
1551376913.280877,972,0,0,0
1551376913.296443,972,0,0,0
1551376913.3129582,972,0,0,0
1551376913.3283727,972,0,0,0
1551376913.3449292,972,0,0,0
1551376913.3603883,972,0,0,0
1551376913.3769584,972,0,0,0
1551376913.3934164,972,0,0,0
1551376913.409871,972,0,0,0
1551376913.4254212,972,0,0,0
1551376913.4418492,972,0,0,0
1551376913.4573574,972,0,0,0
1551376913.4738154,972,0,0,0
1551376913.4892726,972,0,0,0
1551376913.5059106,972,0,0,0
1551376913.5213616,972,1,0,0
1551376913.521515,972,1,0,1
1551376913.5374322,972,1,0,1
1551376913.5534112,972,1,0,1
1551376913.5700314,972,0,0,1
1551376913.5870268,972,0,0,1
1551376913.6039314,972,0,0,1
1551376913.6198428,972,0,0,1
1551376913.6359146,972,0,0,1
1551376913.6518593,972,0,0,1
1551376913.6678445,972,0,0,1
1551376913.683782,972,0,0,1
1551376913.6997142,972,0,0,1
1551376913.7157576,972,0,0,1
1551376913.731703,972,0,0,1
1551376913.7477045,972,0,0,1
1551376913.7636318,972,0,0,1
1551376913.7795389,972,0,0,1
1551376913.7955437,972,0,0,1
1551376913.8114712,972,0,0,1
1551376913.8274882,972,0,0,1
1551376913.8434486,972,0,0,1
1551376913.8593683,972,0,0,1
1551376913.8753276,972,0,0,1
1551376913.891276,972,0,0,1
1551376913.9073224,972,0,0,1
1551376913.9233823,972,0,0,1
1551376913.9392962,972,0,0,1
1551376913.9553356,972,0,0,1
1551376913.971282,972,0,0,1
1551376913.9873185,972,0,0,1
1551376914.0032756,972,0,0,1
1551376914.0200121,972,0,0,1
1551376914.0361822,972,0,0,1
1551376914.0522027,972,0,0,1
1551376914.0683079,972,0,0,1
1551376914.084355,972,0,0,1
1551376914.1003926,972,0,0,1
1551376914.1166623,972,0,0,1
1551376914.1327686,972,0,0,1
1551376914.1488075,972,0,0,1
1551376914.1649418,972,0,0,1
1551376914.180058,972,0,0,1
1551376914.196236,972,0,0,1
1551376914.2122133,972,0,0,1
1551376914.2283132,972,0,0,1
1551376914.2444215,972,0,0,1
1551376914.2604501,972,0,0,1
1551376914.2766333,972,0,0,1
1551376914.2926745,972,0,0,1
1551376914.3088067,972,0,0,1
1551376914.3248596,972,0,0,1
1551376914.3409104,972,0,0,1
1551376914.356112,972,0,0,1
1551376914.3722408,972,0,0,1
1551376914.3883877,972,0,0,1
1551376914.40444,972,0,0,1
1551376914.4203303,972,0,0,1
1551376914.4364007,972,0,0,1
1551376914.4528613,972,0,0,1
1551376914.4680889,972,0,0,1
1551376914.484421,972,0,0,1
1551376914.5006645,972,0,0,1
1551376914.5160847,972,0,0,1
1551376914.5323558,972,0,0,1
1551376914.5485568,972,0,0,1
1551376914.5647118,972,0,0,1
1551376914.580893,972,0,0,1
1551376914.5982106,972,0,0,1
1551376914.612342,972,0,0,1
1551376914.6285934,972,0,0,1
1551376914.6447656,972,0,0,1
1551376914.6610136,972,0,0,1
1551376914.6774058,972,0,0,1
1551376914.6936245,972,0,0,1
1551376914.7097504,972,0,0,1
1551376914.7251635,972,0,0,1
1551376914.7412949,972,0,0,1
1551376914.7575545,972,0,0,1
1551376914.7738726,972,0,0,1
1551376914.7900126,972,0,0,1
1551376914.8063457,972,0,0,1
1551376914.8224978,972,0,0,1
1551376914.838684,972,0,0,1
1551376914.854957,972,0,0,1
1551376914.8702257,972,0,0,1
1551376914.8866854,972,0,0,1
1551376914.9028573,972,0,0,1
1551376914.9190452,972,0,0,1
1551376914.9352999,972,0,0,1
1551376914.951388,972,0,0,1
1551376914.9676914,972,0,0,1
1551376914.9838567,972,0,0,1
1551376914.9990673,972,0,0,1
1551376915.014354,972,0,0,1
1551376915.0304875,972,0,0,1
1551376915.0468457,972,0,0,1
1551376915.0631065,972,0,0,1
1551376915.0792925,972,0,0,1
1551376915.098836,972,0,0,1
1551376915.1140552,972,0,0,1
1551376915.1301658,972,0,0,1
1551376915.1465445,972,0,0,1
1551376915.1626775,972,0,0,1
1551376915.1789372,972,0,0,1
1551376915.1941519,972,0,0,1
1551376915.2103026,972,0,0,1
1551376915.2266524,972,0,0,1
1551376915.2430182,972,0,0,1
1551376915.2582414,972,0,0,1
1551376915.274512,972,0,0,1
1551376915.2906888,972,0,0,1
1551376915.3070474,972,0,0,1
1551376915.3232868,972,0,0,1
1551376915.3394415,972,0,0,1
1551376915.3557315,972,0,0,1
1551376915.3720386,972,0,0,1
1551376915.387325,972,0,0,1
1551376915.403456,972,0,0,1
1551376915.4196723,972,0,0,1
1551376915.435904,972,0,0,1
1551376915.4511113,972,0,0,1
1551376915.467424,972,0,0,1
1551376915.4836352,972,0,0,1
1551376915.499884,972,0,0,1
1551376915.515231,972,0,0,1
1551376915.531477,972,0,0,1
1551376915.547679,972,0,0,1
1551376915.5639396,972,0,0,1
1551376915.5791101,972,0,0,1
1551376915.595435,972,0,0,1
1551376915.6111078,972,0,0,1
1551376915.6276176,972,0,0,1
1551376915.6440406,972,0,0,1
1551376915.6602674,972,0,0,1
1551376915.6766326,972,0,0,1
1551376915.6927462,972,0,0,1
1551376915.7089558,972,0,0,1
1551376915.7242458,972,0,0,1
1551376915.7405164,972,0,0,1
1551376915.7568798,972,0,0,1
1551376915.773073,972,0,0,1
1551376915.789221,972,0,0,1
1551376915.8055837,972,0,0,1
1551376915.8217754,972,0,0,1
1551376915.8370676,972,0,0,1
1551376915.8535032,972,0,0,1
1551376915.8697042,972,0,0,1
1551376915.8860583,972,0,0,1
1551376915.9021554,972,0,0,1
1551376915.9183602,972,0,0,1
1551376915.9345994,972,0,0,1
1551376915.9507565,972,0,0,1
1551376915.9661684,972,0,0,1
1551376915.9822962,972,0,0,1
1551376915.99851,972,0,0,1
1551376916.0136871,972,0,0,1
1551376916.0298731,972,0,0,0
1551376916.0621045,965,0,0,0
1551376916.0767133,965,0,0,0
1551376916.0939498,965,0,0,0
1551376916.1119578,965,0,0,0
1551376916.1274884,965,0,0,0
1551376916.144003,965,0,0,0
1551376916.1596959,965,0,0,0
1551376916.1754386,965,0,0,0
1551376916.1920016,965,0,0,0
1551376916.2084644,965,0,0,0
1551376916.2249014,965,0,0,0
1551376916.240567,965,0,0,0
1551376916.256366,965,0,0,0
1551376916.2728176,965,0,0,0
1551376916.288523,965,0,0,0
1551376916.3042989,965,0,0,0
1551376916.3208058,965,0,0,0
1551376916.3363965,965,0,0,0
1551376916.3527317,965,0,0,0
1551376916.3690534,965,0,0,0
1551376916.3855402,965,0,0,0
1551376916.4019516,965,0,0,0
1551376916.4173903,965,0,0,0
1551376916.433892,965,0,0,0
1551376916.4492986,965,0,0,0
1551376916.4658518,965,0,0,0
1551376916.481256,965,0,0,0
1551376916.4978063,965,0,0,0
1551376916.5132198,965,0,0,0
1551376916.5296085,965,0,0,0
1551376916.5451982,965,0,0,0
1551376916.5615592,965,0,0,0
1551376916.5779393,965,0,0,0
1551376916.5932853,965,0,0,0
1551376916.6099994,965,0,0,0
1551376916.6257403,965,0,0,0
1551376916.6412745,965,0,0,0
1551376916.6579804,965,0,0,0
1551376916.6742873,965,0,0,0
1551376916.6904883,965,0,0,0
1551376916.7069147,965,0,0,0
1551376916.72227,965,0,0,0
1551376916.7386575,965,0,0,0
1551376916.7549603,965,0,0,0
1551376916.770389,965,0,0,0
1551376916.7867444,965,0,0,0
1551376916.8030171,965,0,0,0
1551376916.8184102,965,0,0,0
1551376916.834793,965,0,0,0
1551376916.8510084,965,0,0,0
1551376916.8673496,965,0,0,0
1551376916.8838365,965,0,0,0
1551376916.8992596,965,0,0,0
1551376916.9157672,965,0,0,0
1551376916.93203,965,0,0,0
1551376916.9476945,965,0,0,0
1551376916.9633243,965,0,0,0
1551376916.9799592,965,0,0,0
1551376916.995766,965,0,0,0
1551376917.010352,965,0,0,0
1551376917.0270355,965,0,0,0
1551376917.0427678,965,0,0,0
1551376917.058459,965,0,0,0
1551376917.0750568,965,0,0,0
1551376917.092583,965,0,0,0
1551376917.1110623,965,0,0,0
1551376917.1292732,965,0,0,0
1551376917.1454527,965,0,0,0
1551376917.1620085,965,0,0,0
1551376917.178497,965,0,0,0
1551376917.194769,965,0,0,0
1551376917.2103543,965,0,0,0
1551376917.2262375,965,0,0,0
1551376917.242957,965,0,0,0
1551376917.258527,965,0,0,0
1551376917.274186,965,0,0,0
1551376917.2906992,965,0,0,0
1551376917.306568,965,0,0,0
1551376917.3225782,965,0,0,0
1551376917.3383033,965,0,0,0
1551376917.354127,965,0,0,0
1551376917.3708906,965,0,0,0
1551376917.3867865,965,0,0,0
1551376917.4026227,965,0,0,0
1551376917.4184625,965,0,0,0
1551376917.4347672,965,0,0,0
1551376917.450397,965,0,0,0
1551376917.4670308,965,0,0,0
1551376917.483598,965,0,0,0
1551376917.4999197,965,0,0,0
1551376917.5156941,965,0,0,0
1551376917.5315762,965,0,0,0
1551376917.563462,968,0,0,0
1551376917.5778916,968,0,0,0
1551376917.5934932,968,0,0,0
1551376917.6117377,968,0,0,0
1551376917.627344,968,0,0,0
1551376917.6431508,968,0,0,0
1551376917.6596935,968,0,0,0
1551376917.6757936,968,0,0,0
1551376917.6918778,968,0,0,0
1551376917.7078993,968,0,0,0
1551376917.7239661,968,0,0,0
1551376917.7410638,968,0,0,0
1551376917.7571986,968,0,0,0
1551376917.7733693,968,0,0,0
1551376917.789567,968,0,0,0
1551376917.8060217,968,0,0,0
1551376917.8222075,968,0,0,0
1551376917.8384247,968,0,0,0
1551376917.854769,968,0,0,0
1551376917.8710847,968,0,0,0
1551376917.8874655,968,0,0,0
1551376917.9038556,968,0,0,0
1551376917.92006,968,0,0,0
1551376917.9364707,968,0,0,0
1551376917.952595,968,0,0,0
1551376917.9688947,968,0,0,0
1551376917.9842498,968,0,0,0
1551376918.0004964,968,0,0,0
1551376918.0168216,968,0,0,0
1551376918.0330548,968,0,0,0
1551376918.0492952,968,0,0,0
1551376918.0656848,968,0,0,0
1551376918.0820217,968,0,0,0
1551376918.0983016,968,0,0,0
1551376918.114566,968,0,0,0
1551376918.1307344,968,0,0,0
1551376918.1464307,968,0,0,0
1551376918.1625993,968,0,0,0
1551376918.1787791,968,0,0,0
1551376918.1949534,968,0,0,0
1551376918.2102451,968,0,0,0
1551376918.2267761,968,0,0,0
1551376918.2430656,968,0,0,0
1551376918.2591999,968,0,0,0
1551376918.2756042,968,0,0,0
1551376918.2919636,968,0,0,0
1551376918.3074293,968,0,0,0
1551376918.3237555,968,0,0,0
1551376918.3400478,968,0,0,0
1551376918.356459,968,0,0,0
1551376918.3727496,968,0,0,0
1551376918.389069,968,0,0,0
1551376918.4054067,968,0,0,0
1551376918.4215121,968,0,0,0
1551376918.4378092,968,0,0,0
1551376918.4540033,968,0,0,0
1551376918.4701908,968,0,0,0
1551376918.4866314,968,0,0,0
1551376918.5029829,968,0,0,0
1551376918.5183444,968,0,0,0
1551376918.5347347,968,0,0,0
1551376918.5510633,968,0,0,0
1551376918.5674481,968,0,0,0
1551376918.5838282,968,0,0,0
1551376918.5991662,968,0,0,0
1551376918.6155806,968,0,0,0
1551376918.631842,968,0,0,0
1551376918.6477988,968,0,0,0
1551376918.6638608,968,0,0,0
1551376918.6799138,968,0,0,0
1551376918.6959715,968,0,0,0
1551376918.7131276,968,0,0,0
1551376918.7290616,968,0,0,0
1551376918.7451255,968,0,0,0
1551376918.7613304,968,0,0,0
1551376918.7773888,968,0,0,0
1551376918.7934408,968,0,0,0
1551376918.8094978,968,0,0,0
1551376918.82559,968,0,0,0
1551376918.8416185,968,0,0,0
1551376918.857703,968,0,0,0
1551376918.8737233,968,0,0,0
1551376918.8893585,968,0,0,0
1551376918.9050846,968,0,0,0
1551376918.921663,968,0,0,0
1551376918.937441,968,0,0,0
1551376918.9532855,968,0,0,0
1551376918.9691079,968,0,0,0
1551376918.985071,968,0,0,0
1551376919.0018847,968,0,0,0
1551376919.017817,968,0,0,0
1551376919.0335975,968,0,0,0
1551376919.0682461,967,0,0,0
1551376919.0823061,967,0,0,0
1551376919.099,967,0,0,0
1551376919.1159117,967,0,0,0
1551376919.131671,967,0,0,0
1551376919.1475928,967,0,0,0
1551376919.1634216,967,0,0,0
1551376919.1792843,967,0,0,0
1551376919.1953661,967,0,0,0
PiStop sync.
1551376925.6162858