time,whichstim,iftouch,ifreward,ifout
1550015177.7640564,9999,0,0,0
1550015177.76443,9999,0,0,0
0.016295194625854492,2,0,0,0
0.03043079376220703,2,0,0,0
0.04632401466369629,2,0,0,0
0.06282281875610352,2,0,0,0
0.0789022445678711,2,0,0,0
0.09493827819824219,2,0,0,0
0.11180472373962402,2,0,0,0
0.12818217277526855,2,0,0,0
0.14404511451721191,2,0,0,0
0.15989160537719727,2,0,0,0
0.17650079727172852,2,0,0,0
0.19233298301696777,2,0,0,0
0.20819950103759766,2,0,0,0
0.22408604621887207,2,0,0,0
0.24001359939575195,2,0,0,0
0.25673770904541016,2,0,0,0
0.27264976501464844,2,0,0,0
0.2888028621673584,2,0,0,0
0.30570507049560547,2,0,0,0
0.3215749263763428,2,0,0,0
0.3377699851989746,2,0,0,0
0.3537609577178955,2,0,0,0
0.36963343620300293,2,0,0,0
0.385528564453125,2,0,0,0
0.40137362480163574,2,0,0,0
0.41713786125183105,2,0,0,0
0.43292832374572754,2,0,0,0
0.4493265151977539,2,0,0,0
0.465193510055542,2,0,0,0
0.48101186752319336,2,0,0,0
0.4977424144744873,2,0,0,0
0.5137844085693359,2,0,0,0
0.5307984352111816,2,0,0,0
0.5476856231689453,2,0,0,0
0.5628728866577148,2,0,0,0
0.5791795253753662,2,0,0,0
0.5950055122375488,2,0,0,0
0.6108849048614502,2,0,0,0
0.6277828216552734,2,0,0,0
0.6436562538146973,2,0,0,0
0.6591746807098389,2,0,0,0
0.6750044822692871,2,0,0,0
0.6909406185150146,2,0,0,0
0.7073848247528076,2,0,0,0
0.723299503326416,2,0,0,0
0.7389588356018066,2,0,0,0
0.7550272941589355,2,0,0,0
0.7711944580078125,2,0,0,0
0.787926435470581,2,0,0,0
0.8031558990478516,2,0,0,0
0.8193871974945068,2,0,0,0
0.839573860168457,2,0,0,0
0.8552882671356201,2,0,0,0
0.8709859848022461,2,0,0,0
0.8872272968292236,2,0,0,0
0.9035053253173828,2,0,0,0
0.9189915657043457,2,0,0,0
0.9352216720581055,2,0,0,0
0.9510383605957031,2,0,0,0
0.9671025276184082,2,0,0,0
0.9833974838256836,2,0,0,0
0.9991123676300049,2,0,0,0
1.0226256847381592,5,0,0,0
1.0309674739837646,5,0,0,0
1.0468926429748535,5,0,0,0
1.0636229515075684,5,0,0,0
1.079042911529541,5,0,0,0
1.0954010486602783,5,0,0,0
1.111260175704956,5,0,0,0
1.1273818016052246,5,0,0,0
1.143059492111206,5,0,0,0
1.1590373516082764,5,0,0,0
1.175325632095337,5,0,0,0
1.1913225650787354,5,0,0,0
1.207266092300415,5,0,0,0
1.2230401039123535,5,0,0,0
1.2390646934509277,5,0,0,0
1.2553167343139648,5,0,0,0
1.27144455909729,5,0,0,0
1.287419319152832,5,0,0,0
1.303239345550537,5,0,0,0
1.3192951679229736,5,0,0,0
1.3355469703674316,5,0,0,0
1.3514392375946045,5,0,0,0
1.3675107955932617,5,0,0,0
1.3833396434783936,5,0,0,0
1.3994550704956055,5,0,0,0
1.4157917499542236,5,0,0,0
1.432661533355713,5,0,0,0
1.4486603736877441,5,0,0,0
1.4640038013458252,5,0,0,0
1.480212926864624,5,0,0,0
1.4963645935058594,5,0,0,0
1.5119428634643555,5,0,0,0
1.5289099216461182,5,0,0,0
1.5452489852905273,5,0,0,0
1.561816692352295,5,0,0,0
1.5771105289459229,5,0,0,0
1.5939176082611084,5,0,0,0
1.6138031482696533,5,0,0,0
1.6298315525054932,5,0,0,0
1.6453626155853271,5,0,0,0
1.661379337310791,5,0,0,0
1.677764654159546,5,0,0,0
1.693840742111206,5,0,0,0
1.7099392414093018,5,0,0,0
1.7263426780700684,5,0,0,0
1.7445347309112549,5,0,0,0
1.7603349685668945,5,0,0,0
1.7763855457305908,5,0,0,0
1.7924675941467285,5,0,0,0
1.8081002235412598,5,0,0,0
1.8242380619049072,5,0,0,0
1.8404409885406494,5,0,0,0
1.8562040328979492,5,0,0,0
1.8755390644073486,5,0,0,0
1.8917524814605713,5,0,0,0
1.9071226119995117,5,0,0,0
1.9229357242584229,5,0,0,0
1.9396460056304932,5,0,0,0
1.9558055400848389,5,0,0,0
1.9710276126861572,5,0,0,0
1.9877572059631348,5,0,0,0
2.003680944442749,5,0,0,0
2.0260109901428223,5,0,0,0
2.0370805263519287,5,0,0,0
2.053007125854492,5,0,0,0
2.069629669189453,5,0,0,0
2.0865840911865234,5,0,0,0
2.10221004486084,5,0,0,0
2.1181554794311523,5,0,0,0
2.134265184402466,5,0,0,0
2.1500234603881836,5,0,0,0
2.166212558746338,5,0,0,0
2.182072162628174,5,0,0,0
2.19887375831604,5,0,0,0
2.214946746826172,5,0,0,0
2.2309844493865967,5,0,0,0
2.246824264526367,5,0,0,0
2.263310670852661,5,0,0,0
2.2792789936065674,5,0,0,0
2.2953827381134033,5,0,0,0
2.311777114868164,5,0,0,0
2.3277244567871094,5,0,0,0
2.3428795337677,5,0,0,0
2.3598849773406982,5,0,0,0
2.3749923706054688,5,0,0,0
2.391286849975586,5,0,0,0
2.412187099456787,5,0,0,0
2.428858518600464,5,0,0,0
2.4451324939727783,5,0,0,0
2.4646358489990234,5,0,0,0
2.4806981086730957,5,0,0,0
2.4965083599090576,5,0,0,0
2.512538433074951,5,0,0,0
2.5281248092651367,5,0,0,0
2.544107675552368,5,0,0,0
2.5602736473083496,5,0,0,0
2.5759966373443604,5,0,0,0
2.5920443534851074,5,0,0,0
2.608614206314087,5,0,0,0
2.6246109008789062,5,0,0,0
2.640524387359619,5,0,0,0
2.6563808917999268,5,0,0,0
2.6722323894500732,5,0,0,0
2.6888389587402344,5,0,0,0
2.705801010131836,5,0,0,0
2.721830129623413,5,0,0,0
2.738572597503662,5,0,0,0
2.7544491291046143,5,0,0,0
2.770399332046509,5,0,0,0
2.786388874053955,5,0,0,0
2.8021957874298096,5,0,0,0
2.8184783458709717,5,0,0,0
2.8343286514282227,5,0,0,0
2.850233316421509,5,0,0,0
2.865895986557007,5,0,0,0
2.882704257965088,5,0,0,0
2.8982033729553223,5,0,0,0
2.9141290187835693,5,0,0,0
2.930114507675171,5,0,0,0
2.9465630054473877,5,0,0,0
2.9624831676483154,5,0,0,0
2.9778945446014404,5,0,0,0
2.994851589202881,5,0,0,0
3.0117576122283936,5,0,0,0
3.034801721572876,2,0,0,0
3.0437748432159424,2,0,0,0
3.059239625930786,2,0,0,0
3.0752475261688232,2,0,0,0
3.092076539993286,2,0,0,0
3.108811616897583,2,0,0,0
3.1257917881011963,2,0,0,0
3.1425912380218506,2,0,0,0
3.1582765579223633,2,0,0,0
3.1746740341186523,2,0,0,0
3.1910011768341064,2,0,0,0
3.206404209136963,2,0,0,0
3.2222609519958496,2,0,0,0
3.2379140853881836,2,0,0,0
3.254739284515381,2,0,0,0
3.2721569538116455,2,0,0,0
3.288076400756836,2,0,0,0
3.304114818572998,2,0,0,0
3.3201217651367188,2,0,0,0
3.336599826812744,2,0,0,0
3.3528947830200195,2,0,0,0
3.369807243347168,2,0,0,0
3.3861477375030518,2,0,0,0
3.4020488262176514,2,0,0,0
3.41805100440979,2,0,0,0
3.434441089630127,2,0,0,0
3.4502484798431396,2,0,0,0
3.4666876792907715,2,0,0,0
3.482668399810791,2,0,0,0
3.4983294010162354,2,0,0,0
3.5148167610168457,2,0,0,0
3.531766176223755,2,0,0,0
3.5473787784576416,2,0,0,0
3.5631847381591797,2,0,0,0
3.579014301300049,2,0,0,0
3.595747947692871,2,0,0,0
3.6115880012512207,2,0,0,0
3.627139091491699,2,0,0,0
3.6430671215057373,2,0,0,0
3.6592164039611816,2,0,0,0
3.6757876873016357,2,0,0,0
3.6916744709014893,2,0,0,0
3.7069740295410156,2,0,0,0
3.723827838897705,2,0,0,0
3.739809989929199,2,0,0,0
3.755918264389038,2,0,0,0
3.7726809978485107,2,0,0,0
3.788459300994873,2,0,0,0
3.804886817932129,2,0,0,0
3.8217248916625977,2,0,0,0
3.837125539779663,2,0,0,0
3.853759527206421,2,0,0,0
3.8697092533111572,2,0,0,0
3.885343551635742,2,0,0,0
3.901235580444336,2,0,0,0
3.9177968502044678,2,0,0,0
3.9348320960998535,2,0,0,0
3.95086932182312,2,0,0,0
3.9677112102508545,2,0,0,0
3.9837472438812256,2,0,0,0
3.999399185180664,2,0,0,0
4.014987945556641,2,0,0,0
4.046255350112915,4,0,0,0
4.0601232051849365,4,0,0,0
4.076487302780151,4,0,0,0
4.092105388641357,4,0,0,0
4.108541965484619,4,0,0,0
4.124480485916138,4,0,0,0
4.140170574188232,4,0,0,0
4.1563560962677,4,0,0,0
4.1727519035339355,4,0,0,0
4.188596487045288,4,0,0,0
4.204601764678955,4,0,0,0
4.220376491546631,4,0,0,0
4.236212968826294,4,0,0,0
4.252682209014893,4,0,0,0
4.2685418128967285,4,0,0,0
4.2845916748046875,4,0,0,0
4.300440311431885,4,0,0,0
4.316188097000122,4,0,0,0
4.332463026046753,4,0,0,0
4.34824800491333,4,0,0,0
4.364386558532715,4,0,0,0
4.3801281452178955,4,0,0,0
4.396826982498169,4,0,0,0
4.413363933563232,4,0,0,0
4.429203271865845,4,0,0,0
4.445186138153076,4,0,0,0
4.461191415786743,4,0,0,0
4.477037191390991,4,0,0,0
4.493368625640869,4,0,0,0
4.509512662887573,4,0,0,0
4.525503396987915,4,0,0,0
4.541339635848999,4,0,0,0
4.557032823562622,4,0,0,0
4.5734639167785645,4,0,0,0
4.589495897293091,4,0,0,0
4.605403900146484,4,0,0,0
4.62134861946106,4,0,0,0
4.637092351913452,4,0,0,0
4.653400897979736,4,0,0,0
4.669272422790527,4,0,0,0
4.685224533081055,4,0,0,0
4.701358079910278,4,1,0,1
4.717487812042236,4,1,0,1
4.73314094543457,4,1,0,1
4.749074697494507,4,1,0,1
4.765186548233032,4,1,0,1
4.780986070632935,4,1,0,1
4.797590017318726,4,1,0,1
4.813640594482422,4,0,0,1
4.829315423965454,4,0,0,1
4.845481634140015,4,0,0,1
4.8613550662994385,4,0,0,1
4.877070188522339,4,0,0,1
4.893894672393799,4,0,0,1
4.909488677978516,4,0,0,1
4.925795078277588,4,0,0,1
4.941654205322266,4,0,0,1
4.9574713706970215,4,0,0,1
4.973560810089111,4,0,0,1
4.989151477813721,4,0,0,1
5.005223751068115,4,0,0,1
5.021376848220825,4,0,0,1
5.037308931350708,4,0,0,1
5.053229331970215,4,0,0,1
5.068989992141724,4,0,0,1
5.086148500442505,4,0,0,1
5.102107763290405,4,0,0,1
5.118625640869141,4,0,0,1
5.134601831436157,4,0,0,1
5.150649785995483,4,0,0,1
5.166821718215942,4,0,0,1
5.182785272598267,4,0,0,1
5.198381662368774,4,0,0,1
5.214376926422119,4,0,0,1
5.230748653411865,4,0,0,1
5.245883941650391,4,0,0,1
5.261726140975952,4,0,0,1
5.277313470840454,4,0,0,1
5.293243408203125,4,0,0,1
5.309638977050781,4,0,0,1
5.325719594955444,4,0,0,1
5.341659307479858,4,0,0,1
5.357185125350952,4,0,0,1
5.373140811920166,4,0,0,1
5.3899407386779785,4,0,0,1
5.406407594680786,4,0,0,1
5.422439098358154,4,0,0,1
5.438862085342407,4,0,0,1
5.454862833023071,4,0,0,1
5.469987154006958,4,0,0,1
5.486939191818237,4,0,0,1
5.503010511398315,4,0,0,1
5.519749164581299,4,0,0,1
5.535922527313232,4,0,0,1
5.5511322021484375,4,0,0,1
5.567141532897949,4,0,0,1
5.5833899974823,4,0,0,1
5.599252223968506,4,0,0,1
5.61510443687439,4,0,0,1
5.63125205039978,4,0,0,1
5.647173643112183,4,0,0,1
5.663276672363281,4,0,0,1
5.6795814037323,4,0,0,1
5.695361137390137,4,0,0,1
5.711459398269653,4,0,0,1
5.727337837219238,4,0,0,1
5.743502140045166,4,0,0,1
5.75915265083313,4,0,0,1
5.775468587875366,4,0,0,1
5.791654348373413,4,0,0,1
5.807485818862915,4,0,0,1
5.823688507080078,4,0,0,1
5.839340925216675,4,0,0,1
5.855061054229736,4,0,0,1
5.8711466789245605,4,0,0,1
5.887033939361572,4,0,0,1
5.9032883644104,4,0,0,1
5.919900178909302,4,0,0,1
5.935796737670898,4,0,0,1
5.951981067657471,4,0,0,1
5.968773365020752,4,0,0,1
5.984883785247803,4,0,0,1
5.999987602233887,4,0,0,1
6.016901969909668,4,0,0,1
6.032269477844238,4,0,0,1
6.048012733459473,4,0,0,1
6.064430236816406,4,0,0,1
6.079973459243774,4,0,0,1
6.096782207489014,4,0,0,1
6.11212158203125,4,0,0,1
6.127974033355713,4,0,0,1
6.144515514373779,4,0,0,1
6.160689353942871,4,0,0,1
6.176544427871704,4,0,0,1
6.192699432373047,4,0,0,1
6.208363771438599,4,0,0,1
6.224570989608765,4,0,0,1
6.240895509719849,4,0,0,1
6.257890224456787,4,0,0,1
6.275248765945435,4,0,0,1
6.290680170059204,4,0,0,1
6.306705713272095,4,0,0,1
6.322829723358154,4,0,0,1
6.337989330291748,4,0,0,1
6.354178190231323,4,0,0,1
6.3707921504974365,4,0,0,1
6.387006044387817,4,0,0,1
6.403110504150391,4,0,0,1
6.419306755065918,4,0,0,1
6.4355103969573975,4,0,0,1
6.451769113540649,4,0,0,1
6.466970682144165,4,0,0,1
6.483063697814941,4,0,0,1
6.499680995941162,4,0,0,1
6.515897750854492,4,0,0,1
6.53134822845459,4,0,0,1
6.547397136688232,4,0,0,1
6.563474178314209,4,0,0,1
6.579112768173218,4,0,0,1
6.595304250717163,4,0,0,1
6.611669540405273,4,0,0,1
6.627461671829224,4,0,0,1
6.643739223480225,4,0,0,1
6.659193515777588,4,0,0,1
6.6752541065216064,4,0,0,1
6.69161581993103,4,0,0,1
6.707860231399536,4,0,0,0
6.742733716964722,1,0,0,0
6.757176160812378,1,0,0,0
6.773000955581665,1,0,0,0
6.78914213180542,1,0,0,0
6.805165767669678,1,0,0,0
6.821613788604736,1,0,0,0
6.837039947509766,1,0,0,0
6.852893590927124,1,0,0,0
6.8696372509002686,1,0,0,0
6.885509014129639,1,0,0,0
6.900861978530884,1,0,0,0
6.917684316635132,1,0,0,0
6.933511257171631,1,0,0,0
6.949640274047852,1,0,0,0
6.965446710586548,1,0,0,0
6.981725454330444,1,0,0,0
6.997611045837402,1,0,0,0
7.013424396514893,1,0,0,0
7.0288779735565186,1,0,0,0
7.045729637145996,1,0,0,0
7.0610833168029785,1,0,0,0
7.076963901519775,1,0,0,0
7.0929274559021,1,0,0,0
7.108919858932495,1,0,0,0
7.125802516937256,1,0,0,0
7.142141580581665,1,0,0,0
7.158812046051025,1,0,0,0
7.174612045288086,1,0,0,0
7.190020561218262,1,0,0,0
7.2068235874176025,1,0,0,0
7.223629713058472,1,0,0,0
7.23829984664917,1,0,0,0
7.254052400588989,1,0,0,0
7.270124912261963,1,0,0,0
7.286862373352051,1,0,0,0
7.302852153778076,1,0,0,0
7.3196494579315186,1,0,0,0
7.335550785064697,1,0,0,0
7.350894451141357,1,0,0,0
7.36775279045105,1,0,0,0
7.3917670249938965,1,1,1,0
7.400103569030762,1,1,1,0
7.415921211242676,1,1,1,0
7.432116508483887,1,1,1,0
7.448214530944824,1,1,1,0
7.4640092849731445,1,1,1,0
7.480743885040283,1,1,1,0
7.496648788452148,1,0,0,0
7.512117147445679,1,0,0,0
7.531226634979248,1,0,0,0
7.547367572784424,1,0,0,0
7.563449144363403,1,0,0,0
7.582354784011841,1,0,0,0
7.59871768951416,1,0,0,0
7.614681720733643,1,0,0,0
7.629948616027832,1,0,0,0
7.646474361419678,1,0,0,0
7.662458181381226,1,0,0,0
7.678380727767944,1,0,0,0
7.694081783294678,1,0,0,0
7.709911108016968,1,0,0,0
7.7263994216918945,1,0,0,0
7.742610216140747,1,0,0,0
7.758581161499023,1,0,0,0
7.773930072784424,1,0,0,0
7.789916038513184,1,0,0,0
7.805968523025513,1,0,0,0
7.8220391273498535,1,0,0,0
7.838064908981323,1,0,0,0
7.85422420501709,1,0,0,0
7.870143175125122,1,0,0,0
7.886558771133423,1,0,0,0
7.901962995529175,1,0,0,0
7.917845964431763,1,0,0,0
7.93390965461731,1,0,0,0
7.949930191040039,1,0,0,0
7.966457366943359,1,0,0,0
7.982297420501709,1,0,0,0
7.998488426208496,1,0,0,0
8.014075994491577,1,0,0,0
8.030121326446533,1,0,0,0
8.046416997909546,1,0,0,0
8.062087535858154,1,0,0,0
8.07813572883606,1,0,0,0
8.094777345657349,1,0,0,0
8.110004186630249,1,0,0,0
8.126439571380615,1,0,0,0
8.142109632492065,1,0,0,0
8.158100366592407,1,0,0,0
8.17470908164978,1,0,0,0
8.198442935943604,4,1,1,0
8.20651626586914,4,1,1,0
8.222275257110596,4,1,1,0
8.238540649414062,4,1,1,0
8.254435300827026,4,1,1,0
8.270566463470459,4,1,1,0
8.285850763320923,4,1,1,0
8.3019859790802,4,1,1,0
8.31862497329712,4,0,0,0
8.334196329116821,4,0,0,0
8.355289459228516,4,0,0,0
8.371130466461182,4,0,0,0
8.38751220703125,4,0,0,0
8.408066272735596,4,0,0,0
8.424505710601807,4,0,0,0
8.440157413482666,4,0,0,0
8.456103324890137,4,0,0,0
8.472565650939941,4,0,0,0
8.488418340682983,4,0,0,0
8.504625082015991,4,0,0,0
8.520293712615967,4,0,0,0
8.536509037017822,4,0,0,0
8.55193543434143,4,0,0,0
8.568077802658081,4,0,0,0
8.58432650566101,4,0,0,0
8.600797653198242,4,0,0,0
8.617818832397461,4,0,0,0
8.633233070373535,4,0,0,0
8.64898157119751,4,0,0,0
8.665151357650757,4,0,0,0
8.681849479675293,4,0,0,0
8.698058605194092,4,0,0,0
8.714301824569702,4,0,0,0
8.730235576629639,4,0,0,0
8.746371030807495,4,0,0,0
8.76217770576477,4,0,0,0
8.778210639953613,4,0,0,0
8.794516563415527,4,0,0,0
8.81032419204712,4,0,0,0
8.826342582702637,4,0,0,0
8.842215299606323,4,0,0,0
8.85793137550354,4,0,0,0
8.873916625976562,4,0,0,0
8.890663385391235,4,0,0,0
8.906501531600952,4,0,0,0
8.922115325927734,4,0,0,0
8.937989234924316,4,0,0,0
8.954078674316406,4,0,0,0
8.970054626464844,4,0,0,0
8.985915660858154,4,0,0,0
9.002495765686035,4,0,0,0
9.01839280128479,4,0,0,0
9.034464597702026,4,0,0,0
9.050436019897461,4,0,0,0
9.066162347793579,4,0,0,0
9.082651376724243,4,0,0,0
9.098500967025757,4,0,0,0
9.114825248718262,4,0,0,0
9.131282567977905,4,0,0,0
9.147251844406128,4,0,0,0
9.16384744644165,4,0,0,0
9.180602550506592,4,0,0,0
9.208072662353516,3,0,0,0
9.22204875946045,3,0,0,0
9.238855600357056,3,0,0,0
9.255732774734497,3,0,0,0
9.271572351455688,3,0,0,0
9.287328004837036,3,0,0,0
9.30315375328064,3,0,0,0
9.319765567779541,3,0,0,0
9.335567474365234,3,0,0,0
9.351622581481934,3,0,0,0
9.367193698883057,3,0,0,0
9.383033752441406,3,0,0,0
9.399277210235596,3,0,0,0
9.415114641189575,3,0,0,0
9.431063175201416,3,0,0,0
9.447086095809937,3,0,0,0
9.463369369506836,3,0,0,0
9.479275703430176,3,0,0,0
9.49527096748352,3,0,0,0
9.511293888092041,3,0,0,0
9.527919054031372,3,0,0,0
9.544121742248535,3,0,0,0
9.560019254684448,3,0,0,0
9.575955152511597,3,0,0,0
9.591850280761719,3,0,0,0
9.60841703414917,3,0,0,0
9.624411582946777,3,0,0,0
9.640234470367432,3,0,0,0
9.656336307525635,3,0,0,0
9.672709465026855,3,0,0,0
9.688475131988525,3,0,0,0
9.704642534255981,3,0,0,0
9.720847129821777,3,0,0,0
9.737456560134888,3,0,0,0
9.753795385360718,3,0,0,0
9.770538091659546,3,0,0,0
9.78676724433899,3,0,0,0
9.802014112472534,3,0,0,0
9.818753719329834,3,0,0,0
9.83467698097229,3,0,0,0
9.850490093231201,3,0,0,0
9.866338968276978,3,0,0,0
9.88270616531372,3,0,0,0
9.898659229278564,3,0,0,0
9.914666652679443,3,0,0,0
9.93048882484436,3,0,0,0
9.946305990219116,3,0,0,0
9.962701082229614,3,0,0,0
9.978424310684204,3,0,0,0
9.99398398399353,3,0,0,0
10.010208368301392,3,0,0,0
10.025952816009521,3,0,0,0
10.04247522354126,3,0,0,0
10.058298349380493,3,0,0,0
10.074148654937744,3,0,0,0
10.096996307373047,3,0,0,0
10.113860845565796,3,0,0,0
10.1298668384552,3,0,0,0
10.14614200592041,3,0,0,0
10.161937236785889,3,0,0,0
10.177908420562744,3,0,0,0
10.19473385810852,3,0,0,0
10.216662645339966,3,0,0,0
10.226436376571655,3,0,0,0
10.241163969039917,3,0,0,0
10.25685453414917,3,0,0,0
10.273619174957275,3,0,0,0
10.289408683776855,3,0,0,0
10.305735111236572,3,0,0,0
10.321499347686768,3,0,0,0
10.337599039077759,3,0,0,0
10.353014945983887,3,0,0,0
10.369272232055664,3,0,0,0
10.385237455368042,3,0,0,0
10.401374340057373,3,0,0,0
10.416970491409302,3,0,0,0
10.4332275390625,3,0,0,0
10.449496030807495,3,0,0,0
10.46540117263794,3,0,0,0
10.481564044952393,3,0,0,0
10.497134447097778,3,0,0,0
10.5132737159729,3,0,0,0
10.529529809951782,3,0,0,0
10.545343399047852,3,0,0,0
10.561419486999512,3,0,0,0
10.577614784240723,3,0,0,0
10.593036651611328,3,0,0,0
10.609219312667847,3,0,0,0
10.625032186508179,3,0,0,0
10.641090154647827,3,0,0,0
10.65698504447937,3,0,0,0
10.67314863204956,3,0,0,0
10.689491033554077,3,0,0,0
10.705384492874146,3,0,0,0
10.721544027328491,3,0,0,0
10.73740530014038,3,0,0,0
10.754426002502441,3,0,0,0
10.77007246017456,3,0,0,0
10.78668999671936,3,0,0,0
10.802752494812012,3,0,0,0
10.818256855010986,3,0,0,0
10.834644317626953,3,0,0,0
10.850814580917358,3,0,0,0
10.867369890213013,3,0,0,0
10.88358736038208,3,0,0,0
10.898877620697021,3,0,0,0
10.91530156135559,3,0,0,0
10.931421518325806,3,0,0,0
10.947129487991333,3,0,0,0
10.963354349136353,3,0,0,0
10.979584217071533,3,0,0,0
10.995186805725098,3,0,0,0
11.011243104934692,3,0,0,0
11.027841091156006,3,0,0,0
11.043978214263916,3,0,0,0
11.06020450592041,3,0,0,0
11.07678747177124,3,0,0,0
11.092033863067627,3,0,0,0
11.108729362487793,3,0,0,0
11.124856233596802,3,0,0,0
11.141156435012817,3,0,0,0
11.15687108039856,3,0,0,0
11.173849105834961,3,0,0,0
11.190568685531616,3,0,0,0
11.206554889678955,3,0,0,0
11.229511976242065,5,0,0,0
11.238059282302856,5,0,0,0
11.25414752960205,5,0,0,0
11.269937515258789,5,0,0,0
11.28656530380249,5,0,0,0
11.30185341835022,5,0,0,0
11.318656206130981,5,0,0,0
11.334729194641113,5,0,0,0
11.350083589553833,5,0,0,0
11.366115093231201,5,0,0,0
11.382313251495361,5,0,0,0
11.398795366287231,5,0,0,0
11.414829969406128,5,0,0,0
11.431100606918335,5,0,0,0
11.447551250457764,5,0,0,0
11.46353816986084,5,0,0,0
11.479053258895874,5,0,0,0
11.495057582855225,5,0,0,0
11.511254787445068,5,0,0,0
11.527816772460938,5,0,0,0
11.54398798942566,5,0,0,0
11.560657501220703,5,0,0,0
11.578235626220703,5,0,0,0
11.593936681747437,5,0,0,0
11.610106229782104,5,0,0,0
11.626649856567383,5,0,0,0
11.642000675201416,5,0,0,0
11.658917903900146,5,0,0,0
11.675156354904175,5,0,0,0
11.691741228103638,5,0,0,0
11.70782208442688,5,0,0,0
11.723055124282837,5,0,0,0
11.73988151550293,5,0,0,0
11.756813764572144,5,0,0,0
11.77348780632019,5,0,0,0
11.78943133354187,5,0,0,0
11.80566954612732,5,0,0,0
11.821413516998291,5,0,0,0
11.837464094161987,5,0,0,0
11.853281259536743,5,0,0,0
11.869765758514404,5,0,0,0
11.885033130645752,5,0,0,0
11.901803493499756,5,0,0,0
11.91882872581482,5,0,0,0
11.935094594955444,5,0,0,0
11.95163893699646,5,0,0,0
11.96759843826294,5,0,0,0
11.983381748199463,5,0,0,0
11.999342679977417,5,0,0,0
12.015656471252441,5,0,0,0
12.031251192092896,5,0,0,0
12.047672033309937,5,0,0,0
12.063531398773193,5,0,0,0
12.079634189605713,5,0,0,0
12.09499740600586,5,0,0,0
12.11176085472107,5,0,0,0
12.127837419509888,5,0,0,0
12.144598007202148,5,0,0,0
12.160730600357056,5,0,0,0
12.17613410949707,5,0,0,0
12.192049980163574,5,0,0,0
12.20801568031311,5,0,0,0
12.232505798339844,4,0,0,0
12.241586446762085,4,0,0,0
12.257526159286499,4,0,0,0
12.273056745529175,4,0,0,0
12.289124488830566,4,0,0,0
12.30563998222351,4,0,0,0
12.321688652038574,4,0,0,0
12.336888313293457,4,0,0,0
12.353614807128906,4,0,0,0
12.369607925415039,4,0,0,0
12.385464429855347,4,0,0,0
12.401386260986328,4,0,0,0
12.417500019073486,4,0,0,0
12.433321952819824,4,0,0,0
12.449061870574951,4,0,0,0
12.465811491012573,4,0,0,0
12.48271894454956,4,0,0,0
12.498801469802856,4,0,0,0
12.515598773956299,4,0,0,0
12.531729936599731,4,0,0,0
12.546940803527832,4,0,0,0
12.563663005828857,4,0,0,0
12.579753875732422,4,0,0,0
12.59551191329956,4,0,0,0
12.611670970916748,4,0,0,0
12.62697148323059,4,0,0,0
12.643618822097778,4,0,0,0
12.659674882888794,4,0,0,0
12.675556659698486,4,0,0,0
12.691700220108032,4,0,0,0
12.707041501998901,4,0,0,0
12.723625659942627,4,0,0,0
12.739770650863647,4,0,0,0
12.755638599395752,4,0,0,0
12.771872282028198,4,0,0,0
12.788209199905396,4,0,0,0
12.804343461990356,4,0,0,0
12.82042145729065,4,0,0,0
12.835961103439331,4,0,0,0
12.85212254524231,4,0,0,0
12.868250131607056,4,0,0,0
12.883991241455078,4,0,0,0
12.900012731552124,4,0,0,0
12.916788339614868,4,0,0,0
12.932969570159912,4,0,0,0
12.94917917251587,4,0,0,0
12.965769529342651,4,0,0,0
12.981798887252808,4,0,0,0
12.997037887573242,4,0,0,0
13.013277292251587,4,0,0,0
13.02951169013977,4,0,0,0
13.045063972473145,4,0,0,0
13.061161518096924,4,0,0,0
13.077560186386108,4,0,0,0
13.093039512634277,4,0,0,0
13.109420776367188,4,0,0,0
13.12495732307434,4,0,0,0
13.140981674194336,4,0,0,0
13.15735936164856,4,0,0,0
13.172963380813599,4,0,0,0
13.189890146255493,4,0,0,0
13.206400871276855,4,0,0,0
13.24228024482727,4,0,0,0
13.254911661148071,4,0,0,0
13.27088713645935,4,0,0,0
13.287327766418457,4,0,0,0
13.303247690200806,4,0,0,0
13.31937050819397,4,0,0,0
13.33509874343872,4,0,0,0
13.35097885131836,4,0,0,0
13.36750054359436,4,0,0,0
13.38344669342041,4,0,0,0
13.399571180343628,4,0,0,0
13.415255546569824,4,0,0,0
13.431246280670166,4,0,0,0
13.44786810874939,4,0,0,0
13.46407413482666,4,0,0,0
13.48024868965149,4,0,0,0
13.496086359024048,4,0,0,0
13.512038946151733,4,0,0,0
13.528605937957764,4,0,0,0
13.544562101364136,4,0,0,0
13.560680150985718,4,0,0,0
13.576678037643433,4,0,0,0
13.59259557723999,4,0,0,0
13.608232736587524,4,0,0,0
13.624183177947998,4,0,0,0
13.640299081802368,4,0,0,0
13.656244039535522,4,0,0,0
13.672231435775757,4,0,0,0
13.688063144683838,4,0,0,0
13.70407223701477,4,0,0,0
13.720287799835205,4,0,0,0
13.736111164093018,4,0,0,0
13.752140283584595,4,0,0,0
13.768748998641968,4,0,0,0
13.784679412841797,4,0,0,0
13.80071234703064,4,0,0,0
13.816791296005249,4,0,0,0
13.832645893096924,4,0,0,0
13.84794569015503,4,0,0,0
13.864836692810059,4,0,0,0
13.880834579467773,4,0,0,0
13.897508144378662,4,0,0,0
13.91340184211731,4,0,0,0
13.929468154907227,4,0,0,0
13.945874452590942,4,0,0,0
13.962050437927246,4,0,0,0
13.978389978408813,4,0,0,0
13.997363805770874,4,0,0,0
14.013211965560913,4,0,0,0
14.029199600219727,4,0,0,0
14.045603513717651,4,0,0,0
14.061122417449951,4,0,0,0
14.077234506607056,4,0,0,0
14.093376636505127,4,0,0,0
14.109820127487183,4,0,0,0
14.126784801483154,4,0,0,0
14.141937971115112,4,0,0,0
14.158633470535278,4,0,0,0
14.174505233764648,4,0,0,0
14.190155744552612,4,0,0,0
14.2061288356781,4,0,0,0
14.222540855407715,4,0,0,0
14.247401237487793,1,0,0,0
14.259126424789429,1,0,0,0
14.27523922920227,1,0,0,0
14.29170823097229,1,0,0,0
14.307860374450684,1,0,0,0
14.323893547058105,1,0,0,0
14.340853452682495,1,0,0,0
14.35741376876831,1,0,0,0
14.373534679412842,1,0,0,0
14.38956880569458,1,0,0,0
14.40529179573059,1,0,0,0
14.421335458755493,1,0,0,0
14.437093257904053,1,0,0,0
14.453172206878662,1,0,0,0
14.469412565231323,1,0,0,0
14.485077142715454,1,0,0,0
14.501363754272461,1,0,0,0
14.517144918441772,1,0,0,0
14.533045768737793,1,0,0,0
14.548901319503784,1,0,0,0
14.56572413444519,1,0,0,0
14.58159327507019,1,0,0,0
14.597226619720459,1,0,0,0
14.613330125808716,1,0,0,0
14.629494905471802,1,0,0,0
14.645406723022461,1,0,0,0
14.661280393600464,1,0,0,0
14.685322046279907,2,1,1,0
14.694812297821045,2,1,1,0
14.711760520935059,2,1,1,0
14.72702145576477,2,1,1,0
14.743285417556763,2,0,0,0
14.759119749069214,2,0,0,0
14.775877237319946,2,0,0,0
14.792768478393555,2,0,0,0
14.808404445648193,2,0,0,0
14.827918529510498,2,0,0,0
14.84475040435791,2,0,0,0
14.86030101776123,2,0,0,0
14.876925230026245,2,0,0,0
14.893521308898926,2,0,0,0
14.909481763839722,2,0,0,0
14.925026416778564,2,0,0,0
14.941741228103638,2,0,0,0
14.960817098617554,2,0,0,0
14.976730346679688,2,0,0,0
14.992802143096924,2,0,0,0
15.009629487991333,2,0,0,0
15.025916576385498,2,0,0,0
15.041983366012573,2,0,0,0
15.05808401107788,2,0,0,0
15.074047803878784,2,0,0,0
15.091198444366455,2,0,0,0
15.107183694839478,2,0,0,0
15.123623609542847,2,0,0,0
15.13943362236023,2,0,0,0
15.155523300170898,2,0,0,0
15.171391725540161,2,0,0,0
15.187156677246094,2,0,0,0
15.203285694122314,2,0,0,0
15.219296932220459,2,0,0,0
15.235384941101074,2,0,0,0
15.251535177230835,2,0,0,0
15.267651319503784,2,0,0,0
15.283354759216309,2,0,0,0
15.299147605895996,2,0,0,0
15.315735578536987,2,0,0,0
15.331603765487671,2,0,0,0
15.347403049468994,2,0,0,0
15.363752126693726,2,0,0,0
15.379816055297852,2,0,0,0
15.395238637924194,2,0,0,0
15.41109299659729,2,0,0,0
15.426983118057251,2,0,0,0
15.443520784378052,2,0,0,0
15.459300756454468,2,0,0,0
15.475717544555664,2,0,0,0
15.494720697402954,2,0,0,0
15.509578943252563,2,0,0,0
15.52522325515747,2,0,0,0
15.541817665100098,2,0,0,0
15.557923793792725,2,0,0,0
15.574028015136719,2,0,0,0
15.59043550491333,2,0,0,0
15.60668659210205,2,0,0,0
15.622406244277954,2,0,0,0
15.638173818588257,2,0,0,0
15.653975486755371,2,0,0,0
15.67077112197876,2,0,0,0
15.70012378692627,5,0,0,0
15.715463876724243,5,0,0,0
15.732227563858032,5,0,0,0
15.74855923652649,5,0,0,0
15.764628648757935,5,0,0,0
15.7802414894104,5,0,0,0
15.796048641204834,5,0,0,0
15.812712907791138,5,0,0,0
15.828615665435791,5,0,0,0
15.844767093658447,5,0,0,0
15.860497951507568,5,0,0,0
15.876368761062622,5,0,0,0
15.89265513420105,5,0,0,0
15.908478021621704,5,0,0,0
15.924408197402954,5,0,0,0
15.940148115158081,5,0,0,0
15.956002473831177,5,0,0,0
15.972405910491943,5,0,0,0
15.988252639770508,5,0,0,0
16.00417160987854,5,0,0,0
16.02078413963318,5,0,0,0
16.036603212356567,5,0,0,0
16.052191019058228,5,0,0,0
16.06802487373352,5,0,0,0
16.084961652755737,5,0,0,0
16.101627588272095,5,0,0,0
16.117493152618408,5,0,0,0
16.13292407989502,5,0,0,0
16.149796962738037,5,0,0,0
16.165740728378296,5,0,0,0
16.181606769561768,5,0,0,0
16.1976158618927,5,0,0,0
16.213067770004272,5,0,0,0
16.229856967926025,5,0,0,0
16.245760917663574,5,0,0,0
16.261828899383545,5,0,0,0
16.278606414794922,5,0,0,0
16.294832706451416,5,0,0,0
16.311854600906372,5,0,0,0
16.327842950820923,5,0,0,0
16.344144821166992,5,0,0,0
16.359874725341797,5,0,0,0
16.37680983543396,5,0,0,0
16.39331865310669,5,0,0,0
16.40941309928894,5,0,0,0
16.425023317337036,5,0,0,0
16.440955638885498,5,0,0,0
16.457016706466675,5,0,0,0
16.473636150360107,5,0,0,0
16.48925805091858,5,0,0,0
16.50567388534546,5,0,0,0
16.524030923843384,5,0,0,0
16.540628910064697,5,0,0,0
16.55693817138672,5,0,0,0
16.573691368103027,5,0,0,0
16.588956832885742,5,0,0,0
16.605268239974976,5,0,0,0
16.620985984802246,5,0,0,0
16.637179136276245,5,0,0,0
16.653132677078247,5,0,0,0
16.668977737426758,5,0,0,0
16.68571949005127,5,0,0,0
16.71046733856201,1,0,0,0
16.718379020690918,1,0,0,0
16.73412799835205,1,0,0,0
16.750186443328857,1,0,0,0
16.769773960113525,1,0,0,0
16.785691738128662,1,0,0,0
16.801553964614868,1,0,0,0
16.818042993545532,1,0,0,0
16.84058451652527,3,1,1,0
16.85026240348816,3,1,1,0
16.86617636680603,3,1,1,0
16.88245916366577,3,1,1,0
16.898561239242554,3,1,1,0
16.914592266082764,3,0,0,0
16.930349111557007,3,0,0,0
16.94621515274048,3,0,0,0
16.962522506713867,3,0,0,0
16.978256464004517,3,0,0,0
16.994084119796753,3,0,0,0
17.009933948516846,3,0,0,0
17.026679277420044,3,0,0,0
17.042039155960083,3,0,0,0
17.057910919189453,3,0,0,0
17.074037551879883,3,0,0,0
17.091530561447144,3,0,0,0
17.107328176498413,3,0,0,0
17.12380623817444,3,0,0,0
17.140633821487427,3,0,0,0
17.156511068344116,3,0,0,0
17.172204732894897,3,0,0,0
17.187886953353882,3,0,0,0
17.204171180725098,3,0,0,0
17.219966650009155,3,0,0,0
17.23682188987732,3,0,0,0
17.253825187683105,3,0,0,0
17.27064085006714,3,0,0,0
17.285993099212646,3,0,0,0
17.302188873291016,3,0,0,0
17.318474054336548,3,0,0,0
17.33435082435608,3,0,0,0
17.353136777877808,3,0,0,0
17.369494915008545,3,0,0,0
17.385164499282837,3,0,0,0
17.400980234146118,3,0,0,0
17.417431592941284,3,0,0,0
17.43334650993347,3,0,0,0
17.449289083480835,3,0,0,0
17.46563196182251,3,0,0,0
17.48142099380493,3,0,0,0
17.4975643157959,3,0,0,0
17.51339101791382,3,0,0,0
17.529229640960693,3,0,0,0
17.54506278038025,3,0,0,0
17.561786890029907,3,0,0,0
17.577527284622192,3,0,0,0
17.59334659576416,3,0,0,0
17.609216451644897,3,0,0,0
17.625093460083008,3,0,0,0
17.640855073928833,3,0,0,0
17.657549619674683,3,0,0,0
17.67350149154663,3,0,0,0
17.689411640167236,3,0,0,0
17.705755949020386,3,0,0,0
17.721607208251953,3,0,0,0
17.737433671951294,3,0,0,0
17.753287076950073,3,0,0,0
17.76912760734558,3,0,0,0
17.78527569770813,3,0,0,0
17.800995588302612,3,0,0,0
17.817545652389526,3,0,0,0
17.83318042755127,3,0,0,0
17.85643458366394,4,0,0,0
17.86586022377014,4,1,0,1
17.88164234161377,4,1,0,1
17.89713191986084,4,1,0,1
17.913084268569946,4,1,0,1
17.929847240447998,4,1,0,1
17.946810245513916,4,0,0,1
17.96488380432129,4,0,0,1
17.981115341186523,4,0,0,1
17.9969379901886,4,0,0,1
18.0136661529541,4,0,0,1
18.02960968017578,4,0,0,1
18.045464754104614,4,0,0,1
18.061797618865967,4,0,0,1
18.078594207763672,4,0,0,1
18.094513177871704,4,0,0,1
18.1102557182312,4,0,0,1
18.1264865398407,4,0,0,1
18.142104148864746,4,0,0,1
18.158067226409912,4,0,0,1
18.174724102020264,4,0,0,1
18.190467596054077,4,0,0,1
18.206576585769653,4,0,0,1
18.222214937210083,4,0,0,1
18.23843741416931,4,0,0,1
18.254022121429443,4,0,0,1
18.27030301094055,4,0,0,1
18.28639507293701,4,0,0,1
18.302937507629395,4,0,0,1
18.319956302642822,4,0,0,1
18.336403608322144,4,0,0,1
18.352140188217163,4,0,0,1
18.368113040924072,4,0,0,1
18.384722471237183,4,0,0,1
18.40086269378662,4,0,0,1
18.41614294052124,4,0,0,1
18.43299174308777,4,0,0,1
18.450000762939453,4,0,0,1
18.466597080230713,4,0,0,1
18.482380151748657,4,0,0,1
18.498355627059937,4,0,0,1
18.514866828918457,4,0,0,1
18.531083822250366,4,0,0,1
18.547608375549316,4,0,0,1
18.563237190246582,4,0,0,1
18.57925295829773,4,0,0,1
18.595797061920166,4,0,0,1
18.611778736114502,4,0,0,1
18.627214193344116,4,0,0,1
18.643283367156982,4,0,0,1
18.659297227859497,4,0,0,1
18.67588496208191,4,0,0,1
18.692951679229736,4,0,0,1
18.709048986434937,4,0,0,1
18.725324392318726,4,0,0,1
18.74144411087036,4,0,0,1
18.757332801818848,4,0,0,1
18.773467302322388,4,0,0,1
18.789870023727417,4,0,0,1
18.805622339248657,4,0,0,1
18.82155680656433,4,0,0,1
18.837769746780396,4,0,0,1
18.853867769241333,4,0,0,1
18.869149446487427,4,0,0,1
18.885562419891357,4,0,0,1
18.901654720306396,4,0,0,1
18.917309761047363,4,0,0,1
18.933453798294067,4,0,0,1
18.94948649406433,4,0,0,1
18.965636014938354,4,0,0,1
18.98168158531189,4,0,0,1
18.99732279777527,4,0,0,1
19.013442754745483,4,0,0,1
19.029564380645752,4,0,0,1
19.045456171035767,4,0,0,1
19.061455011367798,4,0,0,1
19.0770103931427,4,0,0,1
19.09311270713806,4,0,0,1
19.109153747558594,4,0,0,1
19.125890254974365,4,0,0,1
19.142151832580566,4,0,0,1
19.15869379043579,4,0,0,1
19.174155473709106,4,0,0,1
19.190474271774292,4,0,0,1
19.206066608428955,4,0,0,1
19.222231149673462,4,0,0,1
19.23889684677124,4,0,0,1
19.255253314971924,4,0,0,1
19.27121114730835,4,0,0,1
19.287904262542725,4,0,0,1
19.303908348083496,4,0,0,1
19.319384574890137,4,0,0,1
19.335728406906128,4,0,0,1
19.35174059867859,4,0,0,1
19.367346048355103,4,0,0,1
19.383436679840088,4,0,0,1
19.398923635482788,4,0,0,1
19.415388584136963,4,0,0,1
19.43144989013672,4,0,0,1
19.447948455810547,4,0,0,1
19.46495032310486,4,0,0,1
19.480217218399048,4,0,0,1
19.49638605117798,4,0,0,1
19.5125253200531,4,0,0,1
19.528231382369995,4,0,0,1
19.54447340965271,4,0,0,1
19.560845613479614,4,0,0,1
19.576842069625854,4,0,0,1
19.5929172039032,4,0,0,1
19.608556985855103,4,0,0,1
19.62470293045044,4,0,0,1
19.640790224075317,4,0,0,1
19.656829595565796,4,0,0,1
19.672868728637695,4,0,0,1
19.68830680847168,4,0,0,1
19.704365968704224,4,0,0,1
19.720411777496338,4,0,0,1
19.736344575881958,4,0,0,1
19.752308130264282,4,0,0,1
19.768901586532593,4,0,0,1
19.78504705429077,4,0,0,1
19.801605939865112,4,0,0,1
19.817270040512085,4,0,0,1
19.833249807357788,4,0,0,1
19.849918842315674,4,0,0,1
19.866005897521973,4,0,0,0
19.896581888198853,2,0,0,0
19.910845279693604,2,0,0,0
19.927882432937622,2,0,0,0
19.94480037689209,2,0,0,0
19.96061658859253,2,0,0,0
19.976022481918335,2,0,0,0
19.992220878601074,2,0,0,0
20.008079051971436,2,0,0,0
20.02434015274048,2,0,0,0
20.040228128433228,2,0,0,0
20.05626606941223,2,0,0,0
20.07282328605652,2,0,0,0
20.090688228607178,2,0,0,0
20.106810808181763,2,0,0,0
20.123292922973633,2,0,0,0
20.139047622680664,2,0,0,0
20.15535259246826,2,0,0,0
20.17110252380371,2,0,0,0
20.186930418014526,2,0,0,0
20.203702688217163,2,0,0,0
20.21937108039856,2,0,0,0
20.235679864883423,2,0,0,0
20.251580238342285,2,0,0,0
20.26763367652893,2,0,0,0
20.283411026000977,2,0,0,0
20.299356937408447,2,0,0,0
20.314992427825928,2,0,0,0
20.331010341644287,2,0,0,0
20.347885370254517,2,0,0,0
20.36399531364441,2,0,0,0
20.38011121749878,2,0,0,0
20.39643883705139,2,0,0,0
20.41229510307312,2,0,0,0
20.42829179763794,2,0,0,0
20.444005012512207,2,0,0,0
20.46000623703003,2,0,0,0
20.47660732269287,2,0,0,0
20.492557525634766,2,0,0,0
20.508479595184326,2,0,0,0
20.52429962158203,2,0,0,0
20.540173292160034,2,0,0,0
20.556799173355103,2,0,0,0
20.573854684829712,2,0,0,0
20.589853048324585,2,0,0,0
20.60649299621582,2,0,0,0
20.62239718437195,2,0,0,0
20.638318300247192,2,0,0,0
20.6540949344635,2,0,0,0
20.669997930526733,2,0,0,0
20.686219692230225,2,0,0,0
20.702152729034424,2,0,0,0
20.718546628952026,2,0,0,0
20.734225749969482,2,0,0,0
20.75047540664673,2,0,0,0
20.766417503356934,2,0,0,0
20.785417079925537,2,0,0,0
20.800979614257812,2,0,0,0
20.81783699989319,2,0,0,0
20.834669828414917,2,1,0,1
20.850124835968018,2,1,0,1
20.866075038909912,2,1,0,1
20.882205963134766,2,1,0,1
20.89800000190735,2,1,0,1
20.914650678634644,2,1,0,1
20.93049430847168,2,1,0,1
20.946365118026733,2,0,0,1
20.962076425552368,2,0,0,1
20.97795844078064,2,0,0,1
20.993951559066772,2,0,0,1
21.010761499404907,2,0,0,1
21.02661681175232,2,0,0,1
21.0420241355896,2,0,0,1
21.058844327926636,2,0,0,1
21.075810432434082,2,0,0,1
21.092545986175537,2,0,0,1
21.108387231826782,2,0,0,1
21.124831676483154,2,0,0,1
21.141575813293457,2,0,0,1
21.157369375228882,2,0,0,1
21.17334485054016,2,0,0,1
21.18917727470398,2,0,0,1
21.20550560951233,2,0,0,1
21.221323013305664,2,0,0,1
21.237165212631226,2,0,0,1
21.252939462661743,2,0,0,1
21.26910901069641,2,0,0,1
21.285479068756104,2,0,0,1
21.30135416984558,2,0,0,1
21.31724762916565,2,0,0,1
21.3330135345459,2,0,0,1
21.349868774414062,2,0,0,1
21.36680316925049,2,0,0,1
21.383474111557007,2,0,0,1
21.399307250976562,2,0,0,1
21.415817260742188,2,0,0,1
21.432758331298828,2,0,0,1
21.448585033416748,2,0,0,1
21.46436882019043,2,0,0,1
21.48025870323181,2,0,0,1
21.49684762954712,2,0,0,1
21.513710260391235,2,0,0,1
21.529775857925415,2,0,0,1
21.54569172859192,2,0,0,1
21.563276767730713,2,0,0,1
21.57975459098816,2,0,0,1
21.595927953720093,2,0,0,1
21.612816095352173,2,0,0,1
21.628298044204712,2,0,0,1
21.644429206848145,2,0,0,1
21.660730361938477,2,0,0,1
21.67690682411194,2,0,0,1
21.692006826400757,2,0,0,1
21.708925247192383,2,0,0,1
21.72527766227722,2,0,0,1
21.740968465805054,2,0,0,1
21.757556438446045,2,0,0,1
21.77359914779663,2,0,0,1
21.789753675460815,2,0,0,1
21.80586886405945,2,0,0,1
21.821288585662842,2,0,0,1
21.837553024291992,2,0,0,1
21.853556394577026,2,0,0,1
21.868966579437256,2,0,0,1
21.885890245437622,2,0,0,1
21.901389360427856,2,0,0,1
21.917576551437378,2,0,0,1
21.933387517929077,2,0,0,1
21.94966697692871,2,0,0,1
21.965372323989868,2,0,0,1
21.981449604034424,2,0,0,1
21.99717354774475,2,0,0,1
22.012887001037598,2,0,0,1
22.02918243408203,2,0,0,1
22.044962644577026,2,0,0,1
22.061824321746826,2,0,0,1
22.077868223190308,2,0,0,1
22.094684839248657,2,0,0,1
22.109938621520996,2,0,0,1
22.126689434051514,2,0,0,1
22.142527103424072,2,0,0,1
22.158369064331055,2,0,0,1
22.174148321151733,2,0,0,1
22.190451622009277,2,0,0,1
22.206193923950195,2,0,0,1
22.222017765045166,2,0,0,1
22.237979412078857,2,0,0,1
22.25475764274597,2,0,0,1
22.26986527442932,2,0,0,1
22.286606311798096,2,0,0,1
22.302523612976074,2,0,0,1
22.31827735900879,2,0,0,1
22.334158897399902,2,0,0,1
22.350194931030273,2,0,0,1
22.366055965423584,2,0,0,1
22.381954193115234,2,0,0,1
22.39878249168396,2,0,0,1
22.414554119110107,2,0,0,1
22.430415153503418,2,0,0,1
22.446762323379517,2,0,0,1
22.462417602539062,2,0,0,1
22.47865343093872,2,0,0,1
22.49442982673645,2,0,0,1
22.51029920578003,2,0,0,1
22.52614450454712,2,0,0,1
22.542136430740356,2,0,0,1
22.55790424346924,2,0,0,1
22.574694871902466,2,0,0,1
22.590734004974365,2,0,0,1
22.606117010116577,2,0,0,1
22.622045278549194,2,0,0,1
22.638367891311646,2,0,0,1
22.654325008392334,2,0,0,1
22.670830965042114,2,0,0,1
22.68652582168579,2,0,0,1
22.702730894088745,2,0,0,1
22.71835470199585,2,0,0,1
22.734304666519165,2,0,0,1
22.750802755355835,2,0,0,1
22.766362190246582,2,0,0,1
22.782527923583984,2,0,0,1
22.798930406570435,2,0,0,1
22.815825700759888,2,0,0,1
22.831139087677002,2,0,0,1
22.847497940063477,2,0,0,0
22.881354331970215,2,0,0,0
22.895416736602783,2,0,0,0
22.91128635406494,2,0,0,0
22.927268028259277,2,0,0,0
22.943214178085327,2,0,0,0
22.95902919769287,2,0,0,0
22.975831985473633,2,0,0,0
22.992592334747314,2,0,0,0
23.008761644363403,2,0,0,0
23.02454686164856,2,0,0,0
23.040217399597168,2,0,0,0
23.05667996406555,2,0,0,0
23.072335958480835,2,0,0,0
23.089597940444946,2,0,0,0
23.105493307113647,2,0,0,0
23.12132954597473,2,0,0,0
23.137814044952393,2,0,0,0
23.154529809951782,2,0,0,0
23.17067003250122,2,0,0,0
23.186447620391846,2,0,0,0
23.20211386680603,2,0,0,0
23.218810081481934,2,0,0,0
23.235520601272583,2,0,0,0
23.25098466873169,2,0,0,0
23.26788330078125,2,0,0,0
23.283907413482666,2,0,0,0
23.300270080566406,2,0,0,0
23.316069841384888,2,0,0,0
23.33283543586731,2,0,0,0
23.34980535507202,2,0,0,0
23.36654257774353,2,0,0,0
23.382673263549805,2,0,0,0
23.39888834953308,2,0,0,0
23.414849519729614,2,0,0,0
23.431082725524902,2,0,0,0
23.44694709777832,2,0,0,0
23.463767051696777,2,0,0,0
23.479467153549194,2,0,0,0
23.49518132209778,2,0,0,0
23.511325359344482,2,0,0,0
23.52723503112793,2,1,0,1
23.543556451797485,2,1,0,1
23.559422731399536,2,1,0,1
23.575408220291138,2,1,0,1
23.59120798110962,2,1,0,1
23.607223510742188,2,1,0,1
23.623178720474243,2,1,0,1
23.63979196548462,2,0,0,1
23.655107498168945,2,0,0,1
23.671550989151,2,0,0,1
23.6874680519104,2,0,0,1
23.709919214248657,2,0,0,1
23.725005865097046,2,0,0,1
23.741379499435425,2,0,0,1
23.757346391677856,2,0,0,1
23.773030281066895,2,0,0,1
23.78915762901306,2,0,0,1
23.80556082725525,2,0,0,1
23.82117009162903,2,0,0,1
23.837320566177368,2,0,0,1
23.852962255477905,2,0,0,1
23.869179010391235,2,0,0,1
23.88562798500061,2,0,0,1
23.90142273902893,2,0,0,1
23.91760754585266,2,0,0,1
23.93333339691162,2,0,0,1
23.949426412582397,2,0,0,1
23.96576166152954,2,0,0,1
23.98150897026062,2,0,0,1
23.99716830253601,2,0,0,1
24.013173580169678,2,0,0,1
24.0293231010437,2,0,0,1
24.045626640319824,2,0,0,1
24.061858415603638,2,0,0,1
24.07702660560608,2,0,0,1
24.093736171722412,2,0,0,1
24.109965562820435,2,0,0,1
24.126509189605713,2,0,0,1
24.142168760299683,2,0,0,1
24.158390522003174,2,0,0,1
24.17423415184021,2,0,0,1
24.190077781677246,2,0,0,1
24.20640540122986,2,0,0,1
24.222949266433716,2,0,0,1
24.23918056488037,2,0,0,1
24.25509524345398,2,0,0,1
24.271042585372925,2,0,0,1
24.28728151321411,2,0,0,1
24.303595781326294,2,0,0,1
24.31998610496521,2,0,0,1
24.335593700408936,2,0,0,1
24.351380109786987,2,0,0,1
24.36785340309143,2,0,0,1
24.38373112678528,2,0,0,1
24.400030612945557,2,0,0,1
24.41582703590393,2,0,0,1
24.431768655776978,2,0,0,1
24.447009325027466,2,0,0,1
24.463806867599487,2,0,0,1
24.479050397872925,2,0,0,1
24.495734214782715,2,0,0,1
24.511496543884277,2,0,0,1
24.527631282806396,2,0,0,1
24.54349970817566,2,0,0,1
24.55965518951416,2,0,0,1
24.575002908706665,2,0,0,1
24.59167742729187,2,0,0,1
24.607325077056885,2,0,0,1
24.623476266860962,2,0,0,1
24.63974380493164,2,0,0,1
24.65514850616455,2,0,0,1
24.671149730682373,2,0,0,1
24.687414407730103,2,0,0,1
24.703394651412964,2,0,0,1
24.719663619995117,2,0,0,1
24.73506474494934,2,0,0,1
24.751723766326904,2,0,0,1
24.767011165618896,2,0,0,1
24.783867597579956,2,0,0,1
24.79918098449707,2,0,0,1
24.815901517868042,2,0,0,1
24.831759929656982,2,0,0,1
24.847015380859375,2,0,0,1
24.863784074783325,2,0,0,1
24.87909436225891,2,0,0,1
24.895584106445312,2,0,0,1
24.91121244430542,2,0,0,1
24.9275643825531,2,0,0,1
24.943652868270874,2,0,0,1
24.95991826057434,2,0,0,1
24.975547552108765,2,0,0,1
24.991644144058228,2,0,0,1
25.007893323898315,2,0,0,1
25.023741006851196,2,0,0,1
25.03911519050598,2,0,0,1
25.05501961708069,2,0,0,1
25.071134328842163,2,0,0,1
25.087390899658203,2,0,0,1
25.1033194065094,2,0,0,1
25.119508743286133,2,0,0,1
25.13592553138733,2,0,0,1
25.15247106552124,2,0,0,1
25.168468952178955,2,0,0,1
25.184263944625854,2,0,0,1
25.200303554534912,2,0,0,1
25.21763563156128,2,0,0,1
25.233915328979492,2,0,0,1
25.249135732650757,2,0,0,1
25.265748977661133,2,0,0,1
25.281173706054688,2,0,0,1
25.297362804412842,2,0,0,1
25.313175439834595,2,0,0,1
25.3292396068573,2,0,0,1
25.3450026512146,2,0,0,1
25.36184000968933,2,0,0,1
25.3769748210907,2,0,0,1
25.39383816719055,2,0,0,1
25.409014225006104,2,0,0,1
25.42582368850708,2,0,0,1
25.441564798355103,2,0,0,1
25.45778226852417,2,0,0,1
25.473757028579712,2,0,0,1
25.489936113357544,2,0,0,1
25.506441831588745,2,0,0,1
25.52245306968689,2,0,0,1
25.538734436035156,2,0,0,0
25.56703233718872,3,0,0,0
25.582026720046997,3,0,0,0
25.598422527313232,3,0,0,0
25.61409902572632,3,0,0,0
25.6302273273468,3,0,0,0
25.646336793899536,3,0,0,0
25.662195205688477,3,0,0,0
25.678178071975708,3,0,0,0
25.694599866867065,3,0,0,0
25.710229873657227,3,0,0,0
25.72626280784607,3,0,0,0
25.74212884902954,3,0,0,0
25.758200645446777,3,0,0,0
25.774506330490112,3,0,0,0
25.79027533531189,3,0,0,0
25.80631184577942,3,0,0,0
25.82239007949829,3,0,0,0
25.838340759277344,3,0,0,0
25.854530096054077,3,0,0,0
25.870445728302002,3,0,0,0
25.88631010055542,3,0,0,0
25.902077198028564,3,0,0,0
25.918075799942017,3,0,0,0
25.934290409088135,3,0,0,0
25.949970245361328,3,0,0,0
25.965909481048584,3,0,0,0
25.982733011245728,3,0,0,0
25.998892068862915,3,0,0,0
26.01521635055542,3,0,0,0
26.03094172477722,3,0,0,0
26.046926498413086,3,0,0,0
26.06358027458191,3,0,0,0
26.079620122909546,3,0,0,0
26.095832109451294,3,0,0,0
26.112406253814697,3,0,0,0
26.12846541404724,3,0,0,0
26.143920421600342,3,0,0,0
26.160584449768066,3,0,0,0
26.176605701446533,3,0,0,0
26.19254755973816,3,0,0,0
26.208658933639526,3,0,0,0
26.224056720733643,3,0,0,0
26.239787101745605,3,0,0,0
26.25500988960266,3,0,0,0
26.271165132522583,3,0,0,0
26.2869975566864,3,0,0,0
26.303000450134277,3,0,0,0
26.319257020950317,3,1,0,1
26.335850477218628,3,1,0,1
26.352100372314453,3,1,0,1
26.36849880218506,3,1,0,1
26.38467836380005,3,1,0,1
26.4009370803833,3,1,0,1
26.417101621627808,3,1,0,1
26.433708429336548,3,0,0,1
26.449907064437866,3,0,0,1
26.465266704559326,3,0,0,1
26.481701135635376,3,0,0,1
26.497936964035034,3,0,0,1
26.519757747650146,3,0,0,1
26.530770540237427,3,0,0,1
26.546849489212036,3,0,0,1
26.562365293502808,3,0,0,1
26.578094720840454,3,0,0,1
26.594031810760498,3,0,0,1
26.610823392868042,3,0,0,1
26.627697706222534,3,0,0,1
26.643213272094727,3,0,0,1
26.659037590026855,3,0,0,1
26.675078630447388,3,0,0,1
26.691739559173584,3,0,0,1
26.707664489746094,3,0,0,1
26.722992420196533,3,0,0,1
26.73904037475586,3,0,0,1
26.755025625228882,3,0,0,1
26.77093529701233,3,0,0,1
26.787781953811646,3,0,0,1
26.80377721786499,3,0,0,1
26.81960391998291,3,0,0,1
26.835571765899658,3,0,0,1
26.851553678512573,3,0,0,1
26.867396116256714,3,0,0,1
26.88339138031006,3,0,0,1
26.89919948577881,3,0,0,1
26.91516661643982,3,0,0,1
26.93093991279602,3,0,0,1
26.94781994819641,3,0,0,1
26.962878704071045,3,0,0,1
26.979758501052856,3,0,0,1
26.99578332901001,3,0,0,1
27.01154112815857,3,0,0,1
27.027483463287354,3,0,0,1
27.04330539703369,3,0,0,1
27.059126377105713,3,0,0,1
27.075181484222412,3,0,0,1
27.092794179916382,3,0,0,1
27.10956120491028,3,0,0,1
27.12557291984558,3,0,0,1
27.140926599502563,3,0,0,1
27.157768487930298,3,0,0,1
27.173253536224365,3,0,0,1
27.189149141311646,3,0,0,1
27.205442428588867,3,0,0,1
27.220912218093872,3,0,0,1
27.237869262695312,3,0,0,1
27.253177881240845,3,0,0,1
27.269335985183716,3,0,0,1
27.285402536392212,3,0,0,1
27.302032470703125,3,0,0,1
27.318053007125854,3,0,0,1
27.334088563919067,3,0,0,1
27.35038709640503,3,0,0,1
27.366387605667114,3,0,0,1
27.38218855857849,3,0,0,1
27.398480653762817,3,0,0,1
27.41460943222046,3,0,0,1
27.43073582649231,3,0,0,1
27.446446180343628,3,0,0,1
27.462383270263672,3,0,0,1
27.47852373123169,3,0,0,1
27.494484186172485,3,0,0,1
27.510828733444214,3,0,0,1
27.52665424346924,3,0,0,1
27.542410373687744,3,0,0,1
27.55855917930603,3,0,0,1
27.574466705322266,3,0,0,1
27.590653896331787,3,0,0,1
27.606353282928467,3,0,0,1
27.622257709503174,3,0,0,1
27.638376474380493,3,0,0,1
27.654602527618408,3,0,0,1
27.67079472541809,3,0,0,1
27.68657350540161,3,0,0,1
27.702376127243042,3,0,0,1
27.718549489974976,3,0,0,1
27.734602212905884,3,0,0,1
27.753182888031006,3,0,0,1
27.767479419708252,3,0,0,1
27.783424139022827,3,0,0,1
27.799670457839966,3,0,0,1
27.815717220306396,3,0,0,1
27.83199453353882,3,0,0,1
27.84987735748291,3,0,0,1
27.866692781448364,3,0,0,1
27.88274049758911,3,0,0,1
27.89808225631714,3,0,0,1
27.914356231689453,3,0,0,1
27.930251121520996,3,0,0,1
27.946696281433105,3,0,0,1
27.962671995162964,3,0,0,1
27.978020668029785,3,0,0,1
27.99482488632202,3,0,0,1
28.010764360427856,3,0,0,1
28.02626609802246,3,0,0,1
28.042252779006958,3,0,0,1
28.058663606643677,3,0,0,1
28.07407021522522,3,0,0,1
28.0909743309021,3,0,0,1
28.107430458068848,3,0,0,1
28.123435258865356,3,0,0,1
28.139564752578735,3,0,0,1
28.155836582183838,3,0,0,1
28.171735048294067,3,0,0,1
28.187340259552002,3,0,0,1
28.203411102294922,3,0,0,1
28.21983027458191,3,0,0,1
28.234954833984375,3,0,0,1
28.252282857894897,3,0,0,1
28.26802921295166,3,0,0,1
28.28413963317871,3,0,0,1
28.300339460372925,3,0,0,1
28.31683850288391,3,0,0,1
28.33208990097046,3,0,0,0
28.360922813415527,3,0,0,0
28.37470555305481,3,0,0,0
28.390824794769287,3,0,0,0
28.40646767616272,3,0,0,0
28.42201018333435,3,0,0,0
28.438673734664917,3,0,0,0
28.454346179962158,3,0,0,0
28.469961404800415,3,0,0,0
28.48644757270813,3,0,0,0
28.50222682952881,3,0,0,0
28.518715381622314,3,0,0,0
28.534509897232056,3,0,0,0
28.550320386886597,3,0,0,0
28.566022396087646,3,0,0,0
28.5827579498291,3,0,0,0
28.598427295684814,3,0,0,0
28.61461353302002,3,0,0,0
28.629905939102173,3,0,0,0
28.646580934524536,3,0,0,0
28.662431478500366,3,0,0,0
28.678428649902344,3,0,0,0
28.694334983825684,3,0,0,0
28.710175037384033,3,0,0,0
28.726253032684326,3,0,0,0
28.74203634262085,3,0,0,0
28.758358478546143,3,0,0,0
28.774068117141724,3,0,0,0
28.789981365203857,3,0,0,0
28.806466579437256,3,0,0,0
28.822795629501343,3,0,0,0
28.838711738586426,3,0,0,0
28.85457754135132,3,0,0,0
28.870627641677856,3,0,0,0
28.88683557510376,3,0,0,0
28.903916358947754,3,0,0,0
28.919905185699463,3,0,0,0
28.936342477798462,3,0,0,0
28.95226216316223,3,0,0,0
28.968603134155273,3,0,0,0
28.984549522399902,3,0,0,0
29.00052571296692,3,0,0,0
29.016013145446777,3,0,0,0
29.031988620758057,3,0,0,0
29.048354387283325,3,0,0,0
29.064374685287476,3,0,0,0
29.080497980117798,3,0,0,0
29.09594988822937,3,0,0,0
29.111878395080566,3,0,0,0
29.128437042236328,3,0,0,0
29.1445415019989,3,0,0,0
29.160489320755005,3,0,0,0
29.17631196975708,3,0,0,0
29.192652225494385,3,0,0,0
29.208487272262573,3,0,0,0
29.22607707977295,3,0,0,0
29.241437673568726,3,0,0,0
29.257509231567383,3,0,0,0
29.273499727249146,3,0,0,0
29.28887963294983,3,0,0,0
29.305837869644165,3,0,0,0
29.322810649871826,3,0,0,0
29.33925724029541,3,0,0,0
29.36318874359131,4,0,0,0
29.371389627456665,4,0,0,0
29.386998414993286,4,0,0,0
29.4031503200531,4,0,0,0
29.41960048675537,4,0,0,0
29.435532808303833,4,0,0,0
29.451534509658813,4,0,0,0
29.46690034866333,4,0,0,0
29.48376989364624,4,0,0,0
29.499199628829956,4,0,0,0
29.51514506340027,4,0,0,0
29.53136658668518,4,0,0,0
29.54694366455078,4,0,0,0
29.563782930374146,4,0,0,0
29.579259872436523,4,0,0,0
29.595308780670166,4,0,0,0
29.611371278762817,4,0,0,0
29.626954793930054,4,0,0,0
29.64299488067627,4,0,0,0
29.65947413444519,4,0,0,0
29.675384283065796,4,0,0,0
29.691197156906128,4,0,0,0
29.706934690475464,4,0,0,0
29.723670482635498,4,0,0,0
29.739003896713257,4,0,0,0
29.755804777145386,4,0,0,0
29.771641969680786,4,0,0,0
29.7874698638916,4,0,0,0
29.803240299224854,4,0,0,0
29.81946611404419,4,0,0,0
29.835310697555542,4,0,0,0
29.851111888885498,4,0,0,0
29.866901397705078,4,0,0,0
29.883708477020264,4,0,0,0
29.899659633636475,4,0,0,0
29.915562391281128,4,0,0,0
29.93150782585144,4,0,0,0
29.947763442993164,4,0,0,0
29.963917016983032,4,0,0,0
29.980456590652466,4,0,0,0
29.996898889541626,4,0,0,0
30.01378870010376,4,0,0,0
30.029034852981567,4,0,0,0
30.047324657440186,4,0,0,0
30.063750982284546,4,0,0,0
30.079435110092163,4,0,0,0
30.09539222717285,4,0,0,0
30.111366748809814,4,0,0,0
30.12727117538452,4,0,0,0
30.14331340789795,4,0,0,0
30.158886909484863,4,0,0,0
30.17583417892456,4,0,0,0
30.19215989112854,4,0,0,0
30.208091020584106,4,0,0,0
30.22417140007019,4,0,0,0
30.2401442527771,4,0,0,0
30.256030559539795,4,0,0,0
30.27244758605957,4,0,0,0
30.288376808166504,4,0,0,0
30.304473161697388,4,0,0,0
30.32005763053894,4,0,0,0
30.335940837860107,4,0,0,0
30.352385997772217,4,0,0,0
30.374439239501953,3,0,0,0
30.384365797042847,3,0,0,0
30.399950742721558,3,0,0,0
30.41594672203064,3,0,0,0
30.432341814041138,3,0,0,0
30.448240041732788,3,0,0,0
30.464205741882324,3,0,0,0
30.48084855079651,3,0,0,0
30.49772310256958,3,0,0,0
30.513771295547485,3,0,0,0
30.529716968536377,3,0,0,0
30.54583716392517,3,0,0,0
30.562166213989258,3,0,0,0
30.578089475631714,3,0,0,0
30.594342470169067,3,0,0,0
30.610278844833374,3,0,0,0
30.626204252243042,3,0,0,0
30.642502307891846,3,0,0,0
30.65833592414856,3,0,0,0
30.674365758895874,3,0,0,0
30.690771102905273,3,0,0,0
30.706740856170654,3,0,0,0
30.722270727157593,3,0,0,0
30.738282442092896,3,0,0,0
30.75449538230896,3,0,0,0
30.770920038223267,3,0,0,0
30.786996841430664,3,0,0,0
30.803098678588867,3,0,0,0
30.82060194015503,3,0,0,0
30.835981130599976,3,0,0,0
30.85280466079712,3,0,0,0
30.86795139312744,3,0,0,0
30.884410858154297,3,0,0,0
30.900564432144165,3,0,0,0
30.916563749313354,3,0,0,0
30.9328556060791,3,0,0,0
30.94986867904663,3,0,0,0
30.965839862823486,3,0,0,0
30.98195171356201,3,0,0,0
30.99800944328308,3,0,0,0
31.014511108398438,3,0,0,0
31.03049349784851,3,0,0,0
31.04642128944397,3,0,0,0
31.06217861175537,3,0,0,0
31.078025817871094,3,0,0,0
31.09454917907715,3,0,0,0
31.110628366470337,3,0,0,0
31.126644611358643,3,0,0,0
31.142209768295288,3,0,0,0
31.1581711769104,3,0,0,0
31.174535274505615,3,0,0,0
31.190568923950195,3,0,0,0
31.20662236213684,3,0,0,0
31.22226047515869,3,0,0,0
31.23809790611267,3,0,0,0
31.254371881484985,3,0,0,0
31.2703754901886,3,0,0,0
31.28636622428894,3,0,0,0
31.302293062210083,3,0,0,0
31.31812357902527,3,0,0,0
31.334311723709106,3,0,0,0
31.350228786468506,3,0,0,0
31.366111755371094,3,0,0,0
31.388708353042603,3,0,0,0
31.400623559951782,3,0,0,0
31.416537046432495,3,0,0,0
31.432027101516724,3,0,0,0
31.44792890548706,3,0,0,0
31.46448850631714,3,0,0,0
31.480446100234985,3,0,0,0
31.496397495269775,3,0,0,0
31.512091636657715,3,0,0,0
31.527967929840088,3,0,0,0
31.544502019882202,3,0,0,0
31.560612440109253,3,0,0,0
31.576557636260986,3,0,0,0
31.592521905899048,3,0,0,0
31.608647108078003,3,0,0,0
31.624287843704224,3,0,0,0
31.64071249961853,3,0,0,0
31.656432628631592,3,0,0,0
31.676849842071533,3,0,0,0
31.693710565567017,3,0,0,0
31.709466218948364,3,0,0,0
31.725080966949463,3,0,0,0
31.740938663482666,3,0,0,0
31.757473707199097,3,0,0,0
31.773319244384766,3,0,0,0
31.78918743133545,3,0,0,0
31.80507254600525,3,0,0,0
31.820889234542847,3,0,0,0
31.83708381652832,3,0,0,0
31.852961540222168,3,0,0,0
31.868869304656982,3,0,0,0
31.885779857635498,3,0,0,0
31.901855945587158,3,0,0,0
31.91811442375183,3,0,0,0
31.934701442718506,3,0,0,0
31.950815200805664,3,0,0,0
31.967565774917603,3,0,0,0
31.98364567756653,3,0,0,0
31.999720335006714,3,0,0,0
32.01540994644165,3,0,0,0
32.031391620635986,3,0,0,0
32.04705595970154,3,0,0,0
32.0638964176178,3,0,0,0
32.080740213394165,3,0,0,0
32.09665775299072,3,0,0,0
32.11265277862549,3,0,0,0
32.128323793411255,3,0,0,0
32.144469022750854,3,0,0,0
32.1606662273407,3,0,0,0
32.176435232162476,3,0,0,0
32.19256234169006,3,0,0,0
32.208091735839844,3,0,0,0
32.2240846157074,3,0,0,0
32.240264892578125,3,0,0,0
32.25610136985779,3,0,0,0
32.27205038070679,3,0,0,0
32.28875756263733,3,0,0,0
32.303995847702026,3,0,0,0
32.32051920890808,3,0,0,0
32.336158752441406,3,0,0,0
32.352261781692505,3,0,0,0
32.367918491363525,3,0,0,0
32.39621615409851,3,0,0,0
32.41037440299988,3,0,0,0
32.42596220970154,3,0,0,0
32.44221234321594,3,0,0,0
32.45840501785278,3,0,0,0
32.47415828704834,3,0,0,0
32.49031925201416,3,0,0,0
32.50681948661804,3,0,0,0
32.52288055419922,3,0,0,0
32.53904414176941,3,0,0,0
32.55515670776367,3,0,0,0
32.57126545906067,3,0,0,0
32.5876522064209,3,0,0,0
32.60365319252014,3,0,0,0
32.6197452545166,3,0,0,0
32.63554883003235,3,0,0,0
32.65144610404968,3,0,0,0
32.66716384887695,3,0,0,0
32.683276414871216,3,0,0,0
32.699501037597656,3,0,0,0
32.715372800827026,3,0,0,0
32.731423139572144,3,0,0,0
32.74700999259949,3,0,0,0
32.763081312179565,3,0,0,0
32.779186725616455,3,0,0,0
32.79547834396362,3,0,0,0
32.81149768829346,3,0,0,0
32.827017307281494,3,0,0,0
32.84300637245178,3,0,0,0
32.85909605026245,3,0,0,0
32.87516260147095,3,0,0,0
32.89129376411438,3,0,0,0
32.907790184020996,3,0,0,0
32.923911333084106,3,0,0,0
32.94029927253723,3,0,0,0
32.95684838294983,3,0,0,0
32.97289681434631,3,0,0,0
32.98960328102112,3,0,0,0
33.00563192367554,3,0,0,0
33.0210747718811,3,0,0,0
33.03778409957886,3,0,0,0
33.05372190475464,3,0,0,0
33.06936478614807,3,0,0,0
33.08647274971008,3,0,0,0
33.10281300544739,3,0,0,0
33.11966037750244,3,0,0,0
33.135674476623535,3,0,0,0
33.15088963508606,3,0,0,0
33.166932582855225,3,0,0,0
33.18328785896301,3,0,0,0
33.199440717697144,3,0,0,0
33.21914601325989,3,0,0,0
33.23489761352539,3,0,0,0
33.25200438499451,3,0,0,0
33.2725613117218,3,0,0,0
33.28860902786255,3,0,0,0
33.304693937301636,3,0,0,0
33.32066059112549,3,0,0,0
33.336124658584595,3,0,0,0
33.352161169052124,3,0,0,0
33.36823105812073,3,0,0,0
33.38404941558838,3,0,0,0
33.40814566612244,4,0,0,0
33.41636109352112,4,0,0,0
33.43252468109131,4,0,0,0
33.44787812232971,4,0,0,0
33.463884353637695,4,0,0,0
33.479878664016724,4,0,0,0
33.496413707733154,4,0,0,0
33.5125629901886,4,0,0,0
33.52871489524841,4,0,0,0
33.544286012649536,4,0,0,0
33.56038856506348,4,0,0,0
33.57655596733093,4,0,0,0
33.59264254570007,4,0,0,0
33.608808279037476,4,0,0,0
33.625287771224976,4,0,0,0
33.64134883880615,4,0,0,0
33.65743803977966,4,0,0,0
33.67297101020813,4,0,0,0
33.689019441604614,4,0,0,0
33.70578742027283,4,0,0,0
33.7209575176239,4,0,0,0
33.73727083206177,4,0,0,0
33.75390410423279,4,0,0,0
33.76984715461731,4,0,0,0
33.786444664001465,4,0,0,0
33.802451610565186,4,0,0,0
33.818225622177124,4,0,0,0
33.8346848487854,4,0,0,0
33.85049104690552,4,0,0,0
33.866408824920654,4,0,0,0
33.88242483139038,4,0,0,0
33.8979914188385,4,0,0,0
33.914196491241455,4,0,0,0
33.934115409851074,4,0,0,0
33.950602769851685,4,0,0,0
33.9666223526001,4,0,0,0
33.98214888572693,4,0,0,0
33.99892330169678,4,0,0,0
34.018171072006226,4,0,0,0
34.03427076339722,4,0,0,0
34.05061173439026,4,0,0,0
34.06673455238342,4,0,0,0
34.083094358444214,4,0,0,0
34.09976410865784,4,0,0,0
34.11511993408203,4,0,0,0
34.1309335231781,4,0,0,0
34.1469612121582,4,0,0,0
34.1634955406189,4,0,0,0
34.17958092689514,4,0,0,0
34.19561243057251,4,0,0,0
34.211015462875366,4,0,0,0
34.22718167304993,4,0,0,0
34.24262022972107,4,0,0,0
34.25857400894165,4,0,0,0
34.27477669715881,4,0,0,0
34.29108691215515,4,0,0,0
34.30705261230469,4,0,0,0
34.32355737686157,4,0,0,0
34.33906626701355,4,0,0,0
34.35507011413574,4,0,0,0
34.37137246131897,4,0,0,0
34.3878276348114,4,0,0,0
34.40969204902649,3,0,0,0
34.420257329940796,3,0,0,0
34.43618369102478,3,0,0,0
34.45260977745056,3,0,0,0
34.46861386299133,3,0,0,0
34.4845175743103,3,0,0,0
34.500388860702515,3,0,0,0
34.51624798774719,3,0,0,0
34.532652616500854,3,0,0,0
34.54862093925476,3,0,0,0
34.56454801559448,3,0,0,0
34.580742835998535,3,0,0,0
34.59664559364319,3,0,0,0
34.61196994781494,3,0,0,0
34.62886071205139,3,0,0,0
34.64489793777466,3,0,0,0
34.66149044036865,3,0,0,0
34.67751455307007,3,0,0,0
34.69301915168762,3,0,0,0
34.7094452381134,3,0,0,0
34.72571682929993,3,0,0,0
34.741249799728394,3,0,0,0
34.75841450691223,3,0,0,0
34.7746307849884,3,0,0,0
34.79083728790283,3,0,0,0
34.806559562683105,3,0,0,0
34.828009843826294,3,0,0,0
34.849992990493774,3,0,0,0
34.86863708496094,3,0,0,0
34.88466215133667,3,0,0,0
34.90058732032776,3,0,0,0
34.91665697097778,3,0,0,0
34.93229341506958,3,0,0,0
34.948123931884766,3,0,0,0
34.96424150466919,3,0,0,0
34.98017406463623,3,0,0,0
34.996082067489624,3,0,0,0
35.012763023376465,3,0,0,0
35.02878522872925,3,0,0,0
35.044161796569824,3,0,0,0
35.060739278793335,3,0,0,0
35.07658886909485,3,0,0,0
35.0918607711792,3,0,0,0
35.10877823829651,3,0,0,0
35.124825954437256,3,0,0,0
35.141632318496704,3,0,0,0
35.15745806694031,3,0,0,0
35.17360258102417,3,0,0,0
35.18913793563843,3,0,0,0
35.20513606071472,3,0,0,0
35.221166372299194,3,0,0,0
35.23706555366516,3,0,0,0
35.25339341163635,3,0,0,0
35.2694411277771,3,0,0,0
35.28580617904663,3,0,0,0
35.30221176147461,3,0,0,0
35.31798481941223,3,0,0,0
35.334038734436035,3,0,0,0
35.35048508644104,3,0,0,0
35.36629939079285,3,0,0,0
35.382749795913696,3,0,0,0
35.397969484329224,3,0,0,0
35.421677589416504,4,0,0,0
35.430291175842285,4,0,0,0
35.44619607925415,4,0,0,0
35.46282601356506,4,0,0,0
35.479127407073975,4,0,0,0
35.49522638320923,4,0,0,0
35.51090335845947,4,0,0,0
35.52781057357788,4,0,0,0
35.54432964324951,4,0,0,0
35.56027054786682,4,0,0,0
35.576300621032715,4,0,0,0
35.591875076293945,4,0,0,0
35.608837366104126,4,0,0,0
35.62479376792908,4,0,0,0
35.64226031303406,4,0,0,0
35.65843200683594,4,0,0,0
35.67439103126526,4,0,0,0
35.690685987472534,4,0,0,0
35.70636487007141,4,0,0,0
35.72234582901001,4,0,0,0
35.73832702636719,4,0,0,0
35.75440216064453,4,0,0,0
35.77033591270447,4,0,0,0
35.7863655090332,4,0,0,0
35.802424907684326,4,0,0,0
35.81848859786987,4,0,0,0
35.83398747444153,4,0,0,0
35.84992218017578,4,0,0,0
35.86637806892395,4,0,0,0
35.88240146636963,4,0,0,0
35.89852690696716,4,0,0,0
35.913981914520264,4,0,0,0
35.92986798286438,4,0,0,0
35.946309328079224,4,0,0,0
35.96233654022217,4,0,0,0
35.9782075881958,4,0,0,0
35.99388408660889,4,0,0,0
36.0105938911438,4,0,0,0
36.02648186683655,4,0,0,0
36.042505979537964,4,0,0,0
36.05866837501526,4,0,0,0
36.074814319610596,4,0,0,0
36.09289288520813,4,0,0,0
36.10896968841553,4,0,0,0
36.125277280807495,4,0,0,0
36.1413152217865,4,0,0,0
36.15722727775574,4,0,0,0
36.1732656955719,4,0,0,0
36.18932867050171,4,0,0,0
36.20508575439453,4,0,0,0
36.22107172012329,4,0,0,0
36.237698554992676,4,0,0,0
36.253849506378174,4,0,0,0
36.27011179924011,4,0,0,0
36.286805629730225,4,0,0,0
36.30277371406555,4,0,0,0
36.3188316822052,4,0,0,0
36.33581185340881,4,0,0,0
36.35094451904297,4,0,0,0
36.36726117134094,4,0,0,0
36.38322353363037,4,0,0,0
36.39926767349243,4,0,0,0
36.43474364280701,1,0,0,0
36.44982695579529,1,0,0,0
36.467159032821655,1,0,0,0
36.483067750930786,1,0,0,0
36.49964714050293,1,0,0,0
36.51584768295288,1,0,0,0
36.53197431564331,1,0,0,0
36.548332929611206,1,0,0,0
36.564364433288574,1,0,0,0
36.58051419258118,1,0,0,0
36.59623384475708,1,0,0,0
36.61230397224426,1,0,0,0
36.628801584243774,1,0,0,0
36.64580011367798,1,0,0,0
36.660929918289185,1,0,0,0
36.677533864974976,1,0,0,0
36.69370150566101,1,0,0,0
36.709426164627075,1,0,0,0
36.725486755371094,1,0,0,0
36.74183940887451,1,0,0,0
36.75858783721924,1,0,0,0
36.774550914764404,1,0,0,0
36.79018998146057,1,0,0,0
36.80613565444946,1,0,0,0
36.82235884666443,1,0,0,0
36.83796811103821,1,0,0,0
36.85394549369812,1,0,0,0
36.87062668800354,1,0,0,0
36.88658261299133,1,0,0,0
36.90270924568176,1,0,0,0
36.92483568191528,3,1,1,0
1550015214.7082863,9999,0,0,0