All stim.
[995, 996, 997, 998, 999, 1000]
Reward stim.
[995, 997, 999]
time,whichstim,iftouch,ifreward,ifout
0.007520198822021484,996,0,0,0
0.015253543853759766,996,0,0,0
0.03200197219848633,996,0,0,0
0.04802298545837402,996,0,0,0
0.06378459930419922,996,0,0,0
0.07974457740783691,996,0,0,0
0.09587430953979492,996,0,0,0
0.11163091659545898,996,0,0,0
0.12774896621704102,996,0,0,0
0.14345526695251465,996,0,0,0
0.1595442295074463,996,0,0,0
0.17612719535827637,996,0,0,0
0.19304943084716797,996,0,0,0
0.2086954116821289,996,0,0,0
0.22475242614746094,996,0,0,0
0.2409524917602539,996,0,0,0
0.25667715072631836,996,0,0,0
0.27274203300476074,996,0,0,0
0.28842878341674805,996,0,0,0
0.30448317527770996,996,0,0,0
0.32066869735717773,996,0,0,0
0.3365659713745117,996,0,0,0
0.35260558128356934,996,0,0,0
0.36842799186706543,996,0,0,0
0.38482189178466797,996,0,0,0
0.40048909187316895,996,0,0,0
0.4165630340576172,996,0,0,0
0.4330754280090332,996,0,0,0
0.44823431968688965,996,0,0,0
0.46483445167541504,996,0,0,0
0.480557918548584,996,0,0,0
0.49695491790771484,996,0,0,0
0.5130009651184082,996,0,0,0
0.5281906127929688,996,0,0,0
0.544377326965332,996,0,0,0
0.5605223178863525,996,0,0,0
0.5770304203033447,996,0,0,0
0.5930531024932861,996,0,0,0
0.6082534790039062,996,0,0,0
0.6248469352722168,996,0,0,0
0.6407625675201416,996,0,0,0
0.6564040184020996,996,0,0,0
0.6725165843963623,996,0,0,0
0.6888749599456787,996,0,0,0
0.704606294631958,996,0,0,0
0.7205965518951416,996,0,0,0
0.736208438873291,996,0,0,0
0.7531578540802002,996,0,0,0
0.7692639827728271,996,0,0,0
0.7859494686126709,996,0,0,0
0.8020279407501221,996,0,0,0
0.8177249431610107,996,0,0,0
0.8337810039520264,996,0,0,0
0.8499658107757568,996,0,0,0
0.865666389465332,996,0,0,0
0.8806912899017334,996,0,0,0
0.8965513706207275,996,0,0,0
0.9126498699188232,996,0,0,0
0.9288175106048584,996,0,0,0
0.9444727897644043,996,0,0,0
0.9605140686035156,996,0,0,0
0.9773621559143066,996,0,0,0
0.993276834487915,996,0,0,0
1.00931978225708,996,0,0,0
1.0260274410247803,996,0,0,0
1.0421512126922607,996,0,0,0
1.0587902069091797,996,0,0,0
1.0749495029449463,996,0,0,0
1.091139554977417,996,0,0,0
1.1079087257385254,996,0,0,0
1.123809814453125,996,0,0,0
1.1399180889129639,996,0,0,0
1.1559994220733643,996,0,0,0
1.172131061553955,996,0,0,0
1.1885130405426025,996,0,0,0
1.2086336612701416,996,0,0,0
1.2250912189483643,996,0,0,0
1.241330862045288,996,0,0,0
1.2568292617797852,996,0,0,0
1.2724037170410156,996,0,0,0
1.2892887592315674,996,0,0,0
1.3059701919555664,996,0,0,0
1.3216204643249512,996,0,0,0
1.3376083374023438,996,0,0,0
1.3539631366729736,996,0,0,0
1.3693902492523193,996,0,0,0
1.385742425918579,996,0,0,0
1.4020054340362549,996,0,0,0
1.4179301261901855,996,0,0,0
1.4341461658477783,996,0,0,0
1.450819730758667,996,0,0,0
1.4672465324401855,996,0,0,0
1.4838037490844727,996,0,0,0
1.509096622467041,995,0,0,0
1.5179111957550049,995,0,0,0
1.533980369567871,995,0,0,0
1.5492746829986572,995,0,0,0
1.5654256343841553,995,0,0,0
1.5816364288330078,995,0,0,0
1.5972344875335693,995,0,0,0
1.6141815185546875,995,0,0,0
1.6302754878997803,995,0,0,0
1.6470189094543457,995,0,0,0
1.6629211902618408,995,0,0,0
1.6783390045166016,995,0,0,0
1.6943299770355225,995,0,0,0
1.7103214263916016,995,0,0,0
1.7269999980926514,995,0,0,0
1.742851734161377,995,0,0,0
1.7583980560302734,995,0,0,0
1.774291753768921,995,0,0,0
1.7901725769042969,995,0,0,0
1.807007074356079,995,0,0,0
1.8228800296783447,995,0,0,0
1.8390462398529053,995,0,0,0
1.8549809455871582,995,0,0,0
1.8710474967956543,995,0,0,0
1.8852827548980713,995,0,0,0
1.9012069702148438,995,0,0,0
1.917708396911621,995,0,0,0
1.9336965084075928,995,0,0,0
1.9496822357177734,995,0,0,0
1.965390682220459,995,0,0,0
1.9823293685913086,995,0,0,0
1.9985828399658203,995,0,0,0
2.0143179893493652,995,0,0,0
2.0306549072265625,995,0,0,0
2.046401262283325,995,0,0,0
2.0671393871307373,995,0,0,0
2.082827568054199,995,0,0,0
2.0990471839904785,995,0,0,0
2.115483522415161,995,0,0,0
2.1312997341156006,995,0,0,0
2.1473405361175537,995,0,0,0
2.1640546321868896,995,0,0,0
2.1801483631134033,995,0,0,0
2.1970255374908447,995,0,0,0
2.2128372192382812,995,0,0,0
2.2283077239990234,995,0,0,0
2.245115041732788,995,0,0,0
2.2603721618652344,995,0,0,0
2.278996706008911,995,0,0,0
2.2941761016845703,995,0,0,0
2.311007261276245,995,0,0,0
2.3269710540771484,995,0,0,0
2.3421919345855713,995,0,0,0
2.358994483947754,995,0,0,0
2.3749008178710938,995,0,0,0
2.3906121253967285,995,0,0,0
2.4064555168151855,995,0,0,0
2.422820806503296,995,0,0,0
2.4387292861938477,995,0,0,0
2.454672336578369,995,0,0,0
2.4703848361968994,995,0,0,0
2.487154245376587,995,0,0,0
2.504028558731079,995,0,0,0
2.519498348236084,995,0,0,0
2.53529691696167,995,0,0,0
2.5514063835144043,995,0,0,0
2.5673489570617676,995,0,0,0
2.5835819244384766,995,0,0,0
2.5992093086242676,995,0,0,0
2.615513801574707,995,0,0,0
2.6312572956085205,995,0,0,0
2.6473748683929443,995,0,0,0
2.663611650466919,995,0,0,0
2.6801929473876953,995,0,0,0
2.697157859802246,995,0,0,0
2.7137904167175293,995,0,0,0
2.7298760414123535,995,0,0,0
2.7460808753967285,995,0,0,0
2.761983633041382,995,0,0,0
2.7780258655548096,995,0,0,0
2.7939419746398926,995,0,0,0
2.809614896774292,995,0,0,0
2.82541823387146,995,0,0,0
2.841665267944336,995,0,0,0
2.857377290725708,995,0,0,0
2.8729615211486816,995,0,0,0
2.8896965980529785,995,0,0,0
2.9061012268066406,995,0,0,0
2.9230222702026367,995,0,0,0
2.938950777053833,995,0,0,0
2.9542734622955322,995,0,0,0
2.9707000255584717,995,0,0,0
2.986903667449951,995,0,0,0
3.0095996856689453,998,0,0,0
3.0223703384399414,998,0,0,0
3.0385024547576904,998,0,0,0
3.0545437335968018,998,0,0,0
3.070962429046631,998,0,0,0
3.0867347717285156,998,0,0,0
3.1029396057128906,998,0,0,0
3.1191208362579346,998,0,0,0
3.1357076168060303,998,0,0,0
3.1517601013183594,998,0,0,0
3.1674697399139404,998,0,0,0
3.183568000793457,998,0,0,0
3.199664354324341,998,0,0,0
3.2154195308685303,998,0,0,0
3.231320381164551,998,0,0,0
3.24794864654541,998,0,0,0
3.263885259628296,998,0,0,0
3.2801454067230225,998,0,0,0
3.2970192432403564,998,0,0,0
3.3130526542663574,998,0,0,0
3.3287594318389893,998,0,0,0
3.3448092937469482,998,0,0,0
3.361029863357544,998,0,0,0
3.3768832683563232,998,0,0,0
3.392909049987793,998,0,0,0
3.408339262008667,998,0,0,0
3.424365997314453,998,0,0,0
3.4405603408813477,998,0,0,0
3.4562277793884277,998,0,0,0
3.4722177982330322,998,0,0,0
3.4884650707244873,998,0,0,0
3.5044689178466797,998,0,0,0
3.5206236839294434,998,0,0,0
3.537114143371582,998,0,0,0
3.5541024208068848,998,0,0,0
3.5693552494049072,998,0,0,0
3.5858500003814697,998,0,0,0
3.6019399166107178,998,0,0,0
3.6175918579101562,998,0,0,0
3.6369776725769043,998,0,0,0
3.6525211334228516,998,0,0,0
3.668804883956909,998,0,0,0
3.689741611480713,998,0,0,0
3.7055866718292236,998,0,0,0
3.722064971923828,998,0,0,0
3.7380337715148926,998,0,0,0
3.75345516204834,998,0,0,0
3.769416570663452,998,0,0,0
3.785700798034668,998,0,0,0
3.8015382289886475,998,0,0,0
3.8174314498901367,998,0,0,0
3.834028959274292,998,0,0,0
3.850013017654419,998,0,0,0
3.8661255836486816,998,0,0,0
3.881941795349121,998,0,0,0
3.8977935314178467,998,0,0,0
3.9133739471435547,998,0,0,0
3.9292490482330322,998,0,0,0
3.9453423023223877,998,0,0,0
3.962153673171997,998,0,0,0
3.980048656463623,998,0,0,0
3.995236396789551,998,0,0,0
4.0116868019104,998,0,0,0
4.027647495269775,998,0,0,0
4.044122695922852,998,0,0,0
4.0611255168914795,998,0,0,0
4.0762412548065186,998,0,0,0
4.092976093292236,998,0,0,0
4.108903169631958,998,0,0,0
4.12453556060791,998,0,0,0
4.140603065490723,998,0,0,0
4.156728029251099,998,0,0,0
4.1724371910095215,998,0,0,0
4.188463449478149,998,0,0,0
4.204946041107178,998,0,0,0
4.220971584320068,998,0,0,0
4.237084150314331,998,0,0,0
4.252535104751587,998,0,0,0
4.268499135971069,998,0,0,0
4.284680604934692,998,0,0,0
4.300655126571655,998,0,0,0
4.3167712688446045,998,0,0,0
4.3323814868927,998,0,0,0
4.34830641746521,998,0,0,0
4.364824056625366,998,0,0,0
4.380851984024048,998,0,0,0
4.3969340324401855,998,0,0,0
4.412308692932129,998,0,0,0
4.428802967071533,998,0,0,0
4.4448606967926025,998,0,0,0
4.46028733253479,998,0,0,0
4.476927757263184,998,0,0,0
4.493124485015869,998,0,0,0
4.520594358444214,999,0,0,0
4.528547763824463,999,0,0,0
4.544385194778442,999,0,0,0
4.560859680175781,999,0,0,0
4.576403856277466,999,0,0,0
4.592688083648682,999,0,0,0
4.608941316604614,999,0,0,0
4.6249682903289795,999,0,0,0
4.64400053024292,999,0,0,0
4.660056829452515,999,0,0,0
4.676006078720093,999,0,0,0
4.691574811935425,999,0,0,0
4.707767963409424,999,0,0,0
4.723577499389648,999,0,0,0
4.739497423171997,999,0,0,0
4.755467653274536,999,0,0,0
4.77138352394104,999,0,0,0
4.7875657081604,999,0,0,0
4.803346157073975,999,0,0,0
4.8192033767700195,999,0,0,0
4.8359904289245605,999,0,0,0
4.851819038391113,999,0,0,0
4.86810040473938,999,0,0,0
4.8828229904174805,999,0,0,0
4.898483514785767,999,0,0,0
4.914311170578003,999,0,0,0
4.930368900299072,999,0,0,0
4.946765899658203,999,0,0,0
4.96269416809082,999,0,0,0
4.979653358459473,999,0,0,0
4.995375633239746,999,0,0,0
5.011455774307251,999,0,0,0
5.027889728546143,999,0,0,0
5.0432515144348145,999,0,0,0
5.0593297481536865,999,0,0,0
5.075701475143433,999,0,0,0
5.091677904129028,999,0,0,0
5.107208967208862,999,0,0,0
5.124185085296631,999,0,0,0
5.141146659851074,999,0,0,0
5.157793045043945,999,0,0,0
5.173780202865601,999,0,0,0
5.189210414886475,999,0,0,0
5.205273628234863,999,0,0,0
5.22180438041687,999,0,0,0
5.237692356109619,999,0,0,0
5.254198789596558,999,0,0,0
5.270955801010132,999,0,0,0
5.2862389087677,999,0,0,0
5.302911758422852,999,0,0,0
5.318811416625977,999,0,0,0
5.335005283355713,999,0,0,0
5.35015869140625,999,0,0,0
5.36713719367981,999,0,0,0
5.384065866470337,999,0,0,0
5.3997111320495605,999,0,0,0
5.415811061859131,999,0,0,0
5.431852340698242,999,0,0,0
5.4474937915802,999,0,0,0
5.4634785652160645,999,0,0,0
5.480050563812256,999,0,0,0
5.496021509170532,999,0,0,0
5.5121989250183105,999,0,0,0
5.528697967529297,999,0,0,0
5.544579982757568,999,0,0,0
5.561071395874023,999,0,0,0
5.577054023742676,999,0,0,0
5.593094110488892,999,0,0,0
5.609746217727661,999,0,0,0
5.6258368492126465,999,0,0,0
5.642010927200317,999,0,0,0
5.657388925552368,999,0,0,0
5.673411846160889,999,0,0,0
5.689639091491699,999,0,0,0
5.705743074417114,999,0,0,0
5.721731662750244,999,0,0,0
5.737219333648682,999,0,0,0
5.753231525421143,999,0,0,0
5.769448757171631,999,0,0,0
5.785462141036987,999,0,0,0
5.801715135574341,999,0,0,0
5.817467927932739,999,0,0,0
5.833224058151245,999,0,0,0
5.849482536315918,999,0,0,0
5.8654186725616455,999,0,0,0
5.88054347038269,999,0,0,0
5.896387577056885,999,0,0,0
5.9131104946136475,999,0,0,0
5.929879426956177,999,0,0,0
5.945668697357178,999,0,0,0
5.96147608757019,999,0,0,0
5.978333950042725,999,0,0,0
5.995126008987427,999,0,0,0
6.0120320320129395,999,0,0,0
6.0413291454315186,1000,0,0,0
6.056491374969482,1000,0,0,0
6.076597452163696,1000,0,0,0
6.092473983764648,1000,0,0,0
6.109213590621948,1000,0,0,0
6.129338026046753,1000,0,0,0
6.14556097984314,1000,0,0,0
6.162053823471069,1000,0,0,0
6.177831172943115,1000,0,0,0
6.19352650642395,1000,0,0,0
6.210205793380737,1000,0,0,0
6.226969957351685,1000,0,0,0
6.242296457290649,1000,0,0,0
6.259224891662598,1000,0,0,0
6.275294780731201,1000,0,0,0
6.2917094230651855,1000,0,0,0
6.3078083992004395,1000,0,0,0
6.323365926742554,1000,0,0,0
6.340186834335327,1000,0,0,0
6.356961011886597,1000,0,0,0
6.3727545738220215,1000,0,0,0
6.388477563858032,1000,0,0,0
6.4046571254730225,1000,0,0,0
6.420538663864136,1000,0,0,0
6.436360836029053,1000,0,0,0
6.452287197113037,1000,0,0,0
6.469034194946289,1000,0,0,0
6.484835147857666,1000,0,0,0
6.500761032104492,1000,0,0,0
6.516709566116333,1000,0,0,0
6.532889127731323,1000,0,0,0
6.548751592636108,1000,0,0,0
6.564555644989014,1000,0,0,0
6.580478668212891,1000,0,0,0
6.596406698226929,1000,0,0,0
6.612518787384033,1000,0,0,0
6.628291130065918,1000,0,0,0
6.644991397857666,1000,0,0,0
6.6607842445373535,1000,0,0,0
6.676600456237793,1000,0,0,0
6.692836046218872,1000,0,0,0
6.708759546279907,1000,0,0,0
6.7244813442230225,1000,0,0,0
6.741160154342651,1000,0,0,0
6.757984638214111,1000,0,0,0
6.773355722427368,1000,0,0,0
6.790195465087891,1000,0,0,0
6.807047128677368,1000,0,0,0
6.8227903842926025,1000,0,0,0
6.839777231216431,1000,0,0,0
6.855787992477417,1000,0,0,0
6.872194290161133,1000,0,0,0
6.887698411941528,1000,0,0,0
6.903506755828857,1000,0,0,0
6.919575452804565,1000,0,0,0
6.93523645401001,1000,0,0,0
6.95130729675293,1000,0,0,0
6.967346429824829,1000,0,0,0
6.984700918197632,1000,0,0,0
7.000673294067383,1000,0,0,0
7.016937494277954,1000,0,0,0
7.032384634017944,1000,0,0,0
7.048401355743408,1000,0,0,0
7.06454873085022,1000,0,0,0
7.0805113315582275,1000,0,0,0
7.096706867218018,1000,0,0,0
7.112472057342529,1000,0,0,0
7.128244876861572,1000,0,0,0
7.14445948600769,1000,0,0,0
7.16041374206543,1000,0,0,0
7.176666975021362,1000,0,0,0
7.19234037399292,1000,0,0,0
7.208323955535889,1000,0,0,0
7.225126266479492,1000,0,0,0
7.241218566894531,1000,0,0,0
7.257389545440674,1000,0,0,0
7.274068355560303,1000,0,0,0
7.289944171905518,1000,0,0,0
7.305236101150513,1000,0,0,0
7.322075843811035,1000,0,0,0
7.337203502655029,1000,0,0,0
7.353931427001953,1000,0,0,0
7.369936227798462,1000,0,0,0
7.385634422302246,1000,0,0,0
7.4017863273620605,1000,0,0,0
7.41788649559021,1000,0,0,0
7.433661699295044,1000,0,0,0
7.449652433395386,1000,0,0,0
7.4653520584106445,1000,0,0,0
7.4814441204071045,1000,0,0,0
7.4976606369018555,1000,0,0,0
7.513377904891968,1000,0,0,0
7.536645889282227,997,0,0,0
7.545744180679321,997,0,0,0
7.561753034591675,997,0,0,0
7.577961683273315,997,0,0,0
7.593644380569458,997,0,0,0
7.609509706497192,997,0,0,0
7.6252336502075195,997,0,0,0
7.641433954238892,997,0,0,0
7.657722234725952,997,0,0,0
7.673626661300659,997,0,0,0
7.689788818359375,997,0,0,0
7.705635070800781,997,0,0,0
7.722933292388916,997,0,0,0
7.739068984985352,997,0,0,0
7.754997968673706,997,0,0,0
7.771074533462524,997,0,0,0
7.786603212356567,997,0,0,0
7.802663803100586,997,0,0,0
7.818644762039185,997,0,0,0
7.8341965675354,997,0,0,0
7.850188255310059,997,0,0,0
7.866726398468018,997,0,0,0
7.881835222244263,997,0,0,0
7.897874355316162,997,0,0,0
7.913445472717285,997,0,0,0
7.929285526275635,997,0,0,0
7.945619344711304,997,0,0,0
7.961434841156006,997,0,0,0
7.978982210159302,997,0,0,0
7.994733095169067,997,0,0,0
8.01062560081482,997,0,0,0
8.026596784591675,997,0,0,0
8.042480945587158,997,0,0,0
8.058450937271118,997,0,0,0
8.074506521224976,997,0,0,0
8.090351819992065,997,0,0,0
8.106534957885742,997,0,0,0
8.122565984725952,997,0,0,0
8.138639211654663,997,0,0,0
8.15425992012024,997,0,0,0
8.170208215713501,997,0,0,0
8.186805248260498,997,0,0,0
8.202801704406738,997,0,0,0
8.218816041946411,997,0,0,0
8.234618663787842,997,0,0,0
8.250552415847778,997,0,0,0
8.26615858078003,997,0,0,0
8.282235145568848,997,0,0,0
8.298319578170776,997,0,0,0
8.315140962600708,997,0,0,0
8.331211805343628,997,0,0,0
8.347448110580444,997,0,0,0
8.363970279693604,997,0,0,0
8.380026578903198,997,0,0,0
8.395604372024536,997,0,0,0
8.411591053009033,997,0,0,0
8.427606344223022,997,0,0,0
8.44333553314209,997,0,0,0
8.45965313911438,997,0,0,0
8.476013660430908,997,0,0,0
8.49250864982605,997,0,0,0
8.509081602096558,997,0,0,0
8.524729013442993,997,0,0,0
8.540513515472412,997,0,0,0
8.557003259658813,997,0,0,0
8.573087215423584,997,0,0,0
8.588228940963745,997,0,0,0
8.604847431182861,997,0,0,0
8.620765686035156,997,0,0,0
8.636435747146606,997,0,0,0
8.652374982833862,997,0,0,0
8.668405055999756,997,0,0,0
8.685098886489868,997,0,0,0
8.701034784317017,997,0,0,0
8.716612339019775,997,0,0,0
8.73268461227417,997,0,0,0
8.748708248138428,997,0,0,0
8.764460802078247,997,0,0,0
8.78035855293274,997,0,0,0
8.797033309936523,997,0,0,0
8.813116550445557,997,0,0,0
8.828253507614136,997,0,0,0
8.844339847564697,997,0,0,0
8.860376358032227,997,0,0,0
8.876765727996826,997,0,0,0
8.892459630966187,997,0,0,0
8.908448696136475,997,0,0,0
8.924918174743652,997,0,0,0
8.941014289855957,997,0,0,0
8.957102060317993,997,0,0,0
8.974567651748657,997,0,0,0
8.990565299987793,997,0,0,0
9.006242513656616,997,0,0,0
9.022346496582031,997,0,0,0
9.045600891113281,1000,0,0,0
9.054306745529175,1000,0,0,0
9.070265531539917,1000,0,0,0
9.086313962936401,1000,0,0,0
9.102413654327393,1000,0,0,0
9.118726968765259,1000,0,0,0
9.13474178314209,1000,0,0,0
9.150943517684937,1000,0,0,0
9.166372299194336,1000,0,0,0
9.182323217391968,1000,0,0,0
9.19861912727356,1000,0,0,0
9.214652299880981,1000,0,0,0
9.230706453323364,1000,0,0,0
9.246954917907715,1000,0,0,0
9.266469717025757,1000,0,0,0
9.282245635986328,1000,0,0,0
9.298250198364258,1000,0,0,0
9.31472110748291,1000,0,0,0
9.330697059631348,1000,0,0,0
9.347174406051636,1000,0,0,0
9.362371921539307,1000,0,0,0
9.378516912460327,1000,0,0,0
9.394175291061401,1000,0,0,0
9.410582304000854,1000,0,0,0
9.426513195037842,1000,0,0,0
9.44347858428955,1000,0,0,0
9.458839178085327,1000,0,0,0
9.474677562713623,1000,0,0,0
9.491102695465088,1000,0,0,0
9.508002996444702,1000,0,0,0
9.523728847503662,1000,0,0,0
9.539619445800781,1000,0,0,0
9.555392503738403,1000,0,0,0
9.571319341659546,1000,0,0,0
9.587890625,1000,0,0,0
9.60361623764038,1000,0,0,0
9.620037317276001,1000,0,0,0
9.635890483856201,1000,0,0,0
9.65188217163086,1000,0,0,0
9.667494297027588,1000,0,0,0
9.683279275894165,1000,0,0,0
9.699844360351562,1000,0,0,0
9.715757846832275,1000,0,0,0
9.731821298599243,1000,0,0,0
9.747642517089844,1000,0,0,0
9.76337742805481,1000,0,0,0
9.779726505279541,1000,0,0,0
9.79580545425415,1000,0,0,0
9.811742067337036,1000,0,0,0
9.82735538482666,1000,0,0,0
9.844069242477417,1000,0,0,0
9.859623193740845,1000,0,0,0
9.875454664230347,1000,0,0,0
9.891352891921997,1000,0,0,0
9.907963037490845,1000,0,0,0
9.923774480819702,1000,0,0,0
9.939253807067871,1000,0,0,0
9.956120729446411,1000,0,0,0
9.971194744110107,1000,0,0,0
9.98777437210083,1000,0,0,0
10.00362753868103,1000,0,0,0
10.020156383514404,1000,0,0,0
10.03595757484436,1000,0,0,0
10.051912546157837,1000,0,0,0
10.06792140007019,1000,0,0,0
10.08384919166565,1000,0,0,0
10.099546432495117,1000,0,0,0
10.117452383041382,1000,0,0,0
10.133420467376709,1000,0,0,0
10.149959087371826,1000,0,0,0
10.165607452392578,1000,0,0,0
10.182060241699219,1000,0,0,0
10.19797158241272,1000,0,0,0
10.213963985443115,1000,0,0,0
10.22977328300476,1000,0,0,0
10.245553016662598,1000,0,0,0
10.262006521224976,1000,0,0,0
10.277864694595337,1000,0,0,0
10.29377794265747,1000,0,0,0
10.309600591659546,1000,0,0,0
10.325358152389526,1000,0,0,0
10.341710805892944,1000,0,0,0
10.357820987701416,1000,0,0,0
10.373761653900146,1000,0,0,0
10.389808893203735,1000,0,0,0
10.405967712402344,1000,0,0,0
10.42213225364685,1000,0,0,0
10.439009428024292,1000,0,0,0
10.454949140548706,1000,0,0,0
10.470283269882202,1000,0,0,0
10.487359523773193,1000,0,0,0
10.503432273864746,1000,0,0,0
10.520016431808472,1000,0,0,0
10.535769939422607,1000,0,0,0
10.55879545211792,998,0,0,0
10.569085359573364,998,0,0,0
10.584941625595093,998,0,0,0
10.600430011749268,998,0,0,0
10.61670446395874,998,0,0,0
10.632271528244019,998,0,0,0
10.648181915283203,998,0,0,0
10.664345264434814,998,0,0,0
10.680898666381836,998,0,0,0
10.696839570999146,998,0,0,0
10.712384939193726,998,0,0,0
10.729176998138428,998,0,0,0
10.745926141738892,998,0,0,0
10.76188039779663,998,0,0,0
10.777649402618408,998,0,0,0
10.793989181518555,998,0,0,0
10.809891939163208,998,0,0,0
10.825769901275635,998,0,0,0
10.84165096282959,998,0,0,0
10.857369184494019,998,0,0,0
10.87383508682251,998,0,0,0
10.891068458557129,998,0,0,0
10.906726837158203,998,0,0,0
10.922921895980835,998,0,0,0
10.938583135604858,998,0,0,0
10.955182552337646,998,0,0,0
10.972796440124512,998,0,0,0
10.988670349121094,998,0,0,0
11.004340410232544,998,0,0,0
11.020473003387451,998,0,0,0
11.036754608154297,998,0,0,0
11.052260875701904,998,0,0,0
11.068625211715698,998,0,0,0
11.084197521209717,998,0,0,0
11.100306749343872,998,0,0,0
11.1165452003479,998,0,0,0
11.133082389831543,998,0,0,0
11.14903473854065,998,0,0,0
11.164772272109985,998,0,0,0
11.180827856063843,998,0,0,0
11.196972131729126,998,0,0,0
11.21268367767334,998,0,0,0
11.228678226470947,998,0,0,0
11.244786977767944,998,0,0,0
11.260615348815918,998,0,0,0
11.276536226272583,998,0,0,0
11.29218053817749,998,0,0,0
11.30899715423584,998,0,0,0
11.324437618255615,998,0,0,0
11.340450048446655,998,0,0,0
11.356573820114136,998,0,0,0
11.37225079536438,998,0,0,0
11.388201713562012,998,0,0,0
11.404759407043457,998,0,0,0
11.420686960220337,998,0,0,0
11.436649799346924,998,0,0,0
11.452354192733765,998,0,0,0
11.468185424804688,998,0,0,0
11.484643697738647,998,0,0,0
11.500588178634644,998,0,0,0
11.516581058502197,998,0,0,0
11.532297372817993,998,0,0,0
11.5491623878479,998,0,0,0
11.565411567687988,998,0,0,0
11.581494092941284,998,0,0,0
11.597586870193481,998,0,0,0
11.613893270492554,998,0,0,0
11.629856824874878,998,0,0,0
11.645906209945679,998,0,0,0
11.661369562149048,998,0,0,0
11.677505493164062,998,0,0,0
11.693341970443726,998,0,0,0
11.709735870361328,998,0,0,0
11.72573733329773,998,0,0,0
11.74147343635559,998,0,0,0
11.757752656936646,998,0,0,0
11.77354621887207,998,0,0,0
11.789369821548462,998,0,0,0
11.805375814437866,998,0,0,0
11.821813106536865,998,0,0,0
11.83780550956726,998,0,0,0
11.853240489959717,998,0,0,0
11.869619369506836,998,0,0,0
11.884360790252686,998,0,0,0
11.901201963424683,998,0,0,0
11.91799783706665,998,0,0,0
11.93414306640625,998,0,0,0
11.95111346244812,998,0,0,0
11.96706485748291,998,0,0,0
11.983543872833252,998,0,0,0
11.99937653541565,998,0,0,0
12.015964269638062,998,0,0,0
12.031988382339478,998,0,0,0
12.047955751419067,998,0,0,0
12.07052230834961,996,0,0,0
12.079436540603638,996,0,0,0
12.096014261245728,996,0,0,0
12.111316442489624,996,0,0,0
12.127281427383423,996,0,0,0
12.143218994140625,996,0,0,0
12.160102367401123,996,0,0,0
12.176580905914307,996,0,0,0
12.19310474395752,996,0,0,0
12.208871364593506,996,0,0,0
12.224990844726562,996,0,0,0
12.240715026855469,996,0,0,0
12.256622552871704,996,0,0,0
12.272225379943848,996,0,0,0
12.288162231445312,996,0,0,0
12.304584741592407,996,0,0,0
12.320547580718994,996,0,0,0
12.3366219997406,996,0,0,0
12.352547645568848,996,0,0,0
12.368356227874756,996,0,0,0
12.384763240814209,996,0,0,0
12.400573492050171,996,0,0,0
12.416481733322144,996,0,0,0
12.432372808456421,996,0,0,0
12.449146747589111,996,0,0,0
12.465572595596313,996,0,0,0
12.482022047042847,996,0,0,0
12.498144388198853,996,0,0,0
12.514669179916382,996,0,0,0
12.530737161636353,996,0,0,0
12.546338081359863,996,0,0,0
12.56336522102356,996,0,0,0
12.579415559768677,996,0,0,0
12.595425605773926,996,0,0,0
12.611328601837158,996,0,0,0
12.627360343933105,996,0,0,0
12.643239736557007,996,0,0,0
12.659183502197266,996,0,0,0
12.676154613494873,996,0,0,0
12.692978620529175,996,0,0,0
12.708982467651367,996,0,0,0
12.724719285964966,996,0,0,0
12.740575313568115,996,0,0,0
12.756980180740356,996,0,0,0
12.772720098495483,996,0,0,0
12.788592338562012,996,0,0,0
12.80440878868103,996,0,0,0
12.820191144943237,996,0,0,0
12.83641791343689,996,0,0,0
12.85224437713623,996,0,0,0
12.869112730026245,996,0,0,0
12.884824514389038,996,0,0,0
12.900583028793335,996,0,0,0
12.916841506958008,996,0,0,0
12.932554006576538,996,0,0,0
12.948855876922607,996,0,0,0
12.964359283447266,996,0,0,0
12.981247663497925,996,0,0,0
12.997922658920288,996,0,0,0
13.0137197971344,996,0,0,0
13.029581069946289,996,0,0,0
13.04523253440857,996,0,0,0
13.061947107315063,996,0,0,0
13.077243089675903,996,0,0,0
13.093931913375854,996,0,0,0
13.109787464141846,996,0,0,0
13.125481128692627,996,0,0,0
13.141237735748291,996,0,0,0
13.157577514648438,996,0,0,0
13.173294305801392,996,0,0,0
13.190096616744995,996,0,0,0
13.20691728591919,996,0,0,0
13.222666501998901,996,0,0,0
13.238853931427002,996,0,0,0
13.254623889923096,996,0,0,0
13.27058482170105,996,0,0,0
13.286993741989136,996,0,0,0
13.302681922912598,996,0,0,0
13.319191932678223,996,0,0,0
13.335670471191406,996,0,0,0
13.351305961608887,996,0,0,0
13.367549180984497,996,0,0,0
13.383800268173218,996,0,0,0
13.399840354919434,996,0,0,0
13.415692806243896,996,0,0,0
13.431496620178223,996,0,0,0
13.4480562210083,996,0,0,0
13.463887929916382,996,0,0,0
13.479301691055298,996,0,0,0
13.49617862701416,996,0,0,0
13.51305079460144,996,0,0,0
13.528240442276001,996,0,0,0
13.544997453689575,996,0,0,0
13.561094522476196,996,0,0,0
13.58518934249878,995,0,0,0
13.594089984893799,995,0,0,0
13.610496520996094,995,0,0,0
13.626381397247314,995,0,0,0
13.643152713775635,995,0,0,0
13.659915447235107,995,0,0,0
13.675953149795532,995,0,0,0
13.691462278366089,995,0,0,0
13.707254886627197,995,0,0,0
13.723186016082764,995,0,0,0
13.739631652832031,995,0,0,0
13.755693197250366,995,0,0,0
13.771821975708008,995,0,0,0
13.787564754486084,995,0,0,0
13.803587198257446,995,0,0,0
13.819736003875732,995,0,0,0
13.835844039916992,995,0,0,0
13.85207486152649,995,0,0,0
13.867767095565796,995,0,0,0
13.882743120193481,995,0,0,0
13.898369073867798,995,0,0,0
13.91464900970459,995,0,0,0
13.930856704711914,995,0,0,0
13.946529865264893,995,0,0,0
13.962701082229614,995,0,0,0
13.97926378250122,995,0,0,0
13.995424270629883,995,0,0,0
14.011651515960693,995,0,0,0
14.027498245239258,995,0,0,0
14.043416500091553,995,0,0,0
14.059538841247559,995,0,0,0
14.075549602508545,995,0,0,0
14.092374563217163,995,0,0,0
14.10852336883545,995,0,0,0
14.125194787979126,995,0,0,0
14.142146110534668,995,0,0,0
14.157774686813354,995,0,0,0
14.174164056777954,995,0,0,0
14.19024109840393,995,0,0,0
14.2071053981781,995,0,0,0
14.223131656646729,995,0,0,0
14.239944696426392,995,0,0,0
14.25590181350708,995,0,0,0
14.271485567092896,995,0,0,0
14.287468433380127,995,0,0,0
14.303678750991821,995,0,0,0
14.319359064102173,995,0,0,0
14.335217475891113,995,0,0,0
14.351717948913574,995,0,0,0
14.36753249168396,995,0,0,0
14.383511781692505,995,0,0,0
14.40017580986023,995,0,0,0
14.416297674179077,995,0,0,0
14.432771682739258,995,0,0,0
14.4487624168396,995,0,0,0
14.464201927185059,995,0,0,0
14.480651617050171,995,0,0,0
14.496717929840088,995,0,0,0
14.51240062713623,995,0,0,0
14.52838397026062,995,0,0,0
14.544571161270142,995,0,0,0
14.5612313747406,995,0,0,0
14.5781409740448,995,0,0,0
14.594218969345093,995,0,0,0
14.610257863998413,995,0,0,0
14.62646198272705,995,0,0,0
14.642272233963013,995,0,0,0
14.658262968063354,995,0,0,0
14.67497181892395,995,0,0,0
14.691044807434082,995,0,0,0
14.70627236366272,995,0,0,0
14.72296690940857,995,0,0,0
14.738859415054321,995,0,0,0
14.754480600357056,995,0,0,0
14.77043867111206,995,0,0,0
14.786580562591553,995,0,0,0
14.802416324615479,995,0,0,0
14.818650245666504,995,0,0,0
14.83418583869934,995,0,0,0
14.851147413253784,995,0,0,0
14.867300987243652,995,0,0,0
14.882806062698364,995,0,0,0
14.899187803268433,995,0,0,0
14.915527820587158,995,0,0,0
14.933504104614258,995,0,0,0
14.94934892654419,995,0,0,0
14.965831518173218,995,0,0,0
14.986556768417358,995,0,0,0
15.002989768981934,995,0,0,0
15.018326044082642,995,0,0,0
15.034395456314087,995,0,0,0
15.050453186035156,995,0,0,0
15.066946506500244,995,0,0,0
15.090341091156006,996,0,0,0
15.098458766937256,996,0,0,0
15.11447286605835,996,0,0,0
15.130632638931274,996,0,0,0
15.146914005279541,996,0,0,0
15.162996053695679,996,0,0,0
15.178648233413696,996,0,0,0
15.19464898109436,996,0,0,0
15.210256576538086,996,0,0,0
15.226353406906128,996,0,0,0
15.242349624633789,996,0,0,0
15.258969068527222,996,0,0,0
15.279133319854736,996,0,0,0
15.29595160484314,996,0,0,0
15.312097549438477,996,0,0,0
15.328059911727905,996,0,0,0
15.34330415725708,996,0,0,0
15.36018705368042,996,0,0,0
15.377021789550781,996,0,0,0
15.392496109008789,996,0,0,0
15.408573150634766,996,0,0,0
15.425127029418945,996,0,0,0
15.441734075546265,996,0,0,0
15.457731008529663,996,0,0,0
15.47339940071106,996,0,0,0
15.489293813705444,996,0,0,0
15.505584239959717,996,0,0,0
15.52156138420105,996,0,0,0
15.537466049194336,996,0,0,0
15.554033994674683,996,0,0,0
15.569958448410034,996,0,0,0
15.586103677749634,996,0,0,0
15.602408409118652,996,0,0,0
15.618398904800415,996,0,0,0
15.635086297988892,996,0,0,0
15.651114225387573,996,0,0,0
15.666163682937622,996,0,0,0
15.682385683059692,996,0,0,0
15.69838261604309,996,0,0,0
15.71487045288086,996,0,0,0
15.731048822402954,996,0,0,0
15.747127532958984,996,0,0,0
15.762916564941406,996,0,0,0
15.783009052276611,996,0,0,0
15.798852920532227,996,0,0,0
15.814624071121216,996,0,0,0
15.830723762512207,996,0,0,0
15.846763372421265,996,0,0,0
15.86249041557312,996,0,0,0
15.878411531448364,996,0,0,0
15.894858598709106,996,0,0,0
15.91083312034607,996,0,0,0
15.927169799804688,996,0,0,0
15.943787097930908,996,0,0,0
15.959762573242188,996,0,0,0
15.975384950637817,996,0,0,0
15.991376638412476,996,0,0,0
16.007561683654785,996,0,0,0
16.023277759552002,996,0,0,0
16.03921127319336,996,0,0,0
16.055789709091187,996,0,0,0
16.071666717529297,996,0,0,0
16.087674379348755,996,0,0,0
16.103583335876465,996,0,0,0
16.11971688270569,996,0,0,0
16.1352961063385,996,0,0,0
16.15220332145691,996,0,0,0
16.168325424194336,996,0,0,0
16.185016870498657,996,0,0,0
16.201048851013184,996,0,0,0
16.216678619384766,996,0,0,0
16.232773780822754,996,0,0,0
16.248806953430176,996,0,0,0
16.26453471183777,996,0,0,0
16.28036880493164,996,0,0,0
16.296512842178345,996,0,0,0
16.312602043151855,996,0,0,0
16.328632354736328,996,0,0,0
16.34499216079712,996,0,0,0
16.360981225967407,996,0,0,0
16.376314878463745,996,0,0,0
16.39242458343506,996,0,0,0
16.408512830734253,996,0,0,0
16.42492437362671,996,0,0,0
16.4410297870636,996,0,0,0
16.456708908081055,996,0,0,0
16.472883701324463,996,0,0,0
16.489001512527466,996,0,0,0
16.504624843597412,996,0,0,0
16.52036142349243,996,0,0,0
16.536795377731323,996,0,0,0
16.555373668670654,996,0,0,0
16.572153329849243,996,0,0,0
16.602001428604126,1000,0,0,0
16.61065363883972,1000,0,0,0
16.62673258781433,1000,0,0,0
16.642356872558594,1000,0,0,0
16.658541679382324,1000,0,0,0
16.67516803741455,1000,0,0,0
16.692155838012695,1000,0,0,0
16.70827054977417,1000,0,0,0
16.724966526031494,1000,0,0,0
16.741090059280396,1000,0,0,0
16.756333351135254,1000,0,0,0
16.772413969039917,1000,0,0,0
16.788522243499756,1000,0,0,0
16.80491042137146,1000,0,0,0
16.820891857147217,1000,0,0,0
16.837037801742554,1000,0,0,0
16.852423191070557,1000,0,0,0
16.86844515800476,1000,0,0,0
16.883798360824585,1000,0,0,0
16.899820804595947,1000,0,0,0
16.915281057357788,1000,0,0,0
16.931345224380493,1000,0,0,0
16.947357416152954,1000,0,0,0
16.963968992233276,1000,0,0,0
16.980996131896973,1000,0,0,0
16.996238470077515,1000,0,0,0
17.012362718582153,1000,0,0,0
17.028461694717407,1000,0,0,0
17.045104503631592,1000,0,0,0
17.061224699020386,1000,0,0,0
17.077404260635376,1000,0,0,0
17.09398913383484,1000,0,0,0
17.110018014907837,1000,0,0,0
17.125579118728638,1000,0,0,0
17.141611099243164,1000,0,0,0
17.15763545036316,1000,0,0,0
17.173203229904175,1000,0,0,0
17.189175844192505,1000,0,0,0
17.20584201812744,1000,0,0,0
17.222014665603638,1000,0,0,0
17.238101959228516,1000,0,0,0
17.254658937454224,1000,0,0,0
17.270728588104248,1000,0,0,0
17.286332845687866,1000,0,0,0
17.30251669883728,1000,0,0,0
17.319034099578857,1000,0,0,0
17.33520817756653,1000,0,0,0
17.351988792419434,1000,0,0,0
17.367409706115723,1000,0,0,0
17.383245944976807,1000,0,0,0
17.399500131607056,1000,0,0,0
17.41605234146118,1000,0,0,0
17.431814193725586,1000,0,0,0
17.448062658309937,1000,0,0,0
17.46394443511963,1000,0,0,0
17.479917526245117,1000,0,0,0
17.495832443237305,1000,0,0,0
17.511916160583496,1000,0,0,0
17.527888298034668,1000,0,0,0
17.543784379959106,1000,0,0,0
17.55959939956665,1000,0,0,0
17.575233459472656,1000,0,0,0
17.59197187423706,1000,0,0,0
17.607995986938477,1000,0,0,0
17.624025344848633,1000,0,0,0
17.640065908432007,1000,0,0,0
17.655853748321533,1000,0,0,0
17.671961307525635,1000,0,0,0
17.688117265701294,1000,0,0,0
17.704667329788208,1000,0,0,0
17.720823287963867,1000,0,0,0
17.736626386642456,1000,0,0,0
17.75276827812195,1000,0,0,0
17.76900362968445,1000,0,0,0
17.78454089164734,1000,0,0,0
17.800639152526855,1000,0,0,0
17.81644082069397,1000,0,0,0
17.8325297832489,1000,0,0,0
17.848685026168823,1000,0,0,0
17.86434316635132,1000,0,0,0
17.87947964668274,1000,0,0,0
17.896025896072388,1000,0,0,0
17.911229133605957,1000,0,0,0
17.92741298675537,1000,0,0,0
17.943854093551636,1000,0,0,0
17.959912538528442,1000,0,0,0
17.97551393508911,1000,0,0,0
17.991544008255005,1000,0,0,0
18.00770854949951,1000,0,0,0
18.024115800857544,1000,0,0,0
18.039207458496094,1000,0,0,0
18.05520272254944,1000,0,0,0
18.071304321289062,1000,0,0,0
18.095399856567383,995,0,0,0
18.104207277297974,995,0,0,0
18.120262384414673,995,0,0,0
18.136757373809814,995,0,0,0
18.152486085891724,995,0,0,0
18.171323776245117,995,0,0,0
18.18791365623474,995,0,0,0
18.20401954650879,995,0,0,0
18.219877004623413,995,0,0,0
18.23525619506836,995,0,0,0
18.252188444137573,995,0,0,0
18.26898503303528,995,0,0,0
18.28423762321472,995,0,0,0
18.30105495452881,995,0,0,0
18.316954374313354,995,0,0,0
18.332371473312378,995,0,0,0
18.348180770874023,995,0,0,0
18.36431622505188,995,0,0,0
18.381167888641357,995,0,0,0
18.397544860839844,995,0,0,0
18.413999795913696,995,0,0,0
18.429818868637085,995,0,0,0
18.446121215820312,995,0,0,0
18.462862491607666,995,0,0,0
18.478663206100464,995,0,0,0
18.49437642097473,995,0,0,0
18.51022481918335,995,0,0,0
18.526564836502075,995,0,0,0
18.542420625686646,995,0,0,0
18.5582332611084,995,0,0,0
18.574984312057495,995,0,0,0
18.5908260345459,995,0,0,0
18.606754064559937,995,0,0,0
18.622681617736816,995,0,0,0
18.638599395751953,995,0,0,0
18.654237747192383,995,0,0,0
18.670187950134277,995,0,0,0
18.686357736587524,995,0,0,0
18.70319938659668,995,0,0,0
18.720031023025513,995,0,0,0
18.735328197479248,995,0,0,0
18.75212788581848,995,0,0,0
18.76796007156372,995,0,0,0
18.78343963623047,995,0,0,0
18.79925274848938,995,0,0,0
18.81589150428772,995,0,0,0
18.83196258544922,995,0,0,0
18.84789538383484,995,0,0,0
18.863436222076416,995,0,0,0
18.87935733795166,995,0,0,0
18.89581608772278,995,0,0,0
18.911654472351074,995,0,0,0
18.92771291732788,995,0,0,0
18.944002151489258,995,0,0,0
18.96001625061035,995,0,0,0
18.976527452468872,995,0,0,0
18.99429726600647,995,0,0,0
19.010887145996094,995,0,0,0
19.027092933654785,995,0,0,0
19.043106079101562,995,0,0,0
19.058215618133545,995,0,0,0
19.07454204559326,995,0,0,0
19.090646266937256,995,0,0,0
19.106388568878174,995,0,0,0
19.12243938446045,995,0,0,0
19.138333797454834,995,0,0,0
19.15432620048523,995,0,0,0
19.170575857162476,995,0,0,0
19.186299324035645,995,0,0,0
19.202272653579712,995,0,0,0
19.218883991241455,995,0,0,0
19.235016107559204,995,0,0,0
19.250190496444702,995,0,0,0
19.26701807975769,995,0,0,0
19.283024311065674,995,0,0,0
19.298266410827637,995,0,0,0
19.31430196762085,995,0,0,0
19.330580472946167,995,0,0,0
19.346270084381104,995,0,0,0
19.36237072944641,995,0,0,0
19.378230333328247,995,0,0,0
19.39427638053894,995,0,0,0
19.410447597503662,995,0,0,0
19.426396131515503,995,0,0,0
19.442562580108643,995,0,0,0
19.459089040756226,995,0,0,0
19.47524857521057,995,0,0,0
19.491307020187378,995,0,0,0
19.507842302322388,995,0,0,0
19.523925304412842,995,0,0,0
19.5391902923584,995,0,0,0
19.55534267425537,995,0,0,0
19.57160997390747,995,0,0,0
19.595276832580566,1000,0,0,0
19.606218814849854,1000,0,0,0
19.622316360473633,1000,0,0,0
19.63857388496399,1000,0,0,0
19.65469741821289,1000,0,0,0
19.670315265655518,1000,0,0,0
19.686434507369995,1000,0,0,0
19.702665328979492,1000,0,0,0
19.718727827072144,1000,0,0,0
19.734761476516724,1000,0,0,0
19.750890493392944,1000,0,0,0
19.770286083221436,1000,0,0,0
19.786962509155273,1000,0,0,0
19.80312466621399,1000,0,0,0
19.823415517807007,1000,0,0,0
19.839913845062256,1000,0,0,0
19.85547924041748,1000,0,0,0
19.87153720855713,1000,0,0,0
19.88708209991455,1000,0,0,0
19.90304946899414,1000,0,0,0
19.918172597885132,1000,0,0,0
19.934767961502075,1000,0,0,0
19.950712203979492,1000,0,0,0
19.96631693840027,1000,0,0,0
19.98343300819397,1000,0,0,0
19.99954104423523,1000,0,0,0
20.015358209609985,1000,0,0,0
20.03139591217041,1000,0,0,0
20.047451972961426,1000,0,0,0
20.06351065635681,1000,0,0,0
20.079807996749878,1000,0,0,0
20.0956871509552,1000,0,0,0
20.1117684841156,1000,0,0,0
20.12811279296875,1000,0,0,0
20.14463186264038,1000,0,0,0
20.160584449768066,1000,0,0,0
20.177118062973022,1000,0,0,0
20.1940598487854,1000,0,0,0
20.209283590316772,1000,0,0,0
20.225895643234253,1000,0,0,0
20.241963863372803,1000,0,0,0
20.25766110420227,1000,0,0,0
20.27369785308838,1000,0,0,0
20.289914846420288,1000,0,0,0
20.305485486984253,1000,0,0,0
20.32153558731079,1000,0,0,0
20.33729338645935,1000,0,0,0
20.35355567932129,1000,0,0,0
20.36976385116577,1000,0,0,0
20.385419607162476,1000,0,0,0
20.401408672332764,1000,0,0,0
20.418145418167114,1000,0,0,0
20.435105562210083,1000,0,0,0
20.45021915435791,1000,0,0,0
20.46701955795288,1000,0,0,0
20.483057737350464,1000,0,0,0
20.498273134231567,1000,0,0,0
20.514304399490356,1000,0,0,0
20.530653476715088,1000,0,0,0
20.54699444770813,1000,0,0,0
20.567513942718506,1000,0,0,0
20.584095239639282,1000,0,0,0
20.599399089813232,1000,0,0,0
20.616055727005005,1000,0,0,0
20.631771326065063,1000,0,0,0
20.647998094558716,1000,0,0,0
20.664103984832764,1000,0,0,0
20.680530786514282,1000,0,0,0
20.696550130844116,1000,0,0,0
20.712704181671143,1000,0,0,0
20.728261709213257,1000,0,0,0
20.74420404434204,1000,0,0,0
20.760894536972046,1000,0,0,0
20.777034282684326,1000,0,0,0
20.79231595993042,1000,0,0,0
20.808857202529907,1000,0,0,0
20.824918508529663,1000,0,0,0
20.840626001358032,1000,0,0,0
20.856722354888916,1000,0,0,0
20.87300133705139,1000,0,0,0
20.888296365737915,1000,0,0,0
20.904787063598633,1000,0,0,0
20.920257568359375,1000,0,0,0
20.936378002166748,1000,0,0,0
20.952582359313965,1000,0,0,0
20.968323469161987,1000,0,0,0
20.985244274139404,1000,0,0,0
21.001768112182617,1000,0,0,0
21.01780080795288,1000,0,0,0
21.033815622329712,1000,0,0,0
21.049537181854248,1000,0,0,0
21.065487146377563,1000,0,0,0
21.08198046684265,1000,0,0,0
21.10570764541626,995,0,0,0
21.113660097122192,995,0,0,0
21.12924098968506,995,0,0,0
21.145540475845337,995,0,0,0
21.16187024116516,995,0,0,0
21.17771339416504,995,0,0,0
21.194074392318726,995,0,0,0
21.209929704666138,995,0,0,0
21.225685834884644,995,0,0,0
21.241725206375122,995,0,0,0
21.2575421333313,995,0,0,0
21.273388624191284,995,0,0,0
21.290154457092285,995,0,0,0
21.307066202163696,995,0,0,0
21.322308778762817,995,0,0,0
21.33922505378723,995,0,0,0
21.356038093566895,995,0,0,0
21.37225079536438,995,0,0,0
21.38893747329712,995,0,0,0
21.405208826065063,995,0,0,0
21.421820163726807,995,0,0,0
21.437420129776,995,0,0,0
21.454099416732788,995,0,0,0
21.469981908798218,995,0,0,0
21.48608946800232,995,0,0,0
21.502960205078125,995,0,0,0
21.518744230270386,995,0,0,0
21.534806728363037,995,0,0,0
21.5506911277771,995,0,0,0
21.56688618659973,995,0,0,0
21.582628965377808,995,0,0,0
21.5986750125885,995,0,0,0
21.614752531051636,995,0,0,0
21.630560159683228,995,0,0,0
21.646467208862305,995,0,0,0
21.66227698326111,995,0,0,0
21.679120302200317,995,0,0,0
21.695477724075317,995,0,0,0
21.711382627487183,995,0,0,0
21.727299690246582,995,0,0,0
21.743794679641724,995,0,0,0
21.759533643722534,995,0,0,0
21.775758504867554,995,0,0,0
21.791436672210693,995,0,0,0
21.80720615386963,995,0,0,0
21.823665380477905,995,0,0,0
21.839430809020996,995,0,0,0
21.855804443359375,995,0,0,0
21.871598958969116,995,0,0,0
21.88639807701111,995,0,0,0
21.90224051475525,995,0,0,0
21.919020891189575,995,0,0,0
21.93429732322693,995,0,0,0
21.95116639137268,995,0,0,0
21.968040943145752,995,0,0,0
21.984554052352905,995,0,0,0
22.000335216522217,995,0,0,0
22.016571283340454,995,0,0,0
22.032349348068237,995,0,0,0
22.049089193344116,995,0,0,0
22.06584072113037,995,0,0,0
22.081600189208984,995,0,0,0
22.097862482070923,995,0,0,0
22.113693475723267,995,0,0,0
22.129648208618164,995,0,0,0
22.14545202255249,995,0,0,0
22.16144847869873,995,0,0,0
22.17782235145569,995,0,0,0
22.193697214126587,995,0,0,0
22.209777116775513,995,0,0,0
22.22597861289978,995,0,0,0
22.24168562889099,995,0,0,0
22.258055210113525,995,0,0,0
22.27384638786316,995,0,0,0
22.289602994918823,995,0,0,0
22.30610990524292,995,0,0,0
22.322930335998535,995,0,0,0
22.338809967041016,995,0,0,0
22.354480743408203,995,0,0,0
22.370413303375244,995,0,0,0
22.387089252471924,995,0,0,0
22.40304684638977,995,0,0,0
22.41898798942566,995,0,0,0
22.434596061706543,995,0,0,0
22.450557470321655,995,0,0,0
22.467145442962646,995,0,0,0
22.483919858932495,995,0,0,0
22.49976110458374,995,0,0,0
22.515455961227417,995,0,0,0
22.5312180519104,995,0,0,0
22.547438144683838,995,0,0,0
22.56395721435547,995,0,0,0
22.579859018325806,995,0,0,0
22.595771312713623,995,0,0,0
22.618420600891113,996,0,0,0
22.62733769416809,996,0,0,0
22.64410948753357,996,0,0,0
22.659857034683228,996,0,0,0
22.675633192062378,996,0,0,0
22.691414833068848,996,0,0,0
22.70757794380188,996,0,0,0
22.72331142425537,996,0,0,0
22.73924493789673,996,0,0,0
22.756004810333252,996,0,0,0
22.77129340171814,996,0,0,0
22.78737473487854,996,0,0,0
22.804115056991577,996,0,0,0
22.81995129585266,996,0,0,0
22.835533142089844,996,0,0,0
22.851271629333496,996,0,0,0
22.86740493774414,996,0,0,0
22.88311505317688,996,0,0,0
22.899873733520508,996,0,0,0
22.915446758270264,996,0,0,0
22.931302309036255,996,0,0,0
22.94753074645996,996,0,0,0
22.9667911529541,996,0,0,0
22.983875513076782,996,0,0,0
23.000146865844727,996,0,0,0
23.01966118812561,996,0,0,0
23.035367488861084,996,0,0,0
23.052026510238647,996,0,0,0
23.068058490753174,996,0,0,0
23.08319616317749,996,0,0,0
23.099302291870117,996,0,0,0
23.11547827720642,996,0,0,0
23.131463289260864,996,0,0,0
23.147491693496704,996,0,0,0
23.163983583450317,996,0,0,0
23.180041313171387,996,0,0,0
23.19521737098694,996,0,0,0
23.211830854415894,996,0,0,0
23.22780466079712,996,0,0,0
23.24408483505249,996,0,0,0
23.259530782699585,996,0,0,0
23.275641441345215,996,0,0,0
23.292171716690063,996,0,0,0
23.309170961380005,996,0,0,0
23.32556176185608,996,0,0,0
23.342129707336426,996,0,0,0
23.359030961990356,996,0,0,0
23.374990940093994,996,0,0,0
23.391019105911255,996,0,0,0
23.406235456466675,996,0,0,0
23.422762632369995,996,0,0,0
23.438711643218994,996,0,0,0
23.454540967941284,996,0,0,0
23.470560312271118,996,0,0,0
23.486831188201904,996,0,0,0
23.502569675445557,996,0,0,0
23.518765211105347,996,0,0,0
23.534558057785034,996,0,0,0
23.55068302154541,996,0,0,0
23.567058086395264,996,0,0,0
23.58271813392639,996,0,0,0
23.59876251220703,996,0,0,0
23.6145658493042,996,0,0,0
23.630733728408813,996,0,0,0
23.646992921829224,996,0,0,0
23.66260528564453,996,0,0,0
23.67861580848694,996,0,0,0
23.69440484046936,996,0,0,0
23.710510969161987,996,0,0,0
23.726961612701416,996,0,0,0
23.74268388748169,996,0,0,0
23.759077310562134,996,0,0,0
23.77450156211853,996,0,0,0
23.79204750061035,996,0,0,0
23.807823657989502,996,0,0,0
23.82427406311035,996,0,0,0
23.841248750686646,996,0,0,0
23.85727310180664,996,0,0,0
23.87350296974182,996,0,0,0
23.889668941497803,996,0,0,0
23.90536141395569,996,0,0,0
23.921358346939087,996,0,0,0
23.938143491744995,996,0,0,0
23.955055236816406,996,0,0,0
23.971023082733154,996,0,0,0
23.986881732940674,996,0,0,0
24.0029137134552,996,0,0,0
24.018980264663696,996,0,0,0
24.0350022315979,996,0,0,0
24.05094599723816,996,0,0,0
24.066314697265625,996,0,0,0
24.083202600479126,996,0,0,0
24.099270582199097,996,0,0,0
24.122934818267822,998,0,0,0
24.135432243347168,998,0,0,0
24.151609897613525,998,0,0,0
24.167682647705078,998,0,0,0
24.183212518692017,998,0,0,0
24.19979953765869,998,0,0,0
24.215967893600464,998,0,0,0
24.231385469436646,998,0,0,0
24.247870206832886,998,0,0,0
24.263978242874146,998,0,0,0
24.27982211112976,998,0,0,0
24.295972108840942,998,0,0,0
24.311246633529663,998,0,0,0
24.327901363372803,998,0,0,0
24.343903303146362,998,0,0,0
24.359484910964966,998,0,0,0
24.375584840774536,998,0,0,0
24.3917293548584,998,0,0,0
24.408165454864502,998,0,0,0
24.424165964126587,998,0,0,0
24.440818071365356,998,0,0,0
24.45706820487976,998,0,0,0
24.47221088409424,998,0,0,0
24.488879680633545,998,0,0,0
24.505033493041992,998,0,0,0
24.52031660079956,998,0,0,0
24.536531686782837,998,0,0,0
24.552766799926758,998,0,0,0
24.569336414337158,998,0,0,0
24.587925672531128,998,0,0,0
24.60405683517456,998,0,0,0
24.619603157043457,998,0,0,0
24.635555744171143,998,0,0,0
24.651413440704346,998,0,0,0
24.667322635650635,998,0,0,0
24.68333077430725,998,0,0,0
24.699946641921997,998,0,0,0
24.71588683128357,998,0,0,0
24.73137640953064,998,0,0,0
24.747252941131592,998,0,0,0
24.76413083076477,998,0,0,0
24.78092336654663,998,0,0,0
24.79674744606018,998,0,0,0
24.81259250640869,998,0,0,0
24.828383684158325,998,0,0,0
24.8442645072937,998,0,0,0
24.860932111740112,998,0,0,0
24.87692904472351,998,0,0,0
24.89280867576599,998,0,0,0
24.908572912216187,998,0,0,0
24.924321174621582,998,0,0,0
24.94044518470764,998,0,0,0
24.956223726272583,998,0,0,0
24.972944974899292,998,0,0,0
24.988311767578125,998,0,0,0
25.004998683929443,998,0,0,0
25.02116870880127,998,0,0,0
25.03783679008484,998,0,0,0
25.053505897521973,998,0,0,0
25.069918870925903,998,0,0,0
25.085718393325806,998,0,0,0
25.101930141448975,998,0,0,0
25.117717742919922,998,0,0,0
25.13345980644226,998,0,0,0
25.150012254714966,998,0,0,0
25.16586923599243,998,0,0,0
25.182061672210693,998,0,0,0
25.197887182235718,998,0,0,0
25.21364116668701,998,0,0,0
25.229406595230103,998,0,0,0
25.246124267578125,998,0,0,0
25.26284170150757,998,0,0,0
25.278499364852905,998,0,0,0
25.294210195541382,998,0,0,0
25.310178995132446,998,0,0,0
25.326910972595215,998,0,0,0
25.342541456222534,998,0,0,0
25.358216047286987,998,0,0,0
25.374704360961914,998,0,0,0
25.39108967781067,998,0,0,0
25.409682273864746,998,0,0,0
25.42530393600464,998,0,0,0
25.441817045211792,998,0,0,0
25.457351684570312,998,0,0,0
25.474009037017822,998,0,0,0
25.489867210388184,998,0,0,0
25.50590491294861,998,0,0,0
25.521461248397827,998,0,0,0
25.537476062774658,998,0,0,0
25.553781747817993,998,0,0,0
25.570136070251465,998,0,0,0
25.58713436126709,998,0,0,0
25.603949308395386,998,0,0,0
25.626934051513672,998,0,0,0
25.635953187942505,998,0,0,0
25.651714324951172,998,0,0,0
25.66757106781006,998,0,0,0
25.68318200111389,998,0,0,0
25.6992666721344,998,0,0,0
25.7154278755188,998,0,0,0
25.731932878494263,998,0,0,0
25.74802851676941,998,0,0,0
25.763563632965088,998,0,0,0
25.779597759246826,998,0,0,0
25.795908212661743,998,0,0,0
25.81153631210327,998,0,0,0
25.827433586120605,998,0,0,0
25.843952178955078,998,0,0,0
25.859957933425903,998,0,0,0
25.876003742218018,998,0,0,0
25.891603231430054,998,0,0,0
25.907567739486694,998,0,0,0
25.9240984916687,998,0,0,0
25.941067695617676,998,0,0,0
25.95638632774353,998,0,0,0
25.972811698913574,998,0,0,0
25.988773584365845,998,0,0,0
26.00514006614685,998,0,0,0
26.021586656570435,998,0,0,0
26.037479877471924,998,0,0,0
26.054116010665894,998,0,0,0
26.071111917495728,998,0,0,0
26.08618688583374,998,0,0,0
26.102739095687866,998,0,0,0
26.118645429611206,998,0,0,0
26.13426637649536,998,0,0,0
26.15032434463501,998,0,0,0
26.166548490524292,998,0,0,0
26.182485580444336,998,0,0,0
26.199023246765137,998,0,0,0
26.2148175239563,998,0,0,0
26.23116397857666,998,0,0,0
26.246994972229004,998,0,0,0
26.262902975082397,998,0,0,0
26.27891182899475,998,0,0,0
26.294426202774048,998,0,0,0
26.310510635375977,998,0,0,0
26.326544761657715,998,0,0,0
26.34218192100525,998,0,0,0
26.359172582626343,998,0,0,0
26.37579894065857,998,0,0,0
26.39177680015564,998,0,0,0
26.407904148101807,998,0,0,0
26.423537492752075,998,0,0,0
26.43958878517151,998,0,0,0
26.455360174179077,998,0,0,0
26.47137427330017,998,0,0,0
26.487435579299927,998,0,0,0
26.504071712493896,998,0,0,0
26.520007610321045,998,0,0,0
26.53534722328186,998,0,0,0
26.55130434036255,998,0,0,0
26.56735372543335,998,0,0,0
26.583911895751953,998,0,0,0
26.599889993667603,998,0,0,0
26.615407705307007,998,0,0,0
26.631340742111206,998,0,0,0
26.647358655929565,998,0,0,0
26.663936138153076,998,0,0,0
26.679991006851196,998,0,0,0
26.69556427001953,998,0,0,0
26.711713790893555,998,0,0,0
26.727731466293335,998,0,0,0
26.743375301361084,998,0,0,0
26.759650468826294,998,0,0,0
26.77523970603943,998,0,0,0
26.792226791381836,998,0,0,0
26.80817675590515,998,0,0,0
26.824737787246704,998,0,0,0
26.840653896331787,998,0,0,0
26.856828927993774,998,0,0,0
26.873164176940918,998,0,0,0
26.889089822769165,998,0,0,0
26.905378103256226,998,0,0,0
26.921406745910645,998,0,0,0
26.937424659729004,998,0,0,0
26.953311681747437,998,0,0,0
26.969428777694702,998,0,0,0
26.986300945281982,998,0,0,0
27.005629777908325,998,0,0,0
27.022055625915527,998,0,0,0
27.037896871566772,998,0,0,0
27.054152011871338,998,0,0,0
27.069851875305176,998,0,0,0
27.08585786819458,998,0,0,0
27.10187602043152,998,0,0,0
27.118128299713135,998,0,0,0
27.142512798309326,996,0,0,0
27.150431394577026,996,0,0,0
27.166349411010742,996,0,0,0
27.18236517906189,996,0,0,0
27.198659420013428,996,0,0,0
27.214770317077637,996,0,0,0
27.230844974517822,996,0,0,0
27.246936559677124,996,0,0,0
27.262969732284546,996,0,0,0
27.278308629989624,996,0,0,0
27.294285535812378,996,0,0,0
27.310604572296143,996,0,0,0
27.326515436172485,996,0,0,0
27.342571020126343,996,0,0,0
27.358723878860474,996,0,0,0
27.374624490737915,996,0,0,0
27.39059090614319,996,0,0,0
27.406468152999878,996,0,0,0
27.422465085983276,996,0,0,0
27.438686847686768,996,0,0,0
27.45456051826477,996,0,0,0
27.470531463623047,996,0,0,0
27.486395597457886,996,0,0,0
27.502365112304688,996,0,0,0
27.518943548202515,996,0,0,0
27.53492832183838,996,0,0,0
27.55099320411682,996,0,0,0
27.56674075126648,996,0,0,0
27.582792043685913,996,0,0,0
27.598325967788696,996,0,0,0
27.61443519592285,996,0,0,0
27.63057589530945,996,0,0,0
27.647156953811646,996,0,0,0
27.664064645767212,996,0,0,0
27.679577589035034,996,0,0,0
27.69554853439331,996,0,0,0
27.711490631103516,996,0,0,0
27.728105783462524,996,0,0,0
27.744035720825195,996,0,0,0
27.759506702423096,996,0,0,0
27.77549958229065,996,0,0,0
27.791712999343872,996,0,0,0
27.807446241378784,996,0,0,0
27.823821544647217,996,0,0,0
27.839868307113647,996,0,0,0
27.85737371444702,996,0,0,0
27.873773336410522,996,0,0,0
27.890074729919434,996,0,0,0
27.906031608581543,996,0,0,0
27.921297788619995,996,0,0,0
27.9372775554657,996,0,0,0
27.953174591064453,996,0,0,0
27.96987819671631,996,0,0,0
27.985912799835205,996,0,0,0
28.00199246406555,996,0,0,0
28.01743984222412,996,0,0,0
28.033499479293823,996,0,0,0
28.049898862838745,996,0,0,0
28.06601309776306,996,0,0,0
28.08209800720215,996,0,0,0
28.097666263580322,996,0,0,0
28.113598585128784,996,0,0,0
28.13005304336548,996,0,0,0
28.14604377746582,996,0,0,0
28.162036418914795,996,0,0,0
28.177440881729126,996,0,0,0
28.193389654159546,996,0,0,0
28.209694862365723,996,0,0,0
28.22577142715454,996,0,0,0
28.241762161254883,996,0,0,0
28.25731873512268,996,0,0,0
28.273154973983765,996,0,0,0
28.2895827293396,996,0,0,0
28.305652141571045,996,0,0,0
28.32176947593689,996,0,0,0
28.338123083114624,996,0,0,0
28.35507822036743,996,0,0,0
28.370537996292114,996,0,0,0
28.386308431625366,996,0,0,0
28.402155876159668,996,0,0,0
28.418243885040283,996,0,0,0
28.43493962287903,996,0,0,0
28.450243711471558,996,0,0,0
28.467081546783447,996,0,0,0
28.482783794403076,996,0,0,0
28.498723030090332,996,0,0,0
28.514753818511963,996,0,0,0
28.53020477294922,996,0,0,0
28.547003269195557,996,0,0,0
28.562816381454468,996,0,0,0
28.57896637916565,996,0,0,0
28.594377517700195,996,0,0,0
28.61047339439392,996,0,0,0
28.6274094581604,996,0,0,0
28.656782388687134,998,0,0,0
28.67064881324768,998,0,0,0
28.686731338500977,998,0,0,0
28.70284152030945,998,0,0,0
28.719162464141846,998,0,0,0
28.735838413238525,998,0,0,0
28.75179672241211,998,0,0,0
28.767328023910522,998,0,0,0
28.78338074684143,998,0,0,0
28.799176454544067,998,0,0,0
28.815956592559814,998,0,0,0
28.831729650497437,998,0,0,0
28.84788227081299,998,0,0,0
28.863577365875244,998,0,0,0
28.879272937774658,998,0,0,0
28.895843505859375,998,0,0,0
28.911538124084473,998,0,0,0
28.92764401435852,998,0,0,0
28.943352222442627,998,0,0,0
28.96005654335022,998,0,0,0
28.97644567489624,998,0,0,0
28.992202043533325,998,0,0,0
29.008440732955933,998,0,0,0
29.024235010147095,998,0,0,0
29.04105281829834,998,0,0,0
29.05660057067871,998,0,0,0
29.07237410545349,998,0,0,0
29.08859133720398,998,0,0,0
29.10429883003235,998,0,0,0
29.120209455490112,998,0,0,0
29.137006998062134,998,0,0,0
29.152649879455566,998,0,0,0
29.168387174606323,998,0,0,0
29.185075759887695,998,0,0,0
29.200868844985962,998,0,0,0
29.21692132949829,998,0,0,0
29.232607126235962,998,0,0,0
29.248255014419556,998,0,0,0
29.264933347702026,998,0,0,0
29.280797958374023,998,0,0,0
29.29706072807312,998,0,0,0
29.31291437149048,998,0,0,0
29.32873034477234,998,0,0,0
29.3450984954834,998,0,0,0
29.3608877658844,998,0,0,0
29.377077341079712,998,0,0,0
29.392847299575806,998,0,0,0
29.408477783203125,998,0,0,0
29.42460298538208,998,0,0,0
29.44025468826294,998,0,0,0
29.456469774246216,998,0,0,0
29.474835872650146,998,0,0,0
29.490886449813843,998,0,0,0
29.506214141845703,998,0,0,0
29.5230872631073,998,0,0,0
29.53845763206482,998,0,0,0
29.554333448410034,998,0,0,0
29.570292949676514,998,0,0,0
29.58678698539734,998,0,0,0
29.60258960723877,998,0,0,0
29.618939638137817,998,0,0,0
29.634684801101685,998,0,0,0
29.650535345077515,998,0,0,0
29.66712737083435,998,0,0,0
29.68386220932007,998,0,0,0
29.699926376342773,998,0,0,0
29.715875387191772,998,0,0,0
29.731926202774048,998,0,0,0
29.747236967086792,998,0,0,0
29.763290643692017,998,0,0,0
29.77960467338562,998,0,0,0
29.795914888381958,998,0,0,0
29.811958074569702,998,0,0,0
29.828169584274292,998,0,0,0
29.845088720321655,998,0,0,0
29.861056089401245,998,0,0,0
29.87542986869812,998,0,0,0
29.891340732574463,998,0,0,0
29.907680988311768,998,0,0,0
29.9239559173584,998,0,0,0
29.93993330001831,998,0,0,0
29.95541787147522,998,0,0,0
29.971473217010498,998,0,0,0
29.98775887489319,998,0,0,0
30.00380802154541,998,0,0,0
30.019871950149536,998,0,0,0
30.03614091873169,998,0,0,0
30.053181171417236,998,0,0,0
30.069571018218994,998,0,0,0
30.08560824394226,998,0,0,0
30.101657390594482,998,0,0,0
30.117182970046997,998,0,0,0
30.13408589363098,998,0,0,0
30.15724468231201,995,0,0,0
30.165666103363037,995,0,0,0
30.181666612625122,995,0,0,0
30.19774556159973,995,0,0,0
30.213385343551636,995,0,0,0
30.233626127243042,995,0,0,0
30.249258279800415,995,0,0,0
30.2654128074646,995,0,0,0
30.282047271728516,995,0,0,0
30.29766345024109,995,0,0,0
30.313709020614624,995,0,0,0
30.32977271080017,995,0,0,0
30.345394611358643,995,0,0,0
30.361480236053467,995,0,0,0
30.378071546554565,995,0,0,0
30.393994569778442,995,0,0,0
30.40995168685913,995,0,0,0
30.425551891326904,995,0,0,0
30.441543340682983,995,0,0,0
30.458011388778687,995,0,0,0
30.473978757858276,995,0,0,0
30.48990750312805,995,0,0,0
30.50561761856079,995,0,0,0
30.521576166152954,995,0,0,0
30.537975788116455,995,0,0,0
30.553255319595337,995,0,0,0
30.569183349609375,995,0,0,0
30.585822343826294,995,0,0,0
30.601829051971436,995,0,0,0
30.617928743362427,995,0,0,0
30.633231163024902,995,0,0,0
30.649256706237793,995,0,0,0
30.665906190872192,995,0,0,0
30.681957006454468,995,0,0,0
30.698013305664062,995,0,0,0
30.71402144432068,995,0,0,0
30.729979276657104,995,0,0,0
30.745551109313965,995,0,0,0
30.761590719223022,995,0,0,0
30.77799153327942,995,0,0,0
30.793949842453003,995,0,0,0
30.809923887252808,995,0,0,0
30.82551908493042,995,0,0,0
30.841488361358643,995,0,0,0
30.857885122299194,995,0,0,0
30.873842000961304,995,0,0,0
30.889779567718506,995,0,0,0
30.905656337738037,995,0,0,0
30.92171835899353,995,0,0,0
30.938037872314453,995,0,0,0
30.9541494846344,995,0,0,0
30.970214128494263,995,0,0,0
30.986879587173462,995,0,0,0
31.002851009368896,995,0,0,0
31.019060850143433,995,0,0,0
31.034571886062622,995,0,0,0
31.050596237182617,995,0,0,0
31.06699299812317,995,0,0,0
31.082902193069458,995,0,0,0
31.09831213951111,995,0,0,0
31.114545106887817,995,0,0,0
31.13041353225708,995,0,0,0
31.146695375442505,995,0,0,0
31.16253662109375,995,0,0,0
31.178860664367676,995,0,0,0
31.194762229919434,995,0,0,0
31.211046934127808,995,0,0,0
31.22662043571472,995,0,0,0
31.242741346359253,995,0,0,0
31.258278608322144,995,0,0,0
31.274340391159058,995,0,0,0
31.290364980697632,995,0,0,0
31.306958436965942,995,0,0,0
31.322885274887085,995,0,0,0
31.338306427001953,995,0,0,0
31.354207515716553,995,0,0,0
31.370530605316162,995,0,0,0
31.386905670166016,995,0,0,0
31.402546644210815,995,0,0,0
31.41860270500183,995,0,0,0
31.43425965309143,995,0,0,0
31.451002597808838,995,0,0,0
31.467071771621704,995,0,0,0
31.48279070854187,995,0,0,0
31.498573303222656,995,0,0,0
31.51461100578308,995,0,0,0
31.530592918395996,995,0,0,0
31.5470073223114,995,0,0,0
31.56272268295288,995,0,0,0
31.578697681427002,995,0,0,0
31.59444546699524,995,0,0,0
31.610336542129517,995,0,0,0
31.626508474349976,995,0,0,0
31.642207622528076,995,0,0,0
31.666831731796265,1000,0,0,0
31.675435066223145,1000,0,0,0
31.691405057907104,1000,0,0,0
31.708210468292236,1000,0,0,0
31.724353790283203,1000,0,0,0
31.740970611572266,1000,0,0,0
31.757087469100952,1000,0,0,0
31.772958755493164,1000,0,0,0
31.788619995117188,1000,0,0,0
31.80455231666565,1000,0,0,0
31.820995807647705,1000,0,0,0
31.83784055709839,1000,0,0,0
31.853392124176025,1000,0,0,0
31.869669437408447,1000,0,0,0
31.890108346939087,1000,0,0,0
31.905616760253906,1000,0,0,0
31.922078609466553,1000,0,0,0
31.937954664230347,1000,0,0,0
31.953662395477295,1000,0,0,0
31.97010588645935,1000,0,0,0
31.98525857925415,1000,0,0,0
32.00206756591797,1000,0,0,0
32.01809859275818,1000,0,0,0
32.03380560874939,1000,0,0,0
32.049827098846436,1000,0,0,0
32.066020488739014,1000,0,0,0
32.08170557022095,1000,0,0,0
32.09773087501526,1000,0,0,0
32.113322734832764,1000,0,0,0
32.129356384277344,1000,0,0,0
32.145496129989624,1000,0,0,0
32.16217541694641,1000,0,0,0
32.179139852523804,1000,0,0,0