All stim.
[979, 980, 981, 982, 983, 984, 985, 986]
Reward stim.
[979, 981, 983, 985]
time,whichstim,iftouch,ifreward,ifout
1551213686.6270325,981,0,0,0
1551213686.6436713,981,0,0,0
1551213686.6595223,981,0,0,0
1551213686.6762712,981,0,0,0
1551213686.6927733,981,0,0,0
1551213686.7093978,981,0,0,0
1551213686.7248058,981,0,0,0
1551213686.7419736,981,0,0,0
1551213686.757946,981,0,0,0
1551213686.7739882,981,0,0,0
1551213686.7903492,981,0,0,0
1551213686.8055475,981,0,0,0
1551213686.821668,981,0,0,0
1551213686.8381913,981,0,0,0
1551213686.8540957,981,0,0,0
1551213686.8697586,981,0,0,0
1551213686.886157,981,0,0,0
1551213686.9019933,981,0,0,0
1551213686.9181201,981,0,0,0
1551213686.9338357,981,0,0,0
1551213686.9495437,981,0,0,0
1551213686.9662795,981,0,0,0
1551213686.9819443,981,0,0,0
1551213686.997882,981,0,0,0
1551213687.012681,981,0,0,0
1551213687.0284486,981,0,0,0
1551213687.0452547,981,0,0,0
1551213687.060933,981,0,0,0
1551213687.0766563,981,0,0,0
1551213687.0927365,981,0,0,0
1551213687.109357,981,0,0,0
1551213687.1260805,981,0,0,0
1551213687.142025,981,0,0,0
1551213687.1587968,981,0,0,0
1551213687.174592,981,0,0,0
1551213687.1912732,981,0,0,0
1551213687.2068348,981,0,0,0
1551213687.2232313,981,0,0,0
1551213687.2392552,981,0,0,0
1551213687.2549586,981,0,0,0
1551213687.2704556,981,0,0,0
1551213687.2868469,981,0,0,0
1551213687.303099,981,0,0,0
1551213687.3191826,981,0,0,0
1551213687.334833,981,0,0,0
1551213687.350695,981,0,0,0
1551213687.3669457,981,0,0,0
1551213687.382984,981,0,0,0
1551213687.399194,981,0,0,0
1551213687.415051,981,0,0,0
1551213687.4309826,981,0,0,0
1551213687.446893,981,0,0,0
1551213687.4627237,981,0,0,0
1551213687.4784362,981,0,0,0
1551213687.494707,981,0,0,0
1551213687.5104213,981,0,0,0
1551213687.5264583,981,0,0,0
1551213687.5424905,981,0,0,0
1551213687.5588117,981,0,0,0
1551213687.5744035,981,0,0,0
1551213687.5910103,981,0,0,0
1551213687.606807,981,0,0,0
1551213687.6228912,981,0,0,0
1551213687.63845,981,0,0,0
1551213687.6552474,981,0,0,0
1551213687.6709354,981,0,0,0
1551213687.6866453,981,0,0,0
1551213687.7029886,981,0,0,0
1551213687.7186213,981,0,0,0
1551213687.7345648,981,0,0,0
1551213687.7509131,981,0,0,0
1551213687.7673235,981,0,0,0
1551213687.7839804,981,0,0,0
1551213687.8003142,981,0,0,0
1551213687.818051,981,0,0,0
1551213687.8361673,981,0,0,0
1551213687.8509817,981,0,0,0
1551213687.8670204,981,0,0,0
1551213687.8827915,981,0,0,0
1551213687.89854,981,0,0,0
1551213687.915138,981,0,0,0
1551213687.9309423,981,0,0,0
1551213687.946607,981,0,0,0
1551213687.9626756,981,0,0,0
1551213687.9792888,981,0,0,0
1551213687.996041,981,0,0,0
1551213688.0110593,981,0,0,0
1551213688.02715,981,0,0,0
1551213688.042992,981,0,0,0
1551213688.0586562,981,0,0,0
1551213688.0753388,981,0,0,0
1551213688.0921257,981,0,0,0
1551213688.1269252,984,0,0,0
1551213688.140657,984,0,0,0
1551213688.1581628,984,0,0,0
1551213688.1738138,984,0,0,0
1551213688.1896462,984,0,0,0
1551213688.2060943,984,0,0,0
1551213688.2218688,984,0,0,0
1551213688.2376313,984,0,0,0
1551213688.2535543,984,0,0,0
1551213688.2701535,984,0,0,0
1551213688.2858806,984,0,0,0
1551213688.3016224,984,0,0,0
1551213688.3176596,984,0,0,0
1551213688.3352027,984,0,0,0
1551213688.351315,984,0,0,0
1551213688.3674977,984,0,0,0
1551213688.3834786,984,0,0,0
1551213688.3995519,984,0,0,0
1551213688.415501,984,0,0,0
1551213688.4318163,984,0,0,0
1551213688.4478762,984,0,0,0
1551213688.4638,984,0,0,0
1551213688.4796364,984,0,0,0
1551213688.495534,984,0,0,0
1551213688.5114498,984,0,0,0
1551213688.5283468,984,0,0,0
1551213688.5451996,984,0,0,0
1551213688.561175,984,0,0,0
1551213688.5770628,984,0,0,0
1551213688.5929635,984,0,0,0
1551213688.609114,984,0,0,0
1551213688.6249962,984,0,0,0
1551213688.641037,984,0,0,0
1551213688.6569326,984,0,0,0
1551213688.672702,984,0,0,0
1551213688.689259,984,0,0,0
1551213688.7048802,984,0,0,0
1551213688.7205188,984,0,0,0
1551213688.737083,984,0,0,0
1551213688.7526946,984,0,0,0
1551213688.769258,984,0,0,0
1551213688.7849097,984,0,0,0
1551213688.8005593,984,0,0,0
1551213688.8171623,984,0,0,0
1551213688.8328183,984,0,0,0
1551213688.8484302,984,0,0,0
1551213688.8649914,984,0,0,0
1551213688.8806,984,0,0,0
1551213688.8972192,984,0,0,0
1551213688.9130282,984,0,0,0
1551213688.928542,984,0,0,0
1551213688.9450896,984,0,0,0
1551213688.9606998,984,0,0,0
1551213688.9765348,984,0,0,0
1551213688.9931827,984,0,0,0
1551213689.0079038,984,0,0,0
1551213689.0236468,984,0,0,0
1551213689.0395145,984,0,0,0
1551213689.0562167,984,0,0,0
1551213689.0718408,984,0,0,0
1551213689.0874634,984,0,0,0
1551213689.1040356,984,0,0,0
1551213689.1197922,984,0,0,0
1551213689.135464,984,0,0,0
1551213689.152162,984,0,0,0
1551213689.1677387,984,0,0,0
1551213689.184261,984,0,0,0
1551213689.1998794,984,0,0,0
1551213689.2155366,984,0,0,0
1551213689.2321978,984,0,0,0
1551213689.2478094,984,0,0,0
1551213689.26435,984,0,0,0
1551213689.2804508,984,0,0,0
1551213689.2970865,984,0,0,0
1551213689.3126948,984,0,0,0
1551213689.3291552,984,0,0,0
1551213689.3450859,984,0,0,0
1551213689.3607695,984,0,0,0
1551213689.3764122,984,0,0,0
1551213689.393139,984,0,0,0
1551213689.4087698,984,0,0,0
1551213689.4253585,984,0,0,0
1551213689.4422312,984,0,0,0
1551213689.4579167,984,0,0,0
1551213689.4735115,984,0,0,0
1551213689.490123,984,0,0,0
1551213689.505841,984,0,0,0
1551213689.5217388,984,0,0,0
1551213689.5383632,984,0,0,0
1551213689.5550387,984,0,0,0
1551213689.571089,984,0,0,0
1551213689.5867329,984,0,0,0
1551213689.603302,984,0,0,0
1551213689.6354084,984,0,0,0
1551213689.649089,984,0,0,0
1551213689.6648543,984,0,0,0
1551213689.6812885,984,0,0,0
1551213689.6968412,984,0,0,0
1551213689.7128966,984,0,0,0
1551213689.7287345,984,0,0,0
1551213689.7452457,984,0,0,0
1551213689.7607486,984,0,0,0
1551213689.77729,984,0,0,0
1551213689.7928073,984,0,0,0
1551213689.8093798,984,0,0,0
1551213689.825766,984,0,0,0
1551213689.8421412,984,0,0,0
1551213689.8577275,984,0,0,0
1551213689.8743477,984,0,0,0
1551213689.8907578,984,0,0,0
1551213689.907068,984,0,0,0
1551213689.9228692,984,0,0,0
1551213689.9387248,984,0,0,0
1551213689.955345,984,0,0,0
1551213689.971622,984,0,0,0
1551213689.9880078,984,0,0,0
1551213690.0029411,984,0,0,0
1551213690.0187762,984,0,0,0
1551213690.0353072,984,0,0,0
1551213690.051954,984,0,0,0
1551213690.0676103,984,0,0,0
1551213690.084178,984,0,0,0
1551213690.0998335,984,0,0,0
1551213690.1154923,984,0,0,0
1551213690.1320689,984,0,0,0
1551213690.1477213,984,0,0,0
1551213690.1652887,984,0,0,0
1551213690.1819184,984,0,0,0
1551213690.1975868,984,0,0,0
1551213690.2141907,984,0,0,0
1551213690.2299979,984,0,0,0
1551213690.245645,984,0,0,0
1551213690.2623737,984,0,0,0
1551213690.2789502,984,0,0,0
1551213690.2945046,984,0,0,0
1551213690.3110802,984,0,0,0
1551213690.326684,984,0,0,0
1551213690.3432875,984,0,0,0
1551213690.3598492,984,0,0,0
1551213690.375498,984,0,0,0
1551213690.392128,984,0,0,0
1551213690.4077668,984,0,0,0
1551213690.424326,984,0,0,0
1551213690.4409273,984,0,0,0
1551213690.4566643,984,0,0,0
1551213690.4733043,984,0,0,0
1551213690.48885,984,0,0,0
1551213690.5044253,984,0,0,0
1551213690.521064,984,0,0,0
1551213690.5367174,984,0,0,0
1551213690.553322,984,0,0,0
1551213690.5699177,984,0,0,0
1551213690.585843,984,0,0,0
1551213690.6014276,984,0,0,0
1551213690.618024,984,0,0,0
1551213690.6335814,984,0,0,0
1551213690.649469,984,0,0,0
1551213690.666083,984,0,0,0
1551213690.681701,984,0,0,0
1551213690.698284,984,0,0,0
1551213690.7148435,984,0,0,0
1551213690.7304418,984,0,0,0
1551213690.7471855,984,0,0,0
1551213690.7627814,984,0,0,0
1551213690.7793486,984,0,0,0
1551213690.7959933,984,0,0,0
1551213690.8116772,984,0,0,0
1551213690.8282795,984,0,0,0
1551213690.8440306,984,0,0,0
1551213690.8598807,984,0,0,0
1551213690.875641,984,0,0,0
1551213690.8923101,984,0,0,0
1551213690.90895,984,0,0,0
1551213690.9245408,984,0,0,0
1551213690.9403996,984,0,0,0
1551213690.9570792,984,0,0,0
1551213690.9727051,984,0,0,0
1551213690.9893122,984,0,0,0
1551213691.0050657,984,0,0,0
1551213691.0207043,984,0,0,0
1551213691.0363865,984,0,0,0
1551213691.053059,984,0,0,0
1551213691.068667,984,0,0,0
1551213691.0852711,984,0,0,0
1551213691.1009164,984,0,0,0
1551213691.1166635,984,0,0,0
1551213691.1515536,980,0,0,0
1551213691.165566,980,0,0,0
1551213691.1817172,980,0,0,0
1551213691.1975446,980,0,0,0
1551213691.213809,980,0,0,0
1551213691.2296038,980,0,0,0
1551213691.24584,980,0,0,0
1551213691.261449,980,0,0,0
1551213691.278267,980,0,0,0
1551213691.2943017,980,0,0,0
1551213691.3099217,980,0,0,0
1551213691.3255806,980,0,0,0
1551213691.3415275,980,0,0,0
1551213691.3574615,980,0,0,0
1551213691.3740802,980,0,0,0
1551213691.3897417,980,0,0,0
1551213691.4054246,980,0,0,0
1551213691.422249,980,0,0,0
1551213691.4378371,980,0,0,0
1551213691.4534318,980,0,0,0
1551213691.4700148,980,0,0,0
1551213691.4857004,980,0,0,0
1551213691.5023637,980,0,0,0
1551213691.5189443,980,0,0,0
1551213691.5345755,980,0,0,0
1551213691.5504646,980,0,0,0
1551213691.5670412,980,0,0,0
1551213691.5826595,980,0,0,0
1551213691.599148,980,0,0,0
1551213691.6146517,980,0,0,0
1551213691.6312459,980,0,0,0
1551213691.6468866,980,0,0,0
1551213691.6625202,980,0,0,0
1551213691.679046,980,0,0,0
1551213691.694617,980,0,0,0
1551213691.7112248,980,0,0,0
1551213691.7268584,980,0,0,0
1551213691.7423933,980,0,0,0
1551213691.7589936,980,0,0,0
1551213691.7745814,980,0,0,0
1551213691.791189,980,0,0,0
1551213691.806744,980,0,0,0
1551213691.823296,980,0,0,0
1551213691.8399088,980,0,0,0
1551213691.855801,980,0,0,0
1551213691.8714304,980,0,0,0
1551213691.8880486,980,0,0,0
1551213691.903566,980,0,0,0
1551213691.9200842,980,0,0,0
1551213691.9357467,980,0,0,0
1551213691.9513798,980,0,0,0
1551213691.9680998,980,0,0,0
1551213691.9836166,980,0,0,0
1551213692.000234,980,0,0,0
1551213692.0158532,980,0,0,0
1551213692.0315166,980,0,0,0
1551213692.048195,980,0,0,0
1551213692.0636723,980,0,0,0
1551213692.0802677,980,0,0,0
1551213692.0968838,980,0,0,0
1551213692.112586,980,0,0,0
1551213692.1291137,980,0,0,0
1551213692.1446404,980,0,0,0
1551213692.161493,980,0,0,0
1551213692.1780448,980,0,0,0
1551213692.1935792,980,0,0,0
1551213692.2101529,980,0,0,0
1551213692.2256823,980,0,0,0
1551213692.242352,980,0,0,0
1551213692.2589302,980,0,0,0
1551213692.2744746,980,0,0,0
1551213692.2910209,980,0,0,0
1551213692.3066852,980,0,0,0
1551213692.3232589,980,0,0,0
1551213692.3387976,980,0,0,0
1551213692.354466,980,0,0,0
1551213692.3710353,980,0,0,0
1551213692.386935,980,0,0,0
1551213692.4026234,980,0,0,0
1551213692.4191039,980,0,0,0
1551213692.434788,980,0,0,0
1551213692.4503908,980,0,0,0
1551213692.4669259,980,0,0,0
1551213692.4825587,980,0,0,0
1551213692.499045,980,0,0,0
1551213692.5149996,980,0,0,0
1551213692.5306082,980,0,0,0
1551213692.5472624,980,0,0,0
1551213692.5628166,980,0,0,0
1551213692.57838,980,0,0,0
1551213692.5949345,980,0,0,0
1551213692.6105716,980,0,0,0
1551213692.6271882,980,0,0,0
1551213692.6596885,985,0,0,0
1551213692.6735203,985,0,0,0
1551213692.690073,985,0,0,0
1551213692.7057102,985,0,0,0
1551213692.7222233,985,0,0,0
1551213692.7378395,985,0,0,0
1551213692.753456,985,0,0,0
1551213692.7702825,985,0,0,0
1551213692.7858758,985,0,0,0
1551213692.8014822,985,0,0,0
1551213692.8180552,985,0,0,0
1551213692.833499,985,0,0,0
1551213692.8499873,985,0,0,0
1551213692.8655767,985,0,0,0
1551213692.882203,985,0,0,0
1551213697.2338805,985,1,1,0
1551213697.2507703,983,1,1,0
1551213697.268707,983,0,0,0
1551213697.2853262,983,0,0,0
1551213697.3018084,983,0,0,0
1551213697.3182213,983,0,0,0
1551213697.3340588,983,0,0,0
1551213697.349572,983,0,0,0
1551213697.3661327,983,0,0,0
1551213697.3817468,983,0,0,0
1551213697.3981535,983,0,0,0
1551213697.4135392,983,0,0,0
1551213697.4298718,983,0,0,0
1551213697.4463365,983,0,0,0
1551213697.4627504,983,0,0,0
1551213697.4790661,983,0,0,0
1551213697.4945018,983,0,0,0
1551213697.5109627,983,0,0,0
1551213697.5267015,983,0,0,0
1551213697.5430992,983,0,0,0
1551213697.5586703,983,0,0,0
1551213697.5749996,983,0,0,0
1551213697.5904262,983,0,0,0
1551213697.6069286,983,0,0,0
1551213697.6233125,983,0,0,0
1551213697.639666,983,0,0,0
1551213697.6561487,983,0,0,0
1551213697.671559,983,0,0,0
1551213697.687933,983,0,0,0
1551213697.704288,983,0,0,0
1551213697.7207222,983,0,0,0
1551213697.7364073,983,0,0,0
1551213697.75289,983,0,0,0
1551213697.7683766,983,0,0,0
1551213697.784755,983,0,0,0
1551213697.801365,983,0,0,0
1551213697.8179002,983,0,0,0
1551213697.834364,983,0,0,0
1551213697.8508544,983,0,0,0
1551213697.866669,983,0,0,0
1551213697.8824058,983,0,0,0
1551213697.8989387,983,0,0,0
1551213697.9144125,983,0,0,0
1551213697.9309788,983,0,0,0
1551213697.9464786,983,0,0,0
1551213697.9629555,983,0,0,0
1551213697.9783838,983,0,0,0
1551213697.994902,983,0,0,0
1551213698.0097303,983,0,0,0
1551213698.025606,983,0,0,0
1551213698.0414457,983,0,0,0
1551213698.0580533,983,0,0,0
1551213698.0735817,983,0,0,0
1551213698.0900187,983,0,0,0
1551213698.1055613,983,0,0,0
1551213698.1222312,983,0,0,0
1551213698.137845,983,0,0,0
1551213698.1543977,983,0,0,0
1551213698.1711018,983,0,0,0
1551213698.186751,983,0,0,0
1551213698.2032533,983,0,0,0
1551213698.2187095,983,0,0,0
1551213698.2351682,983,0,0,0
1551213698.2507641,983,0,0,0
1551213698.2673051,983,0,0,0
1551213698.283796,983,0,0,0
1551213698.3003316,983,0,0,0
1551213698.3168614,983,0,0,0
1551213698.3333313,983,0,0,0
1551213698.3497124,983,0,0,0
1551213698.366207,983,0,0,0
1551213698.3816304,983,0,0,0
1551213698.3982742,983,0,0,0
1551213698.413666,983,0,0,0
1551213698.4301069,983,0,0,0
1551213698.445558,983,0,0,0
1551213698.461988,983,0,0,0
1551213698.477599,983,0,0,0
1551213698.4943027,983,0,0,0
1551213698.5109568,983,0,0,0
1551213698.5264616,983,0,0,0
1551213698.5428302,983,0,0,0
1551213698.5592623,983,0,0,0
1551213698.574726,983,0,0,0
1551213698.5912411,983,0,0,0
1551213698.6067147,983,0,0,0
1551213698.6230993,983,0,0,0
1551213698.6385732,983,0,0,0
1551213698.654902,983,0,0,0
1551213698.6704652,983,0,0,0
1551213698.6872249,983,0,0,0
1551213698.702782,983,0,0,0
1551213698.71921,983,0,0,0
1551213698.7500465,980,0,0,0
1551213698.7636425,980,0,0,0
1551213698.7802029,980,0,0,0
1551213698.795722,980,0,0,0
1551213698.8121772,980,0,0,0
1551213698.827694,980,0,0,0
1551213698.84414,980,0,0,0
1551213698.8595922,980,0,0,0
1551213698.8761954,980,0,0,0
1551213698.8916707,980,0,0,0
1551213698.907432,980,0,0,0
1551213698.9238636,980,0,0,0
1551213698.9393854,980,0,0,0
1551213698.9557278,980,0,0,0
1551213698.972211,980,0,0,0
1551213698.987696,980,0,0,0
1551213699.0031116,980,0,0,0
1551213699.0184786,980,0,0,0
1551213699.034879,980,0,0,0
1551213699.051313,980,0,0,0
1551213699.0677106,980,0,0,0
1551213699.0841277,980,0,0,0
1551213699.0995545,980,0,0,0
1551213699.116069,980,0,0,0
1551213699.1315486,980,0,0,0
1551213699.147996,980,0,0,0
1551213699.1643953,980,0,0,0
1551213699.18087,980,0,0,0
1551213699.1963842,980,0,0,0
1551213699.2130508,980,0,0,0
1551213699.2285292,980,0,0,0
1551213699.245008,980,0,0,0
1551213699.2604349,980,0,0,0
1551213699.276975,980,0,0,0
1551213699.2924843,980,0,0,0
1551213699.3090308,980,0,0,0
1551213699.3245015,980,0,0,0
1551213699.3410294,980,0,0,0
1551213699.3566163,980,0,0,0
1551213699.3730772,980,0,0,0
1551213699.3884907,980,0,0,0
1551213699.404917,980,0,0,0
1551213699.4204016,980,0,0,0
1551213699.4369059,980,0,0,0
1551213699.453355,980,0,0,0
1551213699.469668,980,0,0,0
1551213699.4861274,980,0,0,0
1551213699.5014865,980,0,0,0
1551213699.5180988,980,0,0,0
1551213699.533517,980,0,0,0
1551213699.5499306,980,0,0,0
1551213699.5663047,980,0,0,0
1551213699.5827022,980,0,0,0
1551213699.5990927,980,0,0,0
1551213699.6144369,980,0,0,0
1551213699.6309595,980,0,0,0
1551213699.6464453,980,0,0,0
1551213699.6628354,980,0,0,0
1551213699.6791887,980,0,0,0
1551213699.6946335,980,0,0,0
1551213699.7110813,980,0,0,0
1551213699.7265818,980,0,0,0
1551213699.742957,980,0,0,0
1551213699.759344,980,0,0,0
1551213699.775704,980,0,0,0
1551213699.7921968,980,0,0,0
1551213699.8076308,980,0,0,0
1551213699.8241074,980,0,0,0
1551213699.839543,980,0,0,0
1551213699.8562663,980,0,0,0
1551213699.8717632,980,0,0,0
1551213699.8881743,980,0,0,0
1551213699.9035597,980,0,0,0
1551213699.9199455,980,0,0,0
1551213699.935443,980,0,0,0
1551213699.9518936,980,0,0,0
1551213699.968363,980,0,0,0
1551213699.984771,980,0,0,0
1551213700.0012841,980,0,0,0
1551213700.0177255,980,0,0,0
1551213700.0341244,980,0,0,0
1551213700.0496054,980,0,0,0
1551213700.0660958,980,0,0,0
1551213700.0815105,980,0,0,0
1551213700.0979764,980,0,0,0
1551213700.113388,980,0,0,0
1551213700.1297653,980,0,0,0
1551213700.1462955,980,0,0,0
1551213700.1637383,980,0,0,0
1551213700.1796002,980,0,0,0
1551213700.1954262,980,0,0,0
1551213700.211905,980,0,0,0
1551213700.2274876,980,0,0,0
1551213700.2599213,985,0,0,0
1551213700.2744853,985,0,0,0
1551213700.2911892,985,0,0,0
1551213700.307008,985,0,0,0
1551213700.3226166,985,0,0,0
1551213700.3389187,985,0,0,0
1551213700.3550308,985,0,0,0
1551213700.3711107,985,0,0,0
1551213700.3868535,985,0,0,0
1551213700.402835,985,0,0,0
1551213700.4192655,985,0,0,0
1551213700.4345963,985,0,0,0
1551213700.4508812,985,0,0,0
1551213700.4669154,985,0,0,0
1551213700.4830887,985,0,0,0
1551213700.4988997,985,0,0,0
1551213700.5146544,985,0,0,0
1551213700.530485,985,0,0,0
1551213700.5473146,985,0,0,0
1551213700.5640242,985,0,0,0
1551213700.5798993,985,0,0,0
1551213700.5958166,985,0,0,0
1551213700.6118717,985,0,0,0
1551213700.6277108,985,0,0,0
1551213700.6434739,985,0,0,0
1551213700.6602857,985,0,0,0
1551213700.677118,985,0,0,0
1551213700.692832,985,0,0,0
1551213700.7084816,985,0,0,0
1551213700.7252991,985,0,0,0
1551213700.7411232,985,0,0,0
1551213700.7569778,985,0,0,0
1551213700.7727838,985,0,0,0
1551213700.788742,985,0,0,0
1551213700.8045077,985,0,0,0
1551213700.8204348,985,0,0,0
1551213700.837322,985,0,0,0
1551213700.8541653,985,0,0,0
1551213700.8696454,985,0,0,0
1551213700.8857262,985,0,0,0
1551213700.901456,985,0,0,0
1551213700.9175072,985,0,0,0
1551213700.9342897,985,0,0,0
1551213700.9511523,985,0,0,0
1551213700.9668653,985,0,0,0
1551213700.9826753,985,0,0,0
1551213700.998438,985,0,0,0
1551213701.0141916,985,0,0,0
1551213701.0300472,985,0,0,0
1551213701.0457819,985,0,0,0
1551213701.0614727,985,0,0,0
1551213701.0782914,985,0,0,0
1551213701.0949466,985,0,0,0
1551213701.1107254,985,0,0,0
1551213701.1265101,985,0,0,0
1551213701.1427448,985,0,0,0
1551213701.1595337,985,0,0,0
1551213701.1764333,985,0,0,0
1551213702.0654101,985,1,1,0
1551213702.0655162,985,1,1,0
1551213702.0655825,985,1,1,0
1551213702.065645,985,1,1,0
1551213702.0657065,985,1,1,0
1551213702.065768,985,1,1,0
1551213702.065828,985,1,1,0
1551213702.0658882,985,1,1,0
1551213702.0659494,985,1,1,0
1551213702.0660102,985,1,1,0
1551213702.0660708,985,1,1,0
1551213702.0661378,985,1,1,0
1551213702.0662124,985,1,1,0
1551213702.0662742,985,1,1,0
1551213702.0663352,985,1,1,0
1551213702.066396,985,1,1,0
1551213702.0664556,985,1,1,0
1551213702.0665157,985,1,1,0
1551213702.066576,985,1,1,0
1551213702.0666358,985,1,1,0
1551213702.0666962,985,1,1,0
1551213702.0667562,985,1,1,0
1551213702.0668163,985,1,1,0
1551213702.066877,985,1,1,0
1551213702.0669365,985,1,1,0
1551213702.0669973,985,1,1,0
1551213702.0671067,985,1,1,0
1551213702.0671747,985,1,1,0
1551213702.0672367,985,1,1,0
1551213702.0672972,985,1,1,0
1551213702.0673578,985,1,1,0
1551213702.0674183,985,1,1,0
1551213702.0674782,985,1,1,0
1551213702.0675383,985,1,1,0
1551213702.0675986,985,1,1,0
1551213702.0676587,985,1,1,0
1551213702.0677197,985,1,1,0
1551213702.06778,985,1,1,0
1551213702.06784,985,1,1,0
1551213702.067899,985,1,1,0
1551213702.0679584,985,1,1,0
1551213702.0680192,985,1,1,0
1551213702.0680797,985,1,1,0
1551213702.0681407,985,1,1,0
1551213702.0682013,985,1,1,0
1551213702.0682714,985,1,1,0
1551213702.0683334,985,1,1,0
1551213702.068394,985,1,1,0
1551213702.0684533,985,1,1,0
1551213702.068513,985,1,1,0
1551213702.0685713,985,1,1,0
1551213702.0686312,985,1,1,0
1551213702.0686908,985,1,1,0
1551213702.0687501,985,1,1,0
1551213702.06881,985,1,1,0
1551213702.0688686,985,1,1,0
1551213702.0689287,985,1,1,0
1551213702.0689886,985,1,1,0
1551213702.069048,985,1,1,0
1551213702.0691228,985,1,1,0
1551213702.0691962,985,1,1,0
1551213702.0692587,985,1,1,0
1551213702.0693195,985,1,1,0
1551213702.0693798,985,1,1,0
1551213702.0694396,985,1,1,0
1551213702.0695002,985,1,1,0
1551213702.0695598,985,1,1,0
1551213702.06962,985,1,1,0
1551213702.0696785,985,1,1,0
1551213702.0697386,985,1,1,0
1551213702.0697985,985,1,1,0
1551213702.069858,985,1,1,0
1551213702.0699172,985,1,1,0
1551213702.069977,985,1,1,0
1551213702.0700357,985,1,1,0
1551213702.0700953,985,1,1,0
1551213702.070155,985,1,1,0
1551213702.0702133,985,1,1,0
1551213702.0702736,985,1,1,0
1551213702.0703332,985,1,1,0
1551213702.070393,985,1,1,0
1551213702.070452,985,1,1,0
1551213702.0705109,985,1,1,0
1551213702.0705712,985,1,1,0
1551213702.070631,985,1,1,0
1551213702.0706904,985,1,1,0
1551213702.0707502,985,1,1,0
1551213702.070811,985,1,1,0
1551213702.0708702,985,1,1,0
1551213702.07093,985,1,1,0
1551213702.0709891,985,1,1,0
1551213702.0710495,985,1,1,0
1551213702.0711088,985,1,1,0
1551213702.0711687,985,1,1,0
1551213702.0712285,985,1,1,0
1551213702.0712883,985,1,1,0
1551213702.0713482,985,1,1,0
1551213702.071408,985,1,1,0
1551213702.071467,985,1,1,0
1551213702.071526,985,1,1,0
1551213702.0715847,985,1,1,0
1551213702.0716445,985,1,1,0
1551213702.0717049,985,1,1,0
1551213702.071765,985,1,1,0
1551213702.0718236,985,1,1,0
1551213702.0718834,985,1,1,0
1551213702.0719433,985,1,1,0
1551213702.0720031,985,1,1,0
1551213702.0720797,985,1,1,0
1551213702.0721424,985,1,1,0
1551213702.0722027,985,1,1,0
1551213702.0722635,985,1,1,0
1551213702.0723393,985,1,1,0
1551213702.0724018,985,1,1,0
1551213702.0725129,985,1,1,0
1551213702.0725753,985,1,1,0
1551213702.072636,985,1,1,0
1551213702.0726953,985,1,1,0
1551213702.0727553,985,1,1,0
1551213702.0728157,985,1,1,0
1551213702.0728755,985,1,1,0
1551213702.0729353,985,1,1,0
1551213702.0729964,985,1,1,0
1551213702.073057,985,1,1,0
1551213702.0731153,985,1,1,0
1551213702.0731757,985,1,1,0
1551213702.0732358,985,1,1,0
1551213702.0732958,985,1,1,0
1551213702.0733557,985,1,1,0
1551213702.0734155,985,1,1,0
1551213702.0734754,985,1,1,0
1551213702.073536,985,1,1,0
1551213702.0735953,985,1,1,0
1551213702.0736556,985,1,1,0
1551213702.073715,985,1,1,0
1551213702.0737743,985,1,1,0
1551213702.0738344,985,1,1,0
1551213702.0738947,985,1,1,0
1551213702.073955,985,1,1,0
1551213702.0740142,985,1,1,0
1551213702.0740752,985,1,1,0
1551213702.0741358,985,1,1,0
1551213702.074196,985,1,1,0
1551213702.0742557,985,1,1,0
1551213702.0743155,985,1,1,0
1551213702.0743754,985,1,1,0
1551213702.074435,985,1,1,0
1551213702.0744941,985,1,1,0
1551213702.0745537,985,1,1,0
1551213702.0746138,985,1,1,0
1551213702.0746737,985,1,1,0
1551213702.074734,985,1,1,0
1551213702.0747926,985,1,1,0
1551213702.0748522,985,1,1,0
1551213702.0749123,985,1,1,0
1551213702.0749724,985,1,1,0
1551213702.075032,985,1,1,0
1551213702.0750904,985,1,1,0
1551213702.0751507,985,1,1,0
1551213702.0752113,985,1,1,0
1551213702.075271,985,1,1,0
1551213702.0753288,985,1,1,0
1551213702.075389,985,1,1,0
1551213702.075447,985,1,1,0
1551213702.0755053,985,1,1,0
1551213702.0755641,985,1,1,0
1551213702.075624,985,1,1,0
1551213702.075683,985,1,1,0
1551213702.075742,985,1,1,0
1551213702.0758004,985,1,1,0
1551213702.07586,985,1,1,0
1551213702.0759187,985,1,1,0
1551213702.0759833,985,1,1,0
1551213702.0760446,985,1,1,0
1551213702.0761049,985,1,1,0
1551213702.0761645,985,1,1,0
1551213702.076236,985,1,1,0
1551213702.076295,985,1,1,0
1551213702.0763543,985,1,1,0
1551213702.076414,985,1,1,0
1551213702.0764728,985,1,1,0
1551213702.0765333,985,1,1,0
1551213702.0765934,985,1,1,0
1551213702.0766528,985,1,1,0
1551213702.0767124,985,1,1,0
1551213702.0767722,985,1,1,0
1551213702.0768318,985,1,1,0
1551213702.0768917,985,1,1,0
1551213702.076951,985,1,1,0
1551213702.0770097,985,1,1,0
1551213702.0770836,985,1,1,0
1551213702.0771458,985,1,1,0
1551213702.0772204,985,1,1,0
1551213702.0772815,985,1,1,0
1551213702.0773413,985,1,1,0
1551213702.0774014,985,1,1,0
1551213702.0774612,985,1,1,0
1551213702.0775208,985,1,1,0
1551213702.0775814,985,1,1,0
1551213702.077641,985,1,1,0
1551213702.0777001,985,1,1,0
1551213702.0777597,985,1,1,0
1551213702.0778198,985,1,1,0
1551213702.07788,985,1,1,0
1551213702.0779386,985,1,1,0
1551213702.0779984,985,1,1,0
1551213702.078058,985,1,1,0
1551213702.078117,985,1,1,0
1551213702.0781772,985,1,1,0
1551213702.0782368,985,1,1,0
1551213702.0782971,985,1,1,0
1551213702.078357,985,1,1,0
1551213702.0784156,985,1,1,0
1551213702.078475,985,1,1,0
1551213702.0785344,985,1,1,0
1551213702.0785942,985,1,1,0
1551213702.078654,985,1,1,0
1551213702.0787134,985,1,1,0
1551213702.078773,985,1,1,0
1551213702.0788324,985,1,1,0
1551213702.078892,985,1,1,0
1551213702.0789506,985,1,1,0
1551213702.07901,985,1,1,0
1551213702.079085,985,1,1,0
1551213702.079726,985,1,1,0
1551213702.0798128,985,1,1,0
1551213702.0798779,985,1,1,0
1551213702.0799406,985,1,1,0
1551213702.080001,985,1,1,0
1551213702.0800858,985,1,1,0
1551213702.0801492,985,1,1,0
1551213702.08021,985,1,1,0
1551213702.080269,985,1,1,0
1551213702.080346,985,1,1,0
1551213702.0804064,985,1,1,0
1551213702.0804663,985,1,1,0
1551213702.0805254,985,1,1,0
1551213702.0805855,985,1,1,0
1551213702.0806448,985,1,1,0
1551213702.0807047,985,1,1,0
1551213702.0807648,985,1,1,0
1551213702.080827,985,1,1,0
1551213702.0808876,985,1,1,0
1551213702.080948,985,1,1,0
1551213702.081007,985,1,1,0
1551213702.0810661,985,1,1,0
1551213702.0811267,985,1,1,0
1551213702.081187,985,1,1,0
1551213702.0812464,985,1,1,0
1551213702.0813065,985,1,1,0
1551213702.0813682,985,1,1,0
1551213702.0814283,985,1,1,0
1551213702.0814881,985,1,1,0
1551213702.081548,985,1,1,0
1551213702.0816064,985,1,1,0
1551213702.0816665,985,1,1,0
1551213702.0817258,985,1,1,0
1551213702.0817857,985,1,1,0
1551213702.0818458,985,1,1,0
1551213702.0819056,985,1,1,0
1551213702.0819664,985,1,1,0
1551213702.0820265,985,1,1,0
1551213702.0820866,985,1,1,0
1551213702.0821462,985,1,1,0
1551213702.0822058,985,1,1,0
1551213702.082266,985,1,1,0
1551213702.0823252,985,1,1,0
1551213702.0823848,985,1,1,0
1551213702.0824823,985,1,1,0
1551213702.0825453,985,1,1,0
1551213702.0826058,985,1,1,0
1551213702.08267,985,1,1,0
1551213702.0827289,985,1,1,0
1551213702.0827892,985,1,1,0
1551213702.0828493,985,1,1,0
1551213702.082909,985,1,1,0
1551213702.0829682,985,1,1,0
1551213702.0830278,985,1,1,0
1551213702.0830882,985,1,1,0
1551213702.0831475,985,1,1,0
1551213702.083207,985,1,1,0
1551213702.083266,985,1,1,0
1551213702.083325,985,1,1,0
1551213702.083387,985,1,1,0
1551213702.0834465,985,1,1,0
1551213702.0835063,985,1,1,0
1551213702.083566,985,1,1,0
1551213702.0836248,985,1,1,0
1551213702.083685,985,1,1,0
1551213702.0837433,985,1,1,0
1551213702.0838032,985,1,1,0
1551213702.083863,985,1,1,0
1551213702.0839217,985,1,1,0
1551213702.0839815,985,1,1,0
1551213702.0840409,985,1,1,0
1551213702.0841002,985,1,1,0
1551213702.0841599,985,1,1,0
1551213702.08422,985,1,1,0
1551213702.0842783,985,1,1,0
1551213702.0843382,985,1,1,0
1551213702.084398,985,1,1,0
1551213702.084457,985,1,1,0
1551213702.0845158,985,1,1,0
1551213702.0845752,985,1,1,0
1551213702.0846348,985,1,1,0
1551213702.084694,985,1,1,0
1551213702.0847526,985,1,1,0
1551213702.084812,985,1,1,0
1551213702.0848703,985,1,1,0
1551213702.08493,985,1,1,0
1551213702.0849886,985,1,1,0
1551213702.0850484,985,1,1,0
1551213702.085123,985,1,1,0
1551213702.0851986,985,1,1,0
1551213702.0852609,985,1,1,0
1551213702.0853212,985,1,1,0
1551213702.085381,985,1,1,0
1551213702.0854397,985,1,1,0
1551213702.085499,985,1,1,0
1551213702.0855577,985,1,1,0
1551213702.0856178,985,1,1,0
1551213702.0856774,985,1,1,0
1551213702.085737,985,1,1,0
1551213702.0857952,985,1,1,0
1551213702.0858545,985,1,1,0
1551213702.0859144,985,1,1,0
1551213702.085974,985,1,1,0
1551213702.0860326,985,1,1,0
1551213702.0860925,985,1,1,0
1551213702.0861523,985,1,1,0
1551213702.086224,985,1,1,0
1551213702.0862894,985,1,1,0
1551213702.086351,985,1,1,0
1551213702.08641,985,1,1,0
1551213702.086469,985,1,1,0
1551213702.0865278,985,1,1,0
1551213702.0865874,985,1,1,0
1551213702.0866473,985,1,1,0
1551213702.0867066,985,1,1,0
1551213702.0867658,985,1,1,0
1551213702.0868256,985,1,1,0
1551213702.086885,985,1,1,0
1551213702.0869436,985,1,1,0
1551213702.0870037,985,1,1,0
1551213702.0870633,985,1,1,0
1551213702.0871234,985,1,1,0
1551213702.087183,985,1,1,0
1551213702.0872416,985,1,1,0
1551213702.087302,985,1,1,0
1551213702.0873601,985,1,1,0
1551213702.0874197,985,1,1,0
1551213702.0874803,985,1,1,0
1551213702.0875401,985,1,1,0
1551213702.0876002,985,1,1,0
1551213702.08766,985,1,1,0
1551213702.0877187,985,1,1,0
1551213702.0877783,985,1,1,0
1551213702.087838,985,1,1,0
1551213702.0878968,985,1,1,0
1551213702.0879564,985,1,1,0
1551213702.088016,985,1,1,0
1551213702.0880923,985,1,1,0
1551213702.0881536,985,1,1,0
1551213702.088214,985,1,1,0
1551213702.0882728,985,1,1,0
1551213702.0883477,985,1,1,0
1551213702.0884087,985,1,1,0
1551213702.0884688,985,1,1,0
1551213702.0885286,985,1,1,0
1551213702.0885885,985,1,1,0
1551213702.0886486,985,1,1,0
1551213702.088708,985,1,1,0
1551213702.0887666,985,1,1,0
1551213702.0888271,985,1,1,0
1551213702.0888875,985,1,1,0
1551213702.088947,985,1,1,0
1551213702.089006,985,1,1,0
1551213702.0890641,985,1,1,0
1551213702.089124,985,1,1,0
1551213702.0891829,985,1,1,0
1551213702.0892427,985,1,1,0
1551213702.0893023,985,1,1,0
1551213702.0893621,985,1,1,0
1551213702.0894213,985,1,1,0
1551213702.089481,985,1,1,0
1551213702.0895398,985,1,1,0
1551213702.0895996,985,1,1,0
1551213702.089659,985,1,1,0
1551213702.0897176,985,1,1,0
1551213702.0897765,985,1,1,0
1551213702.089836,985,1,1,0
1551213702.0898943,985,1,1,0
1551213702.089954,985,1,1,0
1551213702.0900123,985,1,1,0
1551213702.0900714,985,1,1,0
1551213702.0901308,985,1,1,0
1551213702.0901906,985,1,1,0
1551213702.0902498,985,1,1,0
1551213702.09031,985,1,1,0
1551213702.0903692,985,1,1,0
1551213702.0904286,985,1,1,0
1551213702.0904875,985,1,1,0
1551213702.090547,985,1,1,0
1551213702.0906057,985,1,1,0
1551213702.0906656,985,1,1,0
1551213702.0907252,985,1,1,0
1551213702.0907845,985,1,1,0
1551213702.0908444,985,1,1,0
1551213702.0909042,985,1,1,0
1551213702.0909634,985,1,1,0
1551213702.091023,985,1,1,0
1551213702.0910814,985,1,1,0
1551213702.091141,985,1,1,0
1551213702.0911996,985,1,1,0
1551213702.0912592,985,1,1,0
1551213702.091319,985,1,1,0
1551213702.0913782,985,1,1,0
1551213702.0914378,985,1,1,0
1551213702.0914977,985,1,1,0
1551213702.091557,985,1,1,0
1551213702.0916154,985,1,1,0
1551213702.091675,985,1,1,0
1551213702.0917337,985,1,1,0
1551213702.0917935,985,1,1,0
1551213702.0918534,985,1,1,0
1551213702.091913,985,1,1,0
1551213702.0919726,985,1,1,0
1551213702.0920322,985,1,1,0
1551213702.0920918,985,1,1,0
1551213702.092151,985,1,1,0
1551213702.0922096,985,1,1,0
1551213702.092269,985,1,1,0
1551213702.0923278,985,1,1,0
1551213702.0923874,985,1,1,0
1551213702.092476,985,1,1,0
1551213702.0925372,985,1,1,0
1551213702.092598,985,1,1,0
1551213702.0926578,985,1,1,0
1551213702.0927167,985,1,1,0
1551213702.0927765,985,1,1,0
1551213702.0928369,985,1,1,0
1551213702.0928967,985,1,1,0
1551213702.0929568,985,1,1,0
1551213702.093016,985,1,1,0
1551213702.0930898,985,1,1,0
1551213702.093151,985,1,1,0
1551213702.0932248,985,1,1,0
1551213702.0932858,985,1,1,0
1551213702.0933459,985,1,1,0
1551213702.0934052,985,1,1,0
1551213702.093465,985,1,1,0
1551213702.0935237,985,1,1,0
1551213702.0935838,985,1,1,0
1551213702.093644,985,1,1,0
1551213702.0937028,985,1,1,0
1551213702.0937622,985,1,1,0
1551213702.0938218,985,1,1,0
1551213702.0938814,985,1,1,0
1551213702.093945,985,1,1,0
1551213702.094006,985,1,1,0
1551213702.0940652,985,1,1,0
1551213702.0941248,985,1,1,0
1551213702.0941846,985,1,1,0
1551213702.0942447,985,1,1,0
1551213702.0943046,985,1,1,0
1551213702.094364,985,1,1,0
1551213702.0944223,985,1,1,0
1551213702.0944827,985,1,1,0
1551213702.0945427,985,1,1,0
1551213702.0946023,985,1,1,0
1551213702.0946627,985,1,1,0
1551213702.0947223,985,1,1,0
1551213702.0947816,985,1,1,0
1551213702.094841,985,1,1,0
1551213702.0949001,985,1,1,0
1551213702.0949595,985,1,1,0
1551213702.0950193,985,1,1,0
1551213702.095097,985,1,1,0
1551213702.0951574,985,1,1,0
1551213702.0952177,985,1,1,0
1551213702.0952768,985,1,1,0
1551213702.0953517,985,1,1,0
1551213702.0954123,985,1,1,0
1551213702.0954716,985,1,1,0
1551213702.0955315,985,1,1,0
1551213702.0955908,985,1,1,0
1551213702.0956495,985,1,1,0
1551213702.0957088,985,1,1,0
1551213702.095768,985,1,1,0
1551213702.0958264,985,1,1,0
1551213702.0958855,985,1,1,0
1551213702.095945,985,1,1,0
1551213702.0960035,985,1,1,0
1551213702.0960782,985,1,1,0
1551213702.0961416,985,1,1,0
1551213702.0962129,985,1,1,0
1551213702.096274,985,1,1,0
1551213702.0963488,985,1,1,0
1551213702.0964103,985,1,1,0
1551213702.0964704,985,1,1,0
1551213702.0965295,985,1,1,0
1551213702.0965886,985,1,1,0
1551213702.0966485,985,1,1,0
1551213702.0967076,985,1,1,0
1551213702.0967667,985,1,1,0
1551213702.0968263,985,1,1,0
1551213702.0968857,985,1,1,0
1551213702.0969453,985,1,1,0
1551213702.0970044,985,1,1,0
1551213702.0970638,985,1,1,0
1551213702.0976799,985,1,1,0
1551213702.0977929,985,1,1,0
1551213702.0978584,985,1,1,0
1551213702.097922,985,1,1,0
1551213702.0979824,985,1,1,0
1551213702.0980449,985,1,1,0
1551213702.0981057,985,1,1,0
1551213702.0981662,985,1,1,0
1551213702.0982265,985,1,1,0
1551213702.0982888,985,1,1,0
1551213702.0983493,985,1,1,0
1551213702.098409,985,1,1,0
1551213702.098467,985,1,1,0
1551213702.0985262,985,1,1,0
1551213702.098586,985,1,1,0
1551213702.0986454,985,1,1,0
1551213702.0987055,985,1,1,0
1551213702.098768,985,1,1,0
1551213702.0988288,985,1,1,0
1551213702.0988894,985,1,1,0
1551213702.0989492,985,1,1,0
1551213702.0990095,985,1,1,0
1551213702.0990696,985,1,1,0
1551213702.0991294,985,1,1,0
1551213702.0991893,985,1,1,0
1551213702.0992498,985,1,1,0
1551213702.099312,985,1,1,0
1551213702.0993712,985,1,1,0
1551213702.0994313,985,1,1,0
1551213702.0994914,985,1,1,0
1551213702.0995512,985,1,1,0
1551213702.099611,985,1,1,0
1551213702.0996697,985,1,1,0
1551213702.099729,985,1,1,0
1551213702.0997872,985,1,1,0
1551213702.099847,985,1,1,0
1551213702.0999074,985,1,1,0
1551213702.0999675,985,1,1,0
1551213702.1000268,985,1,1,0
1551213702.1000862,985,1,1,0
1551213702.1001456,985,1,1,0
1551213702.100205,985,1,1,0
1551213702.1002634,985,1,1,0
1551213702.100324,985,1,1,0
1551213702.1003823,985,1,1,0
1551213702.1004417,985,1,1,0
1551213702.1005013,985,1,1,0
1551213702.1005638,985,1,1,0
1551213702.1006234,985,1,1,0
1551213702.1006835,985,1,1,0
1551213702.1007428,985,1,1,0
1551213702.1008022,985,1,1,0
1551213702.100861,985,1,1,0
1551213702.1009204,985,1,1,0
1551213702.1009798,985,1,1,0
1551213702.1010396,985,1,1,0
1551213702.1011384,985,1,1,0
1551213702.1012175,985,1,1,0
1551213702.101279,985,1,1,0
1551213702.1013415,985,1,1,0
1551213702.101402,985,1,1,0
1551213702.101461,985,1,1,0
1551213702.1015196,985,1,1,0
1551213702.1015792,985,1,1,0
1551213702.1016388,985,1,1,0
1551213702.1016986,985,1,1,0
1551213702.1017582,985,1,1,0
1551213702.1018176,985,1,1,0
1551213702.1018772,985,1,1,0
1551213702.1019363,985,1,1,0
1551213702.1019957,985,1,1,0
1551213702.102055,985,1,1,0
1551213702.1021137,985,1,1,0
1551213702.102175,985,1,1,0
1551213702.102234,985,1,1,0
1551213702.1022925,985,1,1,0
1551213702.1023524,985,1,1,0
1551213702.1024125,985,1,1,0
1551213702.1025226,985,1,1,0
1551213702.102584,985,1,1,0
1551213702.1026437,985,1,1,0
1551213702.1027043,985,1,1,0
1551213702.1027641,985,1,1,0
1551213702.1028235,985,1,1,0
1551213702.1028826,985,1,1,0
1551213702.102942,985,1,1,0
1551213702.103,985,1,1,0
1551213702.1030579,985,1,1,0
1551213702.1031175,985,1,1,0
1551213702.1031802,985,1,1,0
1551213702.1032407,985,1,1,0
1551213702.1033,985,1,1,0
1551213702.1033583,985,1,1,0
1551213702.1034179,985,1,1,0
1551213702.1034777,985,1,1,0
1551213702.1035373,985,1,1,0
1551213702.103597,985,1,1,0
1551213702.1036553,985,1,1,0
1551213702.1037145,985,1,1,0
1551213702.103774,985,1,1,0
1551213702.103833,985,1,1,0
1551213702.1038916,985,1,1,0
1551213702.1039515,985,1,1,0
1551213702.1040113,985,1,1,0
1551213702.104092,985,1,1,0
1551213702.1041539,985,1,1,0
1551213702.104214,985,1,1,0
1551213702.1042793,985,1,1,0
1551213702.104358,985,1,1,0
1551213702.104418,985,1,1,0
1551213702.1044767,985,1,1,0
1551213702.1045368,985,1,1,0
1551213702.1045961,985,1,1,0
1551213702.1046553,985,1,1,0
1551213702.104715,985,1,1,0
1551213702.1047742,985,1,1,0
1551213702.1048336,985,1,1,0
1551213702.1048937,985,1,1,0
1551213702.104953,985,1,1,0
1551213702.105012,985,1,1,0
1551213702.1050704,985,1,1,0
1551213702.1051302,985,1,1,0
1551213702.105189,985,1,1,0
1551213702.105247,985,1,1,0
1551213702.105306,985,1,1,0
1551213702.1053638,985,1,1,0
1551213702.1054237,985,1,1,0
1551213702.1054847,985,1,1,0
1551213702.1055446,985,1,1,0
1551213702.105604,985,1,1,0
1551213702.1056626,985,1,1,0
1551213702.1057222,985,1,1,0
1551213702.105782,985,1,1,0
1551213702.1058404,985,1,1,0
1551213702.1058998,985,1,1,0
1551213702.105959,985,1,1,0
1551213702.1060178,985,1,1,0
1551213702.1060774,985,1,1,0
1551213702.1061366,985,1,1,0
1551213702.1062105,985,1,1,0
1551213702.1062715,985,1,1,0
1551213702.1063313,985,1,1,0
1551213702.1063907,985,1,1,0
1551213702.1064508,985,1,1,0
1551213702.1065104,985,1,1,0
1551213702.1065705,985,1,1,0
1551213702.1066306,985,1,1,0
1551213702.1066904,985,1,1,0
1551213702.1067502,985,1,1,0
1551213702.1068106,985,1,1,0
1551213702.1068704,985,1,1,0
1551213702.10693,985,1,1,0
1551213702.106989,985,1,1,0
1551213702.1070476,985,1,1,0
1551213702.1071072,985,1,1,0
1551213702.1071668,985,1,1,0
1551213702.1072798,985,1,1,0
1551213702.1073449,985,1,1,0
1551213702.107406,985,1,1,0
1551213702.1074655,985,1,1,0
1551213702.1075258,985,1,1,0
1551213702.1075854,985,1,1,0
1551213702.1076453,985,1,1,0
1551213702.1077046,985,1,1,0
1551213702.1077642,985,1,1,0
1551213702.1078234,985,1,1,0
1551213702.107884,985,1,1,0
1551213702.1079426,985,1,1,0
1551213702.1080027,985,1,1,0
1551213702.1080623,985,1,1,0
1551213702.108122,985,1,1,0
1551213702.1081808,985,1,1,0
1551213702.10824,985,1,1,0
1551213702.1082985,985,1,1,0
1551213702.1083598,985,1,1,0
1551213702.1084204,985,1,1,0
1551213702.10848,985,1,1,0
1551213702.1085386,985,1,1,0
1551213702.1085985,985,1,1,0
1551213702.1086583,985,1,1,0
1551213702.1087177,985,1,1,0
1551213702.1087766,985,1,1,0
1551213702.108837,985,1,1,0
1551213702.1088953,985,1,1,0
1551213702.108955,985,1,1,0
1551213702.1090136,985,1,1,0
1551213702.109089,985,1,1,0
1551213702.1091492,985,1,1,0
1551213702.109224,985,1,1,0
1551213702.1092837,985,1,1,0
1551213702.1093433,985,1,1,0
1551213702.1094031,985,1,1,0
1551213702.1094632,985,1,1,0
1551213702.109523,985,1,1,0
1551213702.1095812,985,1,1,0
1551213702.1096408,985,1,1,0
1551213702.1097002,985,1,1,0
1551213702.10976,985,1,1,0
1551213702.1098192,985,1,1,0
1551213702.1098788,985,1,1,0
1551213702.1099384,985,1,1,0
1551213702.109998,985,1,1,0
1551213702.1100578,985,1,1,0
1551213702.110118,985,1,1,0
1551213702.1101775,985,1,1,0
1551213702.1102374,985,1,1,0
1551213702.1102972,985,1,1,0
1551213702.1103568,985,1,1,0
1551213702.1104164,985,1,1,0
1551213702.1104763,985,1,1,0
1551213702.110536,985,1,1,0
1551213702.1105947,985,1,1,0
1551213702.1106546,985,1,1,0
1551213702.1107142,985,1,1,0
1551213702.1107736,985,1,1,0
1551213702.110833,985,1,1,0
1551213702.110891,985,1,1,0
1551213702.1109502,985,1,1,0
1551213702.1110096,985,1,1,0
1551213702.111087,985,1,1,0
1551213702.1111486,985,1,1,0
1551213702.111209,985,1,1,0
1551213702.1112676,985,1,1,0
1551213702.1113424,985,1,1,0
1551213702.111404,985,1,1,0
1551213702.1114628,985,1,1,0
1551213702.1115227,985,1,1,0
1551213702.1115823,985,1,1,0
1551213702.111642,985,1,1,0
1551213702.1117005,985,1,1,0
1551213702.1117601,985,1,1,0
1551213702.1118193,985,1,1,0
1551213702.1118789,985,1,1,0
1551213702.1119385,985,1,1,0
1551213702.1120038,985,1,1,0
1551213702.1120813,985,1,1,0
1551213702.1121438,985,1,1,0
1551213702.1122038,985,1,1,0
1551213702.1122634,985,1,1,0
1551213702.1123369,985,1,1,0
1551213702.1123989,985,1,1,0
1551213702.1124914,985,1,1,0
1551213702.1125534,985,1,1,0
1551213702.1126132,985,1,1,0
1551213702.1126735,985,1,1,0
1551213702.112733,985,1,1,0
1551213702.112792,985,1,1,0
1551213702.112851,985,1,1,0
1551213702.1129096,985,1,1,0
1551213702.1129692,985,1,1,0
1551213702.1130283,985,1,1,0
1551213702.1130877,985,1,1,0
1551213702.1131473,985,1,1,0
1551213702.1132064,985,1,1,0
1551213702.1132653,985,1,1,0
1551213702.1133246,985,1,1,0
1551213702.1133845,985,1,1,0
1551213702.1134434,985,1,1,0
1551213702.1135037,985,1,1,0
1551213702.1135626,985,1,1,0
1551213702.1136224,985,1,1,0
1551213702.1136825,985,1,1,0
1551213702.1137424,985,1,1,0
1551213702.113802,985,1,1,0
1551213702.1138606,985,1,1,0
1551213702.1139197,985,1,1,0
1551213702.1139789,985,1,1,0
1551213702.114038,985,1,1,0
1551213702.1140962,985,1,1,0
1551213702.114156,985,1,1,0
1551213702.114216,985,1,1,0
1551213702.114275,985,1,1,0
1551213702.114334,985,1,1,0
1551213702.1143923,985,1,1,0
1551213702.114452,985,1,1,0
1551213702.1145105,985,1,1,0
1551213702.1145701,985,1,1,0
1551213702.11463,985,1,1,0
1551213702.1146882,985,1,1,0
1551213702.1147475,985,1,1,0
1551213702.114807,985,1,1,0
1551213702.1148655,985,1,1,0
1551213702.1149247,985,1,1,0
1551213702.1149848,985,1,1,0
1551213702.1150439,985,1,1,0
1551213702.1151032,985,1,1,0
1551213702.1155477,985,1,1,0
1551213702.1156223,985,1,1,0
1551213702.1156857,985,1,1,0
1551213702.1157472,985,1,1,0
1551213702.115808,985,1,1,0
1551213702.1158693,985,1,1,0
1551213702.1159303,985,1,1,0
1551213702.1159897,985,1,1,0
1551213702.1160495,985,1,1,0
1551213702.1161108,985,1,1,0
1551213702.1161826,985,1,1,0
1551213702.1162448,985,1,1,0
1551213702.1163058,985,1,1,0
1551213702.116366,985,1,1,0
1551213702.1164253,985,1,1,0
1551213702.1164849,985,1,1,0
1551213702.1165447,985,1,1,0
1551213702.1166065,985,1,1,0
1551213702.1166673,985,1,1,0
1551213702.116728,985,1,1,0
1551213702.1167874,985,1,1,0
1551213702.1168475,985,1,1,0
1551213702.1169078,985,1,1,0
1551213702.1169686,985,1,1,0
1551213702.1170292,985,1,1,0
1551213702.1171072,985,1,1,0
1551213702.1171708,985,1,1,0
1551213702.1172464,985,1,1,0
1551213702.1173067,985,1,1,0
1551213702.1173668,985,1,1,0
1551213702.1174266,985,1,1,0
1551213702.1174862,985,1,1,0
1551213702.1175458,985,1,1,0
1551213702.1176057,985,1,1,0
1551213702.117665,985,1,1,0
1551213702.1177242,985,1,1,0
1551213702.1177847,985,1,1,0
1551213702.1178448,985,1,1,0
1551213702.1179042,985,1,1,0
1551213702.117964,985,1,1,0
1551213702.1180224,985,1,1,0
1551213702.118082,985,1,1,0
1551213702.1181407,985,1,1,0
1551213702.1182003,985,1,1,0
1551213702.1182594,985,1,1,0
1551213702.1183193,985,1,1,0
1551213702.1183789,985,1,1,0
1551213702.1184409,985,1,1,0
1551213702.1185002,985,1,1,0
1551213702.1185603,985,1,1,0
1551213702.1186194,985,1,1,0
1551213702.1186795,985,1,1,0
1551213702.1187394,985,1,1,0
1551213702.118799,985,1,1,0
1551213702.1188574,985,1,1,0
1551213702.1189175,985,1,1,0
1551213702.118977,985,1,1,0
1551213702.1190357,985,1,1,0
1551213702.1190953,985,1,1,0
1551213702.1191576,985,1,1,0
1551213702.1192176,985,1,1,0
1551213702.1192775,985,1,1,0
1551213702.1193373,985,1,1,0
1551213702.1193967,985,1,1,0
1551213702.1194563,985,1,1,0
1551213702.1195164,985,1,1,0
1551213702.1195762,985,1,1,0
1551213702.1196363,985,1,1,0
1551213702.1196954,985,1,1,0
1551213702.1197548,985,1,1,0
1551213702.1198142,985,1,1,0
1551213702.1198735,985,1,1,0
1551213702.1199336,985,1,1,0
1551213702.1199944,985,1,1,0
1551213702.1200712,985,1,1,0
1551213702.1201334,985,1,1,0
1551213702.1201935,985,1,1,0
1551213702.1202536,985,1,1,0
1551213702.120327,985,1,1,0
1551213702.1203883,985,1,1,0
1551213702.1204479,985,1,1,0
1551213702.1205072,985,1,1,0
1551213702.1205666,985,1,1,0
1551213702.1206262,985,1,1,0
1551213702.1206849,985,1,1,0
1551213702.1207442,985,1,1,0
1551213702.120804,985,1,1,0
1551213702.120863,985,1,1,0
1551213702.1209214,985,1,1,0
1551213702.1209843,985,1,1,0
1551213702.1210444,985,1,1,0
1551213702.1211045,985,1,1,0
1551213702.1211638,985,1,1,0
1551213702.121224,985,1,1,0
1551213702.1212828,985,1,1,0
1551213702.1213424,985,1,1,0
1551213702.1214023,985,1,1,0
1551213702.121462,985,1,1,0
1551213702.1215208,985,1,1,0
1551213702.1215804,985,1,1,0
1551213702.1216393,985,1,1,0
1551213702.1216989,985,1,1,0
1551213702.1217585,985,1,1,0
1551213702.121818,985,1,1,0
1551213702.1218767,985,1,1,0
1551213702.1219366,985,1,1,0
1551213702.1219962,985,1,1,0
1551213702.1220603,985,1,1,0
1551213702.122121,985,1,1,0
1551213702.1221797,985,1,1,0
1551213702.1222394,985,1,1,0
1551213702.1222982,985,1,1,0
1551213702.1223583,985,1,1,0
1551213702.122446,985,1,1,0
1551213702.1225107,985,1,1,0
1551213702.1225715,985,1,1,0
1551213702.1226318,985,1,1,0
1551213702.1226923,985,1,1,0
1551213702.122753,985,1,1,0
1551213702.1228113,985,1,1,0
1551213702.1228714,985,1,1,0
1551213702.1229312,985,1,1,0
1551213702.1229906,985,1,1,0
1551213702.1230507,985,1,1,0
1551213702.12311,985,1,1,0
1551213702.1231692,985,1,1,0
1551213702.1232288,985,1,1,0
1551213702.1232893,985,1,1,0
1551213702.1233494,985,1,1,0
1551213702.1234093,985,1,1,0
1551213702.1234689,985,1,1,0
1551213702.1235285,985,1,1,0
1551213702.123588,985,1,1,0
1551213702.1236465,985,1,1,0
1551213702.1237059,985,1,1,0
1551213702.123765,985,1,1,0
1551213702.1238236,985,1,1,0
1551213702.1238832,985,1,1,0
1551213702.1239429,985,1,1,0
1551213702.124003,985,1,1,0
1551213702.124061,985,1,1,0
1551213702.1241202,985,1,1,0
1551213702.12418,985,1,1,0
1551213702.1242383,985,1,1,0
1551213702.1242979,985,1,1,0
1551213702.1243577,985,1,1,0
1551213702.124418,985,1,1,0
1551213702.124477,985,1,1,0
1551213702.1245363,985,1,1,0
1551213702.124597,985,1,1,0
1551213702.124656,985,1,1,0
1551213702.124715,985,1,1,0
1551213702.124774,985,1,1,0
1551213702.124833,985,1,1,0
1551213702.124892,985,1,1,0
1551213702.1249511,985,1,1,0
1551213702.1250107,985,1,1,0
1551213702.1250854,985,1,1,0
1551213702.1251469,985,1,1,0
1551213702.1252215,985,1,1,0
1551213702.1252823,985,1,1,0
1551213702.1253424,985,1,1,0
1551213702.1254022,985,1,1,0
1551213702.125462,985,1,1,0
1551213702.1255214,985,1,1,0
1551213702.1255815,985,1,1,0
1551213702.1256409,985,1,1,0
1551213702.1257002,985,1,1,0
1551213702.12576,985,1,1,0
1551213702.1258192,985,1,1,0
1551213702.1258788,985,1,1,0
1551213702.1259384,985,1,1,0
1551213702.1259983,985,1,1,0
1551213702.1260576,985,1,1,0
1551213702.126118,985,1,1,0
1551213702.1261868,985,1,1,0
1551213702.1262481,985,1,1,0
1551213702.126308,985,1,1,0
1551213702.1263664,985,1,1,0
1551213702.126426,985,1,1,0
1551213702.1264853,985,1,1,0
1551213702.126545,985,1,1,0
1551213702.126603,985,1,1,0
1551213702.1266615,985,1,1,0
1551213702.1267211,985,1,1,0
1551213702.1267803,985,1,1,0
1551213702.1268396,985,1,1,0
1551213702.126899,985,1,1,0
1551213702.1269577,985,1,1,0
1551213702.1270168,985,1,1,0
1551213702.1270943,985,1,1,0
1551213702.127155,985,1,1,0
1551213702.1272137,985,1,1,0
1551213702.1272733,985,1,1,0
1551213702.1273532,985,1,1,0
1551213702.1274142,985,1,1,0
1551213702.1274743,985,1,1,0
1551213702.1275342,985,1,1,0
1551213702.1275945,985,1,1,0
1551213702.1276553,985,1,1,0
1551213702.127715,985,1,1,0
1551213702.1277742,985,1,1,0
1551213702.127836,985,1,1,0
1551213702.1278946,985,1,1,0
1551213702.1279547,985,1,1,0
1551213702.1280148,985,1,1,0
1551213702.1280954,985,1,1,0
1551213702.1281571,985,1,1,0
1551213702.1282172,985,1,1,0
1551213702.1282768,985,1,1,0
1551213702.1283538,985,1,1,0
1551213702.128415,985,1,1,0
1551213702.1284747,985,1,1,0
1551213702.1285353,985,1,1,0
1551213702.1285954,985,1,1,0
1551213702.1286561,985,1,1,0
1551213702.128716,985,1,1,0
1551213702.1287756,985,1,1,0
1551213702.128836,985,1,1,0
1551213702.128895,985,1,1,0
1551213702.128954,985,1,1,0
1551213702.1290128,985,1,1,0
1551213702.1290727,985,1,1,0
1551213702.1291325,985,1,1,0
1551213702.1291919,985,1,1,0
1551213702.129252,985,1,1,0
1551213702.1293104,985,1,1,0
1551213702.1293695,985,1,1,0
1551213702.1294296,985,1,1,0
1551213702.1294892,985,1,1,0
1551213702.1295488,985,1,1,0
1551213702.1296089,985,1,1,0
1551213702.1296685,985,1,1,0
1551213702.1297283,985,1,1,0
1551213702.1297948,985,1,1,0
1551213702.129857,985,1,1,0
1551213702.129916,985,1,1,0
1551213702.1299746,985,1,1,0
1551213702.130034,985,1,1,0
1551213702.1300924,985,1,1,0
1551213702.130152,985,1,1,0
1551213702.1302102,985,1,1,0
1551213702.1302695,985,1,1,0
1551213702.130329,985,1,1,0
1551213702.1303875,985,1,1,0
1551213702.1304471,985,1,1,0
1551213702.1305063,985,1,1,0
1551213702.130566,985,1,1,0
1551213702.1306245,985,1,1,0
1551213702.1306837,985,1,1,0
1551213702.1307433,985,1,1,0
1551213702.1308024,985,1,1,0
1551213702.1308627,985,1,1,0
1551213702.1309223,985,1,1,0
1551213702.130982,985,1,1,0
1551213702.1310406,985,1,1,0
1551213702.1310997,985,1,1,0
1551213702.1311595,985,1,1,0
1551213702.1312191,985,1,1,0
1551213702.131279,985,1,1,0
1551213702.1313374,985,1,1,0
1551213702.1313975,985,1,1,0
1551213702.131457,985,1,1,0
1551213702.1315157,985,1,1,0
1551213702.1315758,985,1,1,0
1551213702.1316354,985,1,1,0
1551213702.132686,985,1,1,0
1551213702.1331437,985,1,1,0
1551213702.1341434,985,1,1,0
1551213702.1342466,985,1,1,0
1551213702.1343167,985,1,1,0
1551213702.1343791,985,1,1,0
1551213702.134441,985,1,1,0
1551213702.1345015,985,1,1,0
1551213702.1345623,985,1,1,0
1551213702.1346226,985,1,1,0
1551213702.134683,985,1,1,0
1551213702.1347425,985,1,1,0
1551213702.1348026,985,1,1,0
1551213702.1348627,985,1,1,0
1551213702.1349225,985,1,1,0
1551213702.1349828,985,1,1,0
1551213702.1350431,985,1,1,0
1551213702.1351032,985,1,1,0
1551213702.1351635,985,1,1,0
1551213702.1356125,985,1,1,0
1551213702.1356893,985,1,1,0
1551213702.1357539,985,1,1,0
1551213702.1358159,985,1,1,0
1551213702.135877,985,1,1,0
1551213702.1359377,985,1,1,0
1551213702.1359982,985,1,1,0
1551213702.1361012,985,1,1,0
1551213702.1361642,985,1,1,0
1551213702.1362436,985,1,1,0
1551213702.1363237,985,1,1,0
1551213702.1363869,985,1,1,0
1551213702.1364481,985,1,1,0
1551213702.1365092,985,1,1,0
1551213702.1365695,985,1,1,0
1551213702.13663,985,1,1,0
1551213702.1366894,985,1,1,0
1551213702.1367526,985,1,1,0
1551213702.136815,985,1,1,0
1551213702.136875,985,1,1,0
1551213702.1369336,985,1,1,0
1551213702.1369934,985,1,1,0
1551213702.1370533,985,1,1,0
1551213702.1371136,985,1,1,0
1551213702.137174,985,1,1,0
1551213702.137233,985,1,1,0
1551213702.1372945,985,1,1,0
1551213702.137355,985,1,1,0
1551213702.137414,985,1,1,0
1551213702.1374729,985,1,1,0
1551213702.1375327,985,1,1,0
1551213702.1375928,985,1,1,0
1551213702.1376524,985,1,1,0
1551213702.1377122,985,1,1,0
1551213702.1377723,985,1,1,0
1551213702.1378317,985,1,1,0
1551213702.1378927,985,1,1,0
1551213702.1379528,985,1,1,0
1551213702.1380124,985,1,1,0
1551213702.1380723,985,1,1,0
1551213702.1381319,985,1,1,0
1551213702.1381917,985,1,1,0
1551213702.138251,985,1,1,0
1551213702.1383097,985,1,1,0
1551213702.1383696,985,1,1,0
1551213702.1384292,985,1,1,0
1551213702.138489,985,1,1,0
1551213702.138551,985,1,1,0
1551213702.1386108,985,1,1,0
1551213702.1386712,985,1,1,0
1551213702.138731,985,1,1,0
1551213702.1387892,985,1,1,0
1551213702.138849,985,1,1,0
1551213702.1389077,985,1,1,0
1551213702.1389673,985,1,1,0
1551213702.1390269,985,1,1,0
1551213702.1390867,985,1,1,0
1551213702.139146,985,1,1,0
1551213702.1392045,985,1,1,0
1551213702.1392663,985,1,1,0
1551213702.139326,985,1,1,0
1551213702.139385,985,1,1,0
1551213702.1394434,985,1,1,0
1551213702.139503,985,1,1,0
1551213702.1395617,985,1,1,0
1551213702.139622,985,1,1,0
1551213702.1396801,985,1,1,0
1551213702.1397402,985,1,1,0
1551213702.1397994,985,1,1,0
1551213702.139858,985,1,1,0
1551213702.1399162,985,1,1,0
1551213702.1399753,985,1,1,0
1551213702.1400352,985,1,1,0
1551213702.1400957,985,1,1,0
1551213702.1401553,985,1,1,0
1551213702.1402147,985,1,1,0
1551213702.1402738,985,1,1,0
1551213702.1403334,985,1,1,0
1551213702.1403928,985,1,1,0
1551213702.140452,985,1,1,0
1551213702.1405108,985,1,1,0
1551213702.1405694,985,1,1,0
1551213702.140629,985,1,1,0
1551213702.140687,985,1,1,0
1551213702.1407444,985,1,1,0
1551213702.1408038,985,1,1,0
1551213702.1408634,985,1,1,0
1551213702.1409233,985,1,1,0
1551213702.1409829,985,1,1,0
1551213702.141046,985,1,1,0
1551213702.1411226,985,1,1,0
1551213702.1411984,985,1,1,0
1551213702.1412601,985,1,1,0
1551213702.1413193,985,1,1,0
1551213702.1413796,985,1,1,0
1551213702.141439,985,1,1,0
1551213702.1414974,985,1,1,0
1551213702.141557,985,1,1,0
1551213702.1416154,985,1,1,0
1551213702.1416752,985,1,1,0
1551213702.1417344,985,1,1,0
1551213702.1417935,985,1,1,0
1551213702.1418529,985,1,1,0
1551213702.1419127,985,1,1,0
1551213702.1419725,985,1,1,0
1551213702.1420317,985,1,1,0
1551213702.1420913,985,1,1,0
1551213702.142157,985,1,1,0
1551213702.1422176,985,1,1,0
1551213702.142278,985,1,1,0
1551213702.1423368,985,1,1,0
1551213702.1423965,985,1,1,0
1551213702.142507,985,1,1,0
1551213702.1425676,985,1,1,0
1551213702.142628,985,1,1,0
1551213702.1426866,985,1,1,0
1551213702.1427464,985,1,1,0
1551213702.1428056,985,1,1,0
1551213702.142865,985,1,1,0
1551213702.1429234,985,1,1,0
1551213702.142983,985,1,1,0
1551213702.1430414,985,1,1,0
1551213702.143121,985,1,1,0
1551213702.1431804,985,1,1,0
1551213702.1432405,985,1,1,0
1551213702.1433,985,1,1,0
1551213702.1433752,985,1,1,0
1551213702.1434362,985,1,1,0
1551213702.143497,985,1,1,0
1551213702.1435564,985,1,1,0
1551213702.1436167,985,1,1,0
1551213702.1436758,985,1,1,0
1551213702.1437356,985,1,1,0
1551213702.1437945,985,1,1,0
1551213702.143854,985,1,1,0
1551213702.1439123,985,1,1,0
1551213702.1439722,985,1,1,0
1551213702.1440318,985,1,1,0
1551213702.1441085,985,1,1,0
1551213702.144169,985,1,1,0
1551213702.1442292,985,1,1,0
1551213702.144289,985,1,1,0
1551213702.1443632,985,1,1,0
1551213702.144424,985,1,1,0
1551213702.144483,985,1,1,0
1551213702.144542,985,1,1,0
1551213702.1446009,985,1,1,0
1551213702.1446602,985,1,1,0
1551213702.14472,985,1,1,0
1551213702.14478,985,1,1,0
1551213702.1448393,985,1,1,0
1551213702.1448996,985,1,1,0
1551213702.1449597,985,1,1,0
1551213702.145019,985,1,1,0
1551213702.145078,985,1,1,0
1551213702.1451359,985,1,1,0
1551213702.1451955,985,1,1,0
1551213702.1452549,985,1,1,0
1551213702.1453147,985,1,1,0
1551213702.1453745,985,1,1,0
1551213702.1454346,985,1,1,0
1551213702.1454937,985,1,1,0
1551213702.1455534,985,1,1,0
1551213702.1456132,985,1,1,0
1551213702.1456733,985,1,1,0
1551213702.1457329,985,1,1,0
1551213702.1457927,985,1,1,0
1551213702.145852,985,1,1,0
1551213702.1459105,985,1,1,0
1551213702.14597,985,1,1,0
1551213702.1460292,985,1,1,0
1551213702.1460886,985,1,1,0
1551213702.1461484,985,1,1,0
1551213702.1462193,985,1,1,0
1551213702.14633,985,1,1,0
1551213702.146394,985,1,1,0
1551213702.1464539,985,1,1,0
1551213702.146514,985,1,1,0
1551213702.146573,985,1,1,0
1551213702.1466324,985,1,1,0
1551213702.1466923,985,1,1,0
1551213702.1467519,985,1,1,0
1551213702.1468115,985,1,1,0
1551213702.1468713,985,1,1,0
1551213702.1469312,985,1,1,0
1551213702.1469905,985,1,1,0
1551213702.14705,985,1,1,0
1551213702.1471083,985,1,1,0
1551213702.1471674,985,1,1,0
1551213702.147227,985,1,1,0
1551213702.1472852,985,1,1,0
1551213702.1473453,985,1,1,0
1551213702.1474047,985,1,1,0
1551213702.1474648,985,1,1,0
1551213702.1475246,985,1,1,0
1551213702.1475844,985,1,1,0
1551213702.147644,985,1,1,0
1551213702.1477027,985,1,1,0
1551213702.1477633,985,1,1,0
1551213702.1478229,985,1,1,0
1551213702.147883,985,1,1,0
1551213702.1479425,985,1,1,0
1551213702.1480045,985,1,1,0
1551213702.1480649,985,1,1,0
1551213702.148125,985,1,1,0
1551213702.1481838,985,1,1,0
1551213702.148244,985,1,1,0
1551213702.1483023,985,1,1,0
1551213702.1483622,985,1,1,0
1551213702.148422,985,1,1,0
1551213702.1484814,985,1,1,0
1551213702.148542,985,1,1,0
1551213702.1486006,985,1,1,0
1551213702.1486604,985,1,1,0
1551213702.1487203,985,1,1,0
1551213702.14878,985,1,1,0
1551213702.1488407,985,1,1,0
1551213702.1489005,985,1,1,0
1551213702.14896,985,1,1,0
1551213702.1490183,985,1,1,0
1551213702.149104,985,1,1,0
1551213702.149166,985,1,1,0
1551213702.1492426,985,1,1,0
1551213702.1493032,985,1,1,0
1551213702.1493635,985,1,1,0
1551213702.1494236,985,1,1,0
1551213702.1494834,985,1,1,0
1551213702.1495433,985,1,1,0
1551213702.1496027,985,1,1,0
1551213702.1496623,985,1,1,0
1551213702.1497219,985,1,1,0
1551213702.1497817,985,1,1,0
1551213702.1498413,985,1,1,0
1551213702.149901,985,1,1,0
1551213702.1499658,985,1,1,0
1551213702.150028,985,1,1,0
1551213702.1500874,985,1,1,0
1551213702.150147,985,1,1,0
1551213702.150205,985,1,1,0
1551213702.1502626,985,1,1,0
1551213702.1503222,985,1,1,0
1551213702.150381,985,1,1,0
1551213702.15044,985,1,1,0
1551213702.1504984,985,1,1,0
1551213702.1505575,985,1,1,0
1551213702.1506178,985,1,1,0
1551213702.1506772,985,1,1,0
1551213702.1507366,985,1,1,0
1551213702.1507964,985,1,1,0
1551213702.150856,985,1,1,0
1551213702.1509144,985,1,1,0
1551213702.1509736,985,1,1,0
1551213702.1510332,985,1,1,0
1551213702.1510925,985,1,1,0
1551213702.1511526,985,1,1,0
1551213702.151212,985,1,1,0
1551213702.15127,985,1,1,0
1551213702.151328,985,1,1,0
1551213702.1513865,985,1,1,0
1551213702.1514456,985,1,1,0
1551213702.1515052,985,1,1,0
1551213702.1515641,985,1,1,0
1551213702.151624,985,1,1,0
1551213702.1516829,985,1,1,0
1551213702.1517422,985,1,1,0
1551213702.151802,985,1,1,0
1551213702.1518605,985,1,1,0
1551213702.15192,985,1,1,0
1551213702.1519785,985,1,1,0
1551213702.152038,985,1,1,0
1551213702.1521194,985,1,1,0
1551213702.1521804,985,1,1,0
1551213702.1522403,985,1,1,0
1551213702.1523001,985,1,1,0
1551213702.152377,985,1,1,0
1551213702.1524806,985,1,1,0
1551213702.1525443,985,1,1,0
1551213702.1526048,985,1,1,0
1551213702.1526644,985,1,1,0
1551213702.1527238,985,1,1,0
1551213702.1527839,985,1,1,0
1551213702.152843,985,1,1,0
1551213702.152902,985,1,1,0
1551213702.15296,985,1,1,0
1551213702.1530187,985,1,1,0
1551213702.1530783,985,1,1,0
1551213702.1534994,985,1,1,0
1551213702.1535769,985,1,1,0
1551213702.1536405,985,1,1,0
1551213702.1537027,985,1,1,0
1551213702.1537635,985,1,1,0
1551213702.1538255,985,1,1,0
1551213702.1538854,985,1,1,0
1551213702.1539457,985,1,1,0
1551213702.154006,985,1,1,0
1551213702.1540668,985,1,1,0
1551213702.1541271,985,1,1,0
1551213702.154187,985,1,1,0
1551213702.1542456,985,1,1,0
1551213702.1543052,985,1,1,0
1551213702.1543643,985,1,1,0
1551213702.1544242,985,1,1,0
1551213702.1544836,985,1,1,0
1551213702.1545448,985,1,1,0
1551213702.1546073,985,1,1,0
1551213702.1546679,985,1,1,0
1551213702.154728,985,1,1,0
1551213702.1547873,985,1,1,0
1551213702.1548476,985,1,1,0
1551213702.1549077,985,1,1,0
1551213702.1549685,985,1,1,0
1551213702.1550286,985,1,1,0
1551213702.1550906,985,1,1,0
1551213702.1551502,985,1,1,0
1551213702.1552098,985,1,1,0
1551213702.1552691,985,1,1,0
1551213702.1553288,985,1,1,0
1551213702.1553886,985,1,1,0
1551213702.1554475,985,1,1,0
1551213702.1555061,985,1,1,0
1551213702.1555655,985,1,1,0
1551213702.1556249,985,1,1,0
1551213702.1556854,985,1,1,0
1551213702.155745,985,1,1,0
1551213702.1558032,985,1,1,0
1551213702.1558628,985,1,1,0
1551213702.155923,985,1,1,0
1551213702.1559815,985,1,1,0
1551213702.1560416,985,1,1,0
1551213702.1561012,985,1,1,0
1551213702.1561725,985,1,1,0
1551213702.156235,985,1,1,0
1551213702.1562936,985,1,1,0
1551213702.156356,985,1,1,0
1551213702.1564155,985,1,1,0
1551213702.1564758,985,1,1,0
1551213702.1565351,985,1,1,0
1551213702.1565945,985,1,1,0
1551213702.1566536,985,1,1,0
1551213702.156713,985,1,1,0
1551213702.1567714,985,1,1,0
1551213702.156831,985,1,1,0
1551213702.156889,985,1,1,0
1551213702.1569471,985,1,1,0
1551213702.1570065,985,1,1,0
1551213702.1570888,985,1,1,0
1551213702.1571503,985,1,1,0
1551213702.1572273,985,1,1,0
1551213702.1572883,985,1,1,0
1551213702.1573482,985,1,1,0
1551213702.1574075,985,1,1,0
1551213702.157467,985,1,1,0
1551213702.1575253,985,1,1,0
1551213702.157585,985,1,1,0
1551213702.1576438,985,1,1,0
1551213702.157703,985,1,1,0
1551213702.1577613,985,1,1,0
1551213702.1578205,985,1,1,0
1551213702.1578794,985,1,1,0
1551213702.1579397,985,1,1,0
1551213702.157999,985,1,1,0
1551213702.158058,985,1,1,0
1551213702.1581166,985,1,1,0
1551213702.1581764,985,1,1,0
1551213702.1582355,985,1,1,0
1551213702.1582947,985,1,1,0
1551213702.158354,985,1,1,0
1551213702.1584122,985,1,1,0
1551213702.1584716,985,1,1,0
1551213702.1585314,985,1,1,0
1551213702.1585908,985,1,1,0
1551213702.1586509,985,1,1,0
1551213702.15871,985,1,1,0
1551213702.1587684,985,1,1,0
1551213702.1588283,985,1,1,0
1551213702.1588905,985,1,1,0
1551213702.1589503,985,1,1,0
1551213702.1590102,985,1,1,0
1551213702.1590903,985,1,1,0
1551213702.159151,985,1,1,0
1551213702.15921,985,1,1,0
1551213702.1592684,985,1,1,0
1551213702.1593442,985,1,1,0
1551213702.1594052,985,1,1,0
1551213702.159465,985,1,1,0
1551213702.1595235,985,1,1,0
1551213702.1595838,985,1,1,0
1551213702.159644,985,1,1,0
1551213702.1597023,985,1,1,0
1551213702.1597614,985,1,1,0
1551213702.1598203,985,1,1,0
1551213702.15988,985,1,1,0
1551213702.1599383,985,1,1,0
1551213702.1600037,985,1,1,0
1551213702.160081,985,1,1,0
1551213702.1601422,985,1,1,0
1551213702.1602025,985,1,1,0
1551213702.160262,985,1,1,0
1551213702.160336,985,1,1,0
1551213702.1603959,985,1,1,0
1551213702.160456,985,1,1,0
1551213702.1605144,985,1,1,0
1551213702.1605744,985,1,1,0
1551213702.160634,985,1,1,0
1551213702.1606925,985,1,1,0
1551213702.160752,985,1,1,0
1551213702.1608107,985,1,1,0
1551213702.1608696,985,1,1,0
1551213702.160929,985,1,1,0
1551213702.1609874,985,1,1,0
1551213702.161047,985,1,1,0
1551213702.1611054,985,1,1,0
1551213702.161165,985,1,1,0
1551213702.1612246,985,1,1,0
1551213702.1612847,985,1,1,0
1551213702.1613445,985,1,1,0
1551213702.1614041,985,1,1,0
1551213702.1614637,985,1,1,0
1551213702.161523,985,1,1,0
1551213702.1615813,985,1,1,0
1551213702.1616406,985,1,1,0
1551213702.1616998,985,1,1,0
1551213702.1617599,985,1,1,0
1551213702.1618192,985,1,1,0
1551213702.161879,985,1,1,0
1551213702.1619377,985,1,1,0
1551213702.1619976,985,1,1,0
1551213702.1620576,985,1,1,0
1551213702.1621172,985,1,1,0
1551213702.1621764,985,1,1,0
1551213702.162236,985,1,1,0
1551213702.1622946,985,1,1,0
1551213702.1623542,985,1,1,0
1551213702.1624138,985,1,1,0
1551213702.1625476,985,1,1,0
1551213702.1626096,985,1,1,0
1551213702.1626704,985,1,1,0
1551213702.1627305,985,1,1,0
1551213702.1627893,985,1,1,0
1551213702.162849,985,1,1,0
1551213702.1629078,985,1,1,0
1551213702.1629674,985,1,1,0
1551213702.1630273,985,1,1,0
1551213702.1630867,985,1,1,0
1551213702.1631455,985,1,1,0
1551213702.163205,985,1,1,0
1551213702.1632633,985,1,1,0
1551213702.1633232,985,1,1,0
1551213702.1633825,985,1,1,0
1551213702.163442,985,1,1,0
1551213702.1635008,985,1,1,0
1551213702.1635602,985,1,1,0
1551213702.1636193,985,1,1,0
1551213702.1636782,985,1,1,0
1551213702.1637375,985,1,1,0
1551213702.1637967,985,1,1,0
1551213702.163856,985,1,1,0
1551213702.163915,985,1,1,0
1551213702.1639733,985,1,1,0
1551213702.1640327,985,1,1,0
1551213702.1640933,985,1,1,0
1551213702.1641526,985,1,1,0
1551213702.1642127,985,1,1,0
1551213702.1642718,985,1,1,0
1551213702.1643314,985,1,1,0
1551213702.1643906,985,1,1,0
1551213702.1644502,985,1,1,0
1551213702.164509,985,1,1,0
1551213702.1645677,985,1,1,0
1551213702.1646276,985,1,1,0
1551213702.1646874,985,1,1,0
1551213702.164747,985,1,1,0
1551213702.164806,985,1,1,0
1551213702.1648645,985,1,1,0
1551213702.1649244,985,1,1,0
1551213702.164984,985,1,1,0
1551213702.1650429,985,1,1,0
1551213702.165118,985,1,1,0
1551213702.1651902,985,1,1,0
1551213702.1652527,985,1,1,0
1551213702.1653132,985,1,1,0
1551213702.1653736,985,1,1,0
1551213702.1654332,985,1,1,0
1551213702.165493,985,1,1,0
1551213702.1655517,985,1,1,0
1551213702.1656115,985,1,1,0
1551213702.1656713,985,1,1,0
1551213702.1657307,985,1,1,0
1551213702.165792,985,1,1,0
1551213702.165851,985,1,1,0
1551213702.16591,985,1,1,0
1551213702.1659684,985,1,1,0
1551213702.1660285,985,1,1,0
1551213702.1660886,985,1,1,0
1551213702.1661477,985,1,1,0
1551213702.166219,985,1,1,0
1551213702.1662784,985,1,1,0
1551213702.166338,985,1,1,0
1551213702.166397,985,1,1,0
1551213702.166456,985,1,1,0
1551213702.1665154,985,1,1,0
1551213702.1665745,985,1,1,0
1551213702.1666338,985,1,1,0
1551213702.1666932,985,1,1,0
1551213702.1667528,985,1,1,0
1551213702.1668122,985,1,1,0
1551213702.1668715,985,1,1,0
1551213702.166932,985,1,1,0
1551213702.1669908,985,1,1,0
1551213702.1670506,985,1,1,0
1551213702.1671102,985,1,1,0
1551213702.16717,985,1,1,0
1551213702.167229,985,1,1,0
1551213702.1672878,985,1,1,0
1551213702.1673481,985,1,1,0
1551213702.1674078,985,1,1,0
1551213702.1674674,985,1,1,0
1551213702.1675265,985,1,1,0
1551213702.167586,985,1,1,0
1551213702.1676445,985,1,1,0
1551213702.167708,985,1,1,0
1551213702.1677685,985,1,1,0
1551213702.167828,985,1,1,0
1551213702.1678867,985,1,1,0
1551213702.1679466,985,1,1,0
1551213702.1680062,985,1,1,0
1551213702.168082,985,1,1,0
1551213702.1681423,985,1,1,0
1551213702.168202,985,1,1,0
1551213702.16826,985,1,1,0
1551213702.168333,985,1,1,0
1551213702.168393,985,1,1,0
1551213702.168452,985,1,1,0
1551213702.16851,985,1,1,0
1551213702.1685688,985,1,1,0
1551213702.1686287,985,1,1,0
1551213702.1686876,985,1,1,0
1551213702.168747,985,1,1,0
1551213702.1688054,985,1,1,0
1551213702.168865,985,1,1,0
1551213702.1689239,985,1,1,0
1551213702.1689832,985,1,1,0
1551213702.169043,985,1,1,0
1551213702.169102,985,1,1,0
1551213702.1691604,985,1,1,0
1551213702.169219,985,1,1,0
1551213702.1692774,985,1,1,0
1551213702.1693368,985,1,1,0
1551213702.1693964,985,1,1,0
1551213702.1694558,985,1,1,0
1551213702.1695147,985,1,1,0
1551213702.169574,985,1,1,0
1551213702.1696324,985,1,1,0
1551213702.1696918,985,1,1,0
1551213702.1697512,985,1,1,0
1551213702.169811,985,1,1,0
1551213702.169871,985,1,1,0
1551213702.1699295,985,1,1,0
1551213702.1699896,985,1,1,0
1551213702.1700494,985,1,1,0
1551213702.170109,985,1,1,0
1551213702.170167,985,1,1,0
1551213702.1702254,985,1,1,0
1551213702.1702847,985,1,1,0
1551213702.1703436,985,1,1,0
1551213702.1704023,985,1,1,0
1551213702.1704617,985,1,1,0
1551213702.170521,985,1,1,0
1551213702.1705794,985,1,1,0
1551213702.1706388,985,1,1,0
1551213702.1706977,985,1,1,0
1551213702.170757,985,1,1,0
1551213702.1710975,985,1,1,0
1551213702.17117,985,1,1,0
1551213702.171232,985,1,1,0
1551213702.171292,985,1,1,0
1551213702.1713512,985,1,1,0
1551213702.1714125,985,1,1,0
1551213702.1714725,985,1,1,0
1551213702.1715326,985,1,1,0
1551213702.171593,985,1,1,0
1551213702.171653,985,1,1,0
1551213702.1717117,985,1,1,0
1551213702.171771,985,1,1,0
1551213702.1718292,985,1,1,0
1551213702.1718893,985,1,1,0
1551213702.1719487,985,1,1,0
1551213702.1720078,985,1,1,0
1551213702.1720674,985,1,1,0
1551213702.1721292,985,1,1,0
1551213702.1721904,985,1,1,0
1551213702.1722507,985,1,1,0
1551213702.172311,985,1,1,0
1551213702.1723707,985,1,1,0
1551213702.1724634,985,1,1,0
1551213702.1725285,985,1,1,0
1551213702.1725893,985,1,1,0
1551213702.1726494,985,1,1,0
1551213702.172712,985,1,1,0
1551213702.1727712,985,1,1,0
1551213702.1728427,985,1,1,0
1551213702.1729035,985,1,1,0
1551213702.1729634,985,1,1,0
1551213702.1730227,985,1,1,0
1551213702.1730978,985,1,1,0
1551213702.1731584,985,1,1,0
1551213702.173233,985,1,1,0
1551213702.1732929,985,1,1,0
1551213702.173354,985,1,1,0
1551213702.1734126,985,1,1,0
1551213702.1734724,985,1,1,0
1551213702.1735315,985,1,1,0
1551213702.173591,985,1,1,0
1551213702.1736495,985,1,1,0
1551213702.1737087,985,1,1,0
1551213702.1737678,985,1,1,0
1551213702.1738274,985,1,1,0
1551213702.173886,985,1,1,0
1551213702.1739445,985,1,1,0
1551213702.1740067,985,1,1,0
1551213702.1740668,985,1,1,0
1551213702.1741266,985,1,1,0
1551213702.1741867,985,1,1,0
1551213702.1742465,985,1,1,0
1551213702.1743064,985,1,1,0
1551213702.174366,985,1,1,0
1551213702.1744246,985,1,1,0
1551213702.174485,985,1,1,0
1551213702.1745439,985,1,1,0
1551213702.1746035,985,1,1,0
1551213702.1746633,985,1,1,0
1551213702.1747255,985,1,1,0
1551213702.1747863,985,1,1,0
1551213702.1748462,985,1,1,0
1551213702.1749058,985,1,1,0
1551213702.1749659,985,1,1,0
1551213702.1750257,985,1,1,0
1551213702.1751041,985,1,1,0
1551213702.175165,985,1,1,0
1551213702.1752248,985,1,1,0
1551213702.1752849,985,1,1,0
1551213702.1753602,985,1,1,0
1551213702.1754212,985,1,1,0
1551213702.1754818,985,1,1,0
1551213702.1755414,985,1,1,0
1551213702.1756015,985,1,1,0
1551213702.1756608,985,1,1,0
1551213702.1757205,985,1,1,0
1551213702.1757796,985,1,1,0
1551213702.1758392,985,1,1,0
1551213702.175898,985,1,1,0
1551213702.1759567,985,1,1,0
1551213702.1760163,985,1,1,0
1551213702.176093,985,1,1,0
1551213702.1761527,985,1,1,0
1551213702.1762235,985,1,1,0
1551213702.1762836,985,1,1,0
1551213702.1763577,985,1,1,0
1551213702.176418,985,1,1,0
1551213702.1764767,985,1,1,0
1551213702.1765356,985,1,1,0
1551213702.176598,985,1,1,0
1551213702.1766577,985,1,1,0
1551213702.1767175,985,1,1,0
1551213702.1767771,985,1,1,0
1551213702.1768365,985,1,1,0
1551213702.1768954,985,1,1,0
1551213702.176955,985,1,1,0
1551213702.1770132,985,1,1,0
1551213702.1770728,985,1,1,0
1551213702.1771321,985,1,1,0
1551213702.1771917,985,1,1,0
1551213702.1772513,985,1,1,0
1551213702.177311,985,1,1,0
1551213702.1773694,985,1,1,0
1551213702.177429,985,1,1,0
1551213702.177487,985,1,1,0
1551213702.177545,985,1,1,0
1551213702.1776037,985,1,1,0
1551213702.1776683,985,1,1,0
1551213702.1777291,985,1,1,0
1551213702.1777892,985,1,1,0
1551213702.1778493,985,1,1,0
1551213702.1779087,985,1,1,0
1551213702.1779685,985,1,1,0
1551213702.1780276,985,1,1,0
1551213702.1780872,985,1,1,0
1551213702.1781468,985,1,1,0
1551213702.1782062,985,1,1,0
1551213702.1782656,985,1,1,0
1551213702.178325,985,1,1,0
1551213702.1783838,985,1,1,0
1551213702.1784434,985,1,1,0
1551213702.1785028,985,1,1,0
1551213702.1785622,985,1,1,0
1551213702.178622,985,1,1,0
1551213702.1786807,985,1,1,0
1551213702.1787398,985,1,1,0
1551213702.1787994,985,1,1,0
1551213702.1788595,985,1,1,0
1551213702.1789186,985,1,1,0
1551213702.1789787,985,1,1,0
1551213702.1790378,985,1,1,0
1551213702.179097,985,1,1,0
1551213702.1791553,985,1,1,0
1551213702.179215,985,1,1,0
1551213702.1792738,985,1,1,0
1551213702.179333,985,1,1,0
1551213702.1793916,985,1,1,0
1551213702.179451,985,1,1,0
1551213702.1795096,985,1,1,0
1551213702.1795692,985,1,1,0
1551213702.179629,985,1,1,0
1551213702.179688,985,1,1,0
1551213702.179747,985,1,1,0
1551213702.179806,985,1,1,0
1551213702.1798642,985,1,1,0
1551213702.1799238,985,1,1,0
1551213702.1799839,985,1,1,0
1551213702.1800435,985,1,1,0
1551213702.180103,985,1,1,0
1551213702.1801627,985,1,1,0
1551213702.1802223,985,1,1,0
1551213702.1802826,985,1,1,0
1551213702.180342,985,1,1,0
1551213702.1804008,985,1,1,0
1551213702.18046,985,1,1,0
1551213702.1805184,985,1,1,0
1551213702.180578,985,1,1,0
1551213702.1806366,985,1,1,0
1551213702.1806965,985,1,1,0
1551213702.180756,985,1,1,0
1551213702.1808145,985,1,1,0
1551213702.1808746,985,1,1,0
1551213702.1809337,985,1,1,0
1551213702.1809933,985,1,1,0
1551213702.1810665,985,1,1,0
1551213702.181128,985,1,1,0
1551213702.1812,985,1,1,0
1551213702.181261,985,1,1,0
1551213702.1813207,985,1,1,0
1551213702.1813803,985,1,1,0
1551213702.18144,985,1,1,0
1551213702.181499,985,1,1,0
1551213702.1815586,985,1,1,0
1551213702.1816187,985,1,1,0
1551213702.1816792,985,1,1,0
1551213702.181739,985,1,1,0
1551213702.1817982,985,1,1,0
1551213702.1818578,985,1,1,0
1551213702.1819177,985,1,1,0
1551213702.1819777,985,1,1,0
1551213702.1820376,985,1,1,0
1551213702.1820972,985,1,1,0
1551213702.1821563,985,1,1,0
1551213702.1822157,985,1,1,0
1551213702.1822755,985,1,1,0
1551213702.1823354,985,1,1,0
1551213702.1823947,985,1,1,0
1551213702.1824832,985,1,1,0
1551213702.182545,985,1,1,0
1551213702.1826046,985,1,1,0
1551213702.1826646,985,1,1,0
1551213702.1827247,985,1,1,0
1551213702.1827846,985,1,1,0
1551213702.1828444,985,1,1,0
1551213702.1829042,985,1,1,0
1551213702.182964,985,1,1,0
1551213702.1830225,985,1,1,0
1551213702.183082,985,1,1,0
1551213702.1831408,985,1,1,0
1551213702.183201,985,1,1,0
1551213702.1832592,985,1,1,0
1551213702.1833184,985,1,1,0
1551213702.1833792,985,1,1,0
1551213702.183439,985,1,1,0
1551213702.1834977,985,1,1,0
1551213702.1835582,985,1,1,0
1551213702.183618,985,1,1,0
1551213702.183677,985,1,1,0
1551213702.183735,985,1,1,0
1551213702.183794,985,1,1,0
1551213702.183853,985,1,1,0
1551213702.1839116,985,1,1,0
1551213702.183972,985,1,1,0
1551213702.1840303,985,1,1,0
1551213702.1841085,985,1,1,0
1551213702.1841695,985,1,1,0
1551213702.1842299,985,1,1,0
1551213702.1842902,985,1,1,0
1551213702.1843653,985,1,1,0
1551213702.1844256,985,1,1,0
1551213702.1844857,985,1,1,0
1551213702.184546,985,1,1,0
1551213702.1846046,985,1,1,0
1551213702.1846645,985,1,1,0
1551213702.184724,985,1,1,0
1551213702.1847825,985,1,1,0
1551213702.1848423,985,1,1,0
1551213702.1849017,985,1,1,0
1551213702.1849618,985,1,1,0
1551213702.1850224,985,1,1,0
1551213702.1850822,985,1,1,0
1551213702.1851418,985,1,1,0
1551213702.185202,985,1,1,0
1551213702.1852605,985,1,1,0
1551213702.185325,985,1,1,0
1551213702.1853852,985,1,1,0
1551213702.1854453,985,1,1,0
1551213702.185505,985,1,1,0
1551213702.1855638,985,1,1,0
1551213702.1856234,985,1,1,0
1551213702.1856825,985,1,1,0
1551213702.1857421,985,1,1,0
1551213702.1858015,985,1,1,0
1551213702.1858609,985,1,1,0
1551213702.1859198,985,1,1,0
1551213702.185979,985,1,1,0
1551213702.1860373,985,1,1,0
1551213702.186097,985,1,1,0
1551213702.1861646,985,1,1,0
1551213702.1862266,985,1,1,0
1551213702.1862862,985,1,1,0
1551213702.1863918,985,1,1,0
1551213702.186461,985,1,1,0
1551213702.186522,985,1,1,0
1551213702.1865814,985,1,1,0
1551213702.1866407,985,1,1,0
1551213702.1866999,985,1,1,0
1551213702.1867597,985,1,1,0
1551213702.1868193,985,1,1,0
1551213702.186879,985,1,1,0
1551213702.1869376,985,1,1,0
1551213702.186997,985,1,1,0
1551213702.1870558,985,1,1,0
1551213702.1871147,985,1,1,0
1551213702.1871748,985,1,1,0
1551213702.1872337,985,1,1,0
1551213702.187293,985,1,1,0
1551213702.1873515,985,1,1,0
1551213702.1874108,985,1,1,0
1551213702.1874707,985,1,1,0
1551213702.1875317,985,1,1,0
1551213702.1875916,985,1,1,0
1551213702.1876514,985,1,1,0
1551213702.1877115,985,1,1,0
1551213702.1877708,985,1,1,0
1551213702.18783,985,1,1,0
1551213702.1878881,985,1,1,0
1551213702.1879478,985,1,1,0
1551213702.1880069,985,1,1,0
1551213702.1880658,985,1,1,0
1551213702.188125,985,1,1,0
1551213702.1881833,985,1,1,0
1551213702.1882432,985,1,1,0
1551213702.1883025,985,1,1,0
1551213702.188362,985,1,1,0
1551213702.1884208,985,1,1,0
1551213702.1887667,985,1,1,0
1551213702.1888409,985,1,1,0
1551213702.1889043,985,1,1,0
1551213702.188965,985,1,1,0
1551213702.1890244,985,1,1,0
1551213702.1891026,985,1,1,0
1551213702.1891637,985,1,1,0
1551213702.1892388,985,1,1,0
1551213702.1892984,985,1,1,0
1551213702.1893594,985,1,1,0
1551213702.1894193,985,1,1,0
1551213702.189479,985,1,1,0
1551213702.1895378,985,1,1,0
1551213702.1895971,985,1,1,0
1551213702.1896567,985,1,1,0
1551213702.1897163,985,1,1,0
1551213702.1897762,985,1,1,0
1551213702.1898382,985,1,1,0
1551213702.1899002,985,1,1,0
1551213702.1899602,985,1,1,0
1551213702.1900203,985,1,1,0
1551213702.1900797,985,1,1,0
1551213702.1901398,985,1,1,0
1551213702.1901996,985,1,1,0
1551213702.19026,985,1,1,0
1551213702.1903193,985,1,1,0
1551213702.190381,985,1,1,0
1551213702.1904402,985,1,1,0
1551213702.1904998,985,1,1,0
1551213702.1905596,985,1,1,0
1551213702.1906185,985,1,1,0
1551213702.1906784,985,1,1,0
1551213702.1907375,985,1,1,0
1551213702.1907973,985,1,1,0
1551213702.1908567,985,1,1,0
1551213702.1909156,985,1,1,0
1551213702.1909757,985,1,1,0
1551213702.1910353,985,1,1,0
1551213702.191113,985,1,1,0
1551213702.191172,985,1,1,0
1551213702.19123,985,1,1,0
1551213702.1912882,985,1,1,0
1551213702.191363,985,1,1,0
1551213702.1914225,985,1,1,0
1551213702.1914823,985,1,1,0
1551213702.1915417,985,1,1,0
1551213702.191601,985,1,1,0
1551213702.1916618,985,1,1,0
1551213702.1917222,985,1,1,0
1551213702.191782,985,1,1,0
1551213702.191841,985,1,1,0
1551213702.1918998,985,1,1,0
1551213702.1919596,985,1,1,0
1551213702.1920197,985,1,1,0
1551213702.192097,985,1,1,0
1551213702.192157,985,1,1,0
1551213702.192216,985,1,1,0
1551213702.192274,985,1,1,0
1551213702.1923473,985,1,1,0
1551213702.1924107,985,1,1,0
1551213702.192503,985,1,1,0
1551213702.1925628,985,1,1,0
1551213702.192623,985,1,1,0
1551213702.1926816,985,1,1,0
1551213702.192741,985,1,1,0
1551213702.1928,985,1,1,0
1551213702.2104492,982,1,1,0
1551213702.2262106,982,0,0,0
1551213702.2417736,982,0,0,0
1551213702.2583032,982,0,0,0
1551213702.2751257,982,0,0,0
1551213702.2907963,982,0,0,0
1551213702.3065467,982,0,0,0
1551213702.3230586,982,0,0,0
1551213702.338624,982,0,0,0
1551213702.354655,982,0,0,0
1551213702.3713584,982,0,0,0
1551213702.3877974,982,0,0,0
1551213702.4034855,982,0,0,0
1551213702.4202046,982,0,0,0
1551213702.4359722,982,0,0,0
1551213702.4519749,982,0,0,0
1551213702.4677365,982,0,0,0
1551213702.4843996,982,0,0,0
1551213702.5009155,982,0,0,0
1551213702.516528,982,0,0,0
1551213702.5330153,982,0,0,0
1551213702.5486023,982,0,0,0
1551213702.5650997,982,0,0,0
1551213702.5805943,982,0,0,0
1551213702.5972645,982,0,0,0
1551213702.6127954,982,0,0,0
1551213702.6291873,982,0,0,0
1551213702.644619,982,0,0,0
1551213702.661076,982,0,0,0
1551213702.6765008,982,0,0,0
1551213702.708675,981,0,0,0
1551213702.7229838,981,0,0,0
1551213702.7385502,981,0,0,0
1551213702.755086,981,0,0,0
1551213702.770805,981,0,0,0
1551213702.787372,981,0,0,0
1551213702.8035984,981,0,0,0
1551213702.8198416,981,0,0,0
1551213705.079713,981,1,1,0
1551213705.0955095,980,1,1,0
1551213705.1093063,980,0,0,0
1551213705.1250467,980,0,0,0
1551213705.140799,980,0,0,0
1551213705.1574676,980,0,0,0
1551213705.1735268,980,0,0,0
1551213705.190349,980,0,0,0
1551213705.2068074,980,0,0,0
1551213705.22316,980,0,0,0
1551213705.2387872,980,0,0,0
1551213705.2546942,980,0,0,0
1551213705.2713084,980,0,0,0
1551213705.2877862,980,0,0,0
1551213705.3041868,980,0,0,0
1551213705.3196642,980,0,0,0
1551213705.3362384,980,0,0,0
1551213705.3518374,980,0,0,0
1551213705.3678176,980,0,0,0
1551213705.3842998,980,0,0,0
1551213705.400569,980,0,0,0
1551213705.4165409,980,0,0,0
1551213705.4324899,980,0,0,0
1551213705.4484572,980,0,0,0
1551213705.4644253,980,0,0,0
1551213705.4805367,980,0,0,0
1551213705.496677,980,0,0,0
1551213705.5126288,980,0,0,0
1551213705.5285344,980,0,0,0
1551213705.5444322,980,0,0,0
1551213705.5603845,980,0,0,0
1551213705.5763752,980,0,0,0
1551213705.5933135,980,0,0,0
1551213705.6103065,980,0,0,0
1551213705.6262624,980,0,0,0
1551213705.6420865,980,0,0,0
1551213705.6580107,980,0,0,0
1551213705.6742811,980,0,0,0
1551213705.6898408,980,0,0,0
1551213705.7055266,980,0,0,0
1551213705.722097,980,0,0,0
1551213705.7384536,980,0,0,0
1551213705.755212,980,1,0,0
1551213705.7553744,980,1,0,1
1551213705.7705257,980,1,0,1
1551213705.7865999,980,1,0,1
1551213705.802973,980,1,0,1
1551213705.8191133,980,1,0,1
1551213705.83542,980,0,0,1
1551213705.852005,980,0,0,1
1551213705.868246,980,0,0,1
1551213705.884198,980,0,0,1
1551213705.9002144,980,0,0,1
1551213705.9162688,980,0,0,1
1551213705.932246,980,0,0,1
1551213705.9482644,980,0,0,1
1551213705.9652677,980,0,0,1
1551213705.9812517,980,0,0,1
1551213705.9972656,980,0,0,1
1551213706.0132163,980,0,0,1
1551213706.0291855,980,0,0,1
1551213706.0451996,980,0,0,1
1551213706.0611918,980,0,0,1
1551213706.0772336,980,0,0,1
1551213706.0931962,980,0,0,1
1551213706.109209,980,0,0,1
1551213706.1252434,980,0,0,1
1551213706.1412048,980,0,0,1
1551213706.1572943,980,0,0,1
1551213706.1742356,980,0,0,1
1551213706.1901884,980,0,0,1
1551213706.2055454,980,0,0,1
1551213706.22149,980,0,0,1
1551213706.2375257,980,0,0,1
1551213706.253432,980,0,0,1
1551213706.2694087,980,0,0,1
1551213706.285463,980,0,0,1
1551213706.3013961,980,0,0,1
1551213706.317445,980,0,0,1
1551213706.3333952,980,0,0,1
1551213706.3503327,980,0,0,1
1551213706.367345,980,0,0,1
1551213706.3842437,980,0,0,1
1551213706.3994286,980,0,0,1
1551213706.4154105,980,0,0,1
1551213706.4323332,980,0,0,1
1551213706.449249,980,0,0,1
1551213706.4652872,980,0,0,1
1551213706.482256,980,0,0,1
1551213706.498232,980,0,0,1
1551213706.5141876,980,0,0,1
1551213706.530176,980,0,0,1
1551213706.5461874,980,0,0,1
1551213706.5623255,980,0,0,1
1551213706.5793579,980,0,0,1
1551213706.5963137,980,0,0,1
1551213706.6126807,980,0,0,1
1551213706.628647,980,0,0,1
1551213706.6445997,980,0,0,1
1551213706.6605465,980,0,0,1
1551213706.6765745,980,0,0,1
1551213706.692551,980,0,0,1
1551213706.7087727,980,0,0,1
1551213706.7248032,980,0,0,1
1551213706.740804,980,0,0,1
1551213706.7568336,980,0,0,1
1551213706.7728155,980,0,0,1
1551213706.7887733,980,0,0,1
1551213706.8048024,980,0,0,1
1551213706.820807,980,0,0,1
1551213706.8368595,980,0,0,1
1551213706.8528004,980,0,0,1
1551213706.8688269,980,0,0,1
1551213706.8848424,980,0,0,1
1551213706.900829,980,0,0,1
1551213706.917182,980,0,0,1
1551213706.9331267,980,0,0,1
1551213706.9490876,980,0,0,1
1551213706.9650846,980,0,0,1
1551213706.981096,980,0,0,1
1551213706.9971461,980,0,0,1
1551213707.0121796,980,0,0,1
1551213707.0282078,980,0,0,1
1551213707.0441666,980,0,0,1
1551213707.0601177,980,0,0,1
1551213707.0761354,980,0,0,1
1551213707.0920627,980,0,0,1
1551213707.1080887,980,0,0,1
1551213707.1240025,980,0,0,1
1551213707.1399362,980,0,0,1
1551213707.155945,980,0,0,1
1551213707.1720674,980,0,0,1
1551213707.1881433,980,0,0,1
1551213707.2040033,980,0,0,1
1551213707.2199104,980,0,0,1
1551213707.235915,980,0,0,1
1551213707.2518013,980,0,0,1
1551213707.2677164,980,0,0,1
1551213707.2836792,980,0,0,1
1551213707.299553,980,0,0,1
1551213707.3157704,980,0,0,1
1551213707.3316941,980,0,0,1
1551213707.3478172,980,0,0,1
1551213707.3639224,980,0,0,1
1551213707.379617,980,0,0,1
1551213707.3959215,980,0,0,1
1551213707.412204,980,0,0,1
1551213707.4275131,980,0,0,1
1551213707.4436288,980,0,0,1
1551213707.459816,980,0,0,1
1551213707.4754317,980,0,0,1
1551213707.4916346,980,0,0,1
1551213707.5078661,980,0,0,1
1551213707.5240846,980,0,0,1
1551213707.5402796,980,0,0,1
1551213707.5555224,980,0,0,1
1551213707.5717285,980,0,0,1
1551213707.5879328,980,0,0,1
1551213707.6040907,980,0,0,1
1551213707.6195521,980,0,0,1
1551213707.6357627,980,0,0,1
1551213707.6519725,980,0,0,1
1551213707.6682296,980,0,0,1
1551213707.6835368,980,0,0,1
1551213707.700028,980,0,0,1
1551213707.716287,980,0,0,1
1551213707.7315192,980,0,0,1
1551213707.7477334,980,0,0,1
1551213707.7638829,980,0,0,0
1551213707.7973614,980,0,0,0
1551213707.811928,980,0,0,0
1551213707.8284416,980,0,0,0
1551213707.8448615,980,0,0,0
1551213707.861326,980,0,0,0
1551213707.8777957,980,0,0,0
1551213707.8941238,980,0,0,0
1551213707.9097824,980,0,0,0
1551213707.9257896,980,0,0,0
1551213707.941499,980,0,0,0
1551213707.9579782,980,0,0,0
1551213707.9742079,980,0,0,0
1551213707.9898067,980,0,0,0
1551213708.0053158,980,0,0,0
1551213708.0208764,980,0,0,0
1551213708.0374854,980,0,0,0
1551213708.0540452,980,0,0,0
1551213708.0697477,980,0,0,0
1551213708.0863621,980,0,0,0
1551213708.1027005,980,0,0,0
1551213708.1191978,980,0,0,0
1551213708.1348348,980,0,0,0
1551213708.1513698,980,0,0,0
1551213708.1682093,980,0,0,0
1551213708.1837215,980,0,0,0
1551213708.199486,980,0,0,0
1551213708.2155457,980,0,0,0
1551213708.2319684,980,1,0,0
1551213708.2322123,980,1,0,1
1551213708.2476504,980,1,0,1
1551213708.2638237,980,1,0,1
1551213708.2800303,980,1,0,1
1551213708.2962697,980,1,0,1
1551213708.3114748,980,1,0,1
1551213708.3276396,980,1,0,1
1551213708.343968,980,0,0,1
1551213708.3602483,980,0,0,1
1551213708.3755634,980,0,0,1
1551213708.3918843,980,0,0,1
1551213708.4080644,980,0,0,1
1551213708.4241931,980,0,0,1
1551213708.439687,980,0,0,1
1551213708.4559119,980,0,0,1
1551213708.4722211,980,0,0,1
1551213708.4876347,980,0,0,1
1551213708.5037997,980,0,0,1
1551213708.5199263,980,0,0,1
1551213708.5362844,980,0,0,1
1551213708.5525732,980,0,0,1
1551213708.5687537,980,0,0,1
1551213708.5850382,980,0,0,1
1551213708.6003923,980,0,0,1
1551213708.6167276,980,0,0,1
1551213708.6328056,980,0,0,1
1551213708.6491044,980,0,0,1
1551213708.66439,980,0,0,1
1551213708.6805677,980,0,0,1
1551213708.6969216,980,0,0,1
1551213708.7131317,980,0,0,1
1551213708.7293608,980,0,0,1
1551213708.7459562,980,0,0,1
1551213708.762206,980,0,0,1
1551213708.7774563,980,0,0,1
1551213708.79363,980,0,0,1
1551213708.8099115,980,0,0,1
1551213708.8262334,980,0,0,1
1551213708.841652,980,0,0,1
1551213708.8581696,980,0,0,1
1551213708.8734648,980,0,0,1
1551213708.889644,980,0,0,1
1551213708.9060292,980,0,0,1
1551213708.9222991,980,0,0,1
1551213708.937496,980,0,0,1
1551213708.9536881,980,0,0,1
1551213708.9699404,980,0,0,1
1551213708.9862826,980,0,0,1
1551213709.0014603,980,0,0,1
1551213709.0177083,980,0,0,1
1551213709.0339692,980,0,0,1
1551213709.0494196,980,0,0,1
1551213709.065713,980,0,0,1
1551213709.0819163,980,0,0,1
1551213709.098195,980,0,0,1
1551213709.1144233,980,0,0,1
1551213709.1307125,980,0,0,1
1551213709.146991,980,0,0,1
1551213709.1642423,980,0,0,1
1551213709.17961,980,0,0,1
1551213709.1958523,980,0,0,1
1551213709.2123048,980,0,0,1
1551213709.2288437,980,0,0,1
1551213709.245185,980,0,0,1
1551213709.2605155,980,0,0,1
1551213709.2768698,980,0,0,1
1551213709.2930365,980,0,0,1
1551213709.309331,980,0,0,1
1551213709.325658,980,0,0,1
1551213709.3419228,980,0,0,1
1551213709.3574317,980,0,0,1
1551213709.3736887,980,0,0,1
1551213709.389848,980,0,0,1
1551213709.4061823,980,0,0,1
1551213709.4214404,980,0,0,1
1551213709.4376993,980,0,0,1
1551213709.4539878,980,0,0,1
1551213709.4702542,980,0,0,1
1551213709.4854705,980,0,0,1
1551213709.501645,980,0,0,1
1551213709.517918,980,0,0,1
1551213709.5341449,980,0,0,1
1551213709.5493896,980,0,0,1
1551213709.565769,980,0,0,1
1551213709.581934,980,0,0,1
1551213709.5981433,980,0,0,1
1551213709.6143508,980,0,0,1
1551213709.6307278,980,0,0,1
1551213709.6470234,980,0,0,1
1551213709.6631703,980,0,0,1
1551213709.678454,980,0,0,1
1551213709.694614,980,0,0,1
1551213709.7109787,980,0,0,1
1551213709.7274177,980,0,0,1
1551213709.7435732,980,0,0,1
1551213709.7602248,980,0,0,1
1551213709.7754405,980,0,0,1
1551213709.7916703,980,0,0,1
1551213709.8079019,980,0,0,1
1551213709.8241262,980,0,0,1
1551213709.8403099,980,0,0,1
1551213709.8565412,980,0,0,1
1551213709.8727927,980,0,0,1
1551213709.8892016,980,0,0,1
1551213709.9044976,980,0,0,1
1551213709.9207017,980,0,0,1
1551213709.9370883,980,0,0,1
1551213709.9532604,980,0,0,1
1551213709.9686236,980,0,0,1
1551213709.984904,980,0,0,1
1551213710.001163,980,0,0,1
1551213710.0165157,980,0,0,1
1551213710.032667,980,0,0,1
1551213710.048928,980,0,0,1
1551213710.0644898,980,0,0,1
1551213710.0807972,980,0,0,1
1551213710.0970833,980,0,0,1
1551213710.1132116,980,0,0,1
1551213710.128514,980,0,0,1
1551213710.144658,980,0,0,1
1551213710.160871,980,0,0,1
1551213710.1771038,980,0,0,1
1551213710.193296,980,0,0,1
1551213710.2095346,980,0,0,1
1551213710.2257843,980,0,0,1
1551213710.2419288,980,0,0,0
1551213710.272833,986,0,0,0
1551213710.2868118,986,0,0,0
1551213710.303327,986,0,0,0
1551213710.3201528,986,0,0,0
1551213710.335993,986,0,0,0
1551213710.3518043,986,0,0,0
1551213710.3676465,986,0,0,0
1551213710.3843226,986,0,0,0
1551213710.400462,986,0,0,0
1551213710.417046,986,0,0,0
1551213710.4325967,986,0,0,0
1551213710.4490635,986,0,0,0
1551213710.4644833,986,0,0,0
1551213710.481043,986,0,0,0
1551213710.496615,986,0,0,0
1551213710.513299,986,0,0,0
1551213710.5298235,986,0,0,0
1551213710.54546,986,0,0,0
1551213710.5620391,986,0,0,0
1551213710.5780253,986,0,0,0
1551213710.5940883,986,0,0,0
1551213710.6095917,986,0,0,0
1551213710.6260812,986,0,0,0
1551213710.6415205,986,0,0,0
1551213710.657869,986,0,0,0
1551213710.6742904,986,0,0,0
1551213710.6907234,986,0,0,0
1551213710.7072654,986,0,0,0
1551213710.722731,986,0,0,0
1551213710.7392464,986,0,0,0
1551213710.754654,986,0,0,0
1551213710.770401,986,0,0,0
1551213710.786908,986,0,0,0
1551213710.8023975,986,0,0,0
1551213710.8188663,986,0,0,0
1551213710.8352911,986,0,0,0
1551213710.8519754,986,0,0,0
1551213710.8678818,986,0,0,0
1551213710.884772,986,0,0,0
1551213710.9010954,986,0,0,0
1551213710.916818,986,0,0,0
1551213710.9331598,986,0,0,0
1551213710.9487712,986,0,0,0
1551213710.9655974,986,0,0,0
1551213710.9819946,986,0,0,0
1551213710.9978049,986,1,0,0
1551213710.9979682,986,1,0,1
1551213711.0128093,986,1,0,1
1551213711.028992,986,1,0,1
1551213711.0450604,986,1,0,1
1551213711.061042,986,1,0,1
1551213711.0769985,986,1,0,1
1551213711.0929499,986,1,0,1
1551213711.1089096,986,1,0,1
1551213711.1252837,986,0,0,1
1551213711.1412344,986,0,0,1
1551213711.1572337,986,0,0,1
1551213711.1731343,986,0,0,1
1551213711.1890986,986,0,0,1
1551213711.2051315,986,0,0,1
1551213711.2210398,986,0,0,1
1551213711.2370603,986,0,0,1
1551213711.2529902,986,0,0,1
1551213711.269205,986,0,0,1
1551213711.2843835,986,0,0,1
1551213711.3013098,986,0,0,1
1551213711.3182497,986,0,0,1
1551213711.333554,986,0,0,1
1551213711.3494515,986,0,0,1
1551213711.3654635,986,0,0,1
1551213711.3814015,986,0,0,1
1551213711.3973944,986,0,0,1
1551213711.4143245,986,0,0,1
1551213711.4311986,986,0,0,1
1551213711.447286,986,0,0,1
1551213711.4631867,986,0,0,1
1551213711.4790835,986,0,0,1
1551213711.4950826,986,0,0,1
1551213711.511038,986,0,0,1
1551213711.5270314,986,0,0,1
1551213711.542955,986,0,0,1
1551213711.5588834,986,0,0,1
1551213711.5750468,986,0,0,1
1551213711.5909593,986,0,0,1
1551213711.6069732,986,0,0,1
1551213711.6228778,986,0,0,1
1551213711.6392233,986,0,0,1
1551213711.6552155,986,0,0,1
1551213711.6711552,986,0,0,1
1551213711.6871517,986,0,0,1
1551213711.7030566,986,0,0,1
1551213711.718997,986,0,0,1
1551213711.7349563,986,0,0,1
1551213711.7508621,986,0,0,1
1551213711.7668707,986,0,0,1
1551213711.7827423,986,0,0,1
1551213711.7986505,986,0,0,1
1551213711.8145468,986,0,0,1
1551213711.8304214,986,0,0,1
1551213711.8464196,986,0,0,1
1551213711.8633628,986,0,0,1
1551213711.8795314,986,0,0,1
1551213711.895551,986,0,0,1
1551213711.9114509,986,0,0,1
1551213711.9274614,986,0,0,1
1551213711.9437969,986,0,0,1
1551213711.9597023,986,0,0,1
1551213711.97571,986,0,0,1
1551213711.99158,986,0,0,1
1551213712.0076025,986,0,0,1
1551213712.0235465,986,0,0,1
1551213712.0394568,986,0,0,1
1551213712.055466,986,0,0,1
1551213712.0713842,986,0,0,1
1551213712.0873585,986,0,0,1
1551213712.1042545,986,0,0,1
1551213712.1201293,986,0,0,1
1551213712.136072,986,0,0,1
1551213712.1519642,986,0,0,1
1551213712.1680722,986,0,0,1
1551213712.1841109,986,0,0,1
1551213712.2003744,986,0,0,1
1551213712.2173023,986,0,0,1
1551213712.2342138,986,0,0,1
1551213712.250155,986,0,0,1
1551213712.2661335,986,0,0,1
1551213712.2820299,986,0,0,1
1551213712.2983415,986,0,0,1
1551213712.3141966,986,0,0,1
1551213712.3301828,986,0,0,1
1551213712.3461592,986,0,0,1
1551213712.3620577,986,0,0,1
1551213712.3780878,986,0,0,1
1551213712.3939857,986,0,0,1
1551213712.409911,986,0,0,1
1551213712.4259086,986,0,0,1
1551213712.4418006,986,0,0,1
1551213712.457804,986,0,0,1
1551213712.4736943,986,0,0,1
1551213712.4899251,986,0,0,1
1551213712.5059505,986,0,0,1
1551213712.5218678,986,0,0,1
1551213712.5378656,986,0,0,1
1551213712.55386,986,0,0,1
1551213712.5695133,986,0,0,1
1551213712.5859141,986,0,0,1
1551213712.6020212,986,0,0,1
1551213712.6182182,986,0,0,1
1551213712.6334386,986,0,0,1
1551213712.6495574,986,0,0,1
1551213712.665717,986,0,0,1
1551213712.681843,986,0,0,1
1551213712.6973531,986,0,0,1
1551213712.71356,986,0,0,1
1551213712.729763,986,0,0,1
1551213712.7458494,986,0,0,1
1551213712.7620301,986,0,0,1
1551213712.7782452,986,0,0,1
1551213712.7936637,986,0,0,1
1551213712.809829,986,0,0,1
1551213712.82597,986,0,0,1
1551213712.8422093,986,0,0,1
1551213712.8577943,986,0,0,1
1551213712.874031,986,0,0,1
1551213712.890358,986,0,0,1
1551213712.906709,986,0,0,1
1551213712.922779,986,0,0,1
1551213712.9388754,986,0,0,1
1551213712.9549983,986,0,0,1
1551213712.9711196,986,0,0,1
1551213712.9872553,986,0,0,1
1551213713.0033352,986,0,0,0
1551213713.035322,982,0,0,0
1551213713.0495899,982,0,0,0
1551213713.06612,982,0,0,0
1551213713.0822008,982,0,0,0
1551213713.0982976,982,0,0,0
1551213713.1153538,982,0,0,0
1551213713.1323423,982,0,0,0
1551213713.1490095,982,0,0,0
1551213713.1655986,982,0,0,0
1551213713.182232,982,0,0,0
1551213713.1979167,982,0,0,0
1551213713.2135794,982,0,0,0
1551213713.2303352,982,0,0,0
1551213713.246996,982,0,0,0
1551213713.2626827,982,0,0,0
1551213713.2793503,982,0,0,0
1551213713.2960522,982,0,0,0
1551213713.311672,982,0,0,0
1551213713.3283072,982,0,0,0
1551213713.3448765,982,0,0,0
1551213713.3606298,982,0,0,0
1551213713.3773518,982,0,0,0
1551213713.3943071,982,0,0,0
1551213713.411322,982,0,0,0
1551213713.4280977,982,0,0,0
1551213713.4437299,982,1,0,0
1551213713.4438918,982,1,0,1
1551213713.4598668,982,1,0,1
1551213713.4759192,982,1,0,1
1551213713.491903,982,1,0,1
1551213713.5078955,982,1,0,1
1551213713.5239017,982,1,0,1
1551213713.5399466,982,1,0,1
1551213713.5560346,982,0,0,1
1551213713.5720043,982,0,0,1
1551213713.5880625,982,0,0,1
1551213713.6039999,982,0,0,1
1551213713.6202126,982,0,0,1
1551213713.636252,982,0,0,1
1551213713.6521943,982,0,0,1
1551213713.6683397,982,0,0,1
1551213713.6852791,982,0,0,1
1551213713.7011838,982,0,0,1
1551213713.7172635,982,0,0,1
1551213713.7332857,982,0,0,1
1551213713.748457,982,0,0,1
1551213713.7644148,982,0,0,1
1551213713.7805457,982,0,0,1
1551213713.796701,982,0,0,1
1551213713.8126645,982,0,0,1
1551213713.8288374,982,0,0,1
1551213713.845056,982,0,0,1
1551213713.8611796,982,0,0,1
1551213713.8772745,982,0,0,1
1551213713.8934078,982,0,0,1
1551213713.9094534,982,0,0,1
1551213713.9257696,982,0,0,1
1551213713.941882,982,0,0,1
1551213713.957956,982,0,0,1
1551213713.9733953,982,0,0,1
1551213713.989421,982,0,0,1
1551213714.0055752,982,0,0,1
1551213714.021497,982,0,0,1
1551213714.0375414,982,0,0,1
1551213714.0534956,982,0,0,1
1551213714.0694656,982,0,0,1
1551213714.0855346,982,0,0,1
1551213714.1014605,982,0,0,1
1551213714.1174786,982,0,0,1
1551213714.133603,982,0,0,1
1551213714.1496305,982,0,0,1
1551213714.1657524,982,0,0,1
1551213714.181838,982,0,0,1
1551213714.1979532,982,0,0,1
1551213714.2140317,982,0,0,1
1551213714.2301517,982,0,0,1
1551213714.2454188,982,0,0,1
1551213714.2615252,982,0,0,1
1551213714.2779708,982,0,0,1
1551213714.29398,982,0,0,1
1551213714.3100154,982,0,0,1
1551213714.326171,982,0,0,1
1551213714.342182,982,0,0,1
1551213714.358207,982,0,0,1
1551213714.3741016,982,0,0,1
1551213714.3897598,982,0,0,1
1551213714.4057462,982,0,0,1
1551213714.421586,982,0,0,1
1551213714.437646,982,0,0,1
1551213714.4535508,982,0,0,1
1551213714.4694033,982,0,0,1
1551213714.485377,982,0,0,1
1551213714.5022728,982,0,0,1
1551213714.5183554,982,0,0,1
1551213714.5353029,982,0,0,1
1551213714.5521858,982,0,0,1
1551213714.56826,982,0,0,1
1551213714.5834248,982,0,0,1
1551213714.6003575,982,0,0,1
1551213714.617333,982,0,0,1
1551213714.6334567,982,0,0,1
1551213714.6494138,982,0,0,1
1551213714.6654,982,0,0,1
1551213714.6822515,982,0,0,1
1551213714.698365,982,0,0,1
1551213714.7152205,982,0,0,1
1551213714.7311382,982,0,0,1
1551213714.7471383,982,0,0,1
1551213714.763111,982,0,0,1
1551213714.7790823,982,0,0,1
1551213714.7951207,982,0,0,1
1551213714.8110642,982,0,0,1
1551213714.8270369,982,0,0,1
1551213714.8429964,982,0,0,1
1551213714.8590057,982,0,0,1
1551213714.8750145,982,0,0,1
1551213714.8912916,982,0,0,1
1551213714.9064283,982,0,0,1
1551213714.9223745,982,0,0,1
1551213714.938706,982,0,0,1
1551213714.9546578,982,0,0,1
1551213714.9706264,982,0,0,1
1551213714.9866102,982,0,0,1
1551213715.0026023,982,0,0,1
1551213715.0186427,982,0,0,1
1551213715.0345411,982,0,0,1
1551213715.0505002,982,0,0,1
1551213715.0665872,982,0,0,1
1551213715.0825367,982,0,0,1
1551213715.098593,982,0,0,1
1551213715.114517,982,0,0,1
1551213715.1303754,982,0,0,1
1551213715.147365,982,0,0,1
1551213715.1652718,982,0,0,1
1551213715.1811478,982,0,0,1
1551213715.1971185,982,0,0,1
1551213715.2130203,982,0,0,1
1551213715.2292426,982,0,0,1
1551213715.2444332,982,0,0,1
1551213715.2603953,982,0,0,1
1551213715.276409,982,0,0,1
1551213715.292342,982,0,0,1
1551213715.308466,982,0,0,1
1551213715.324403,982,0,0,1
1551213715.3413105,982,0,0,1
1551213715.3582962,982,0,0,1
1551213715.3751898,982,0,0,1
1551213715.3905816,982,0,0,1
1551213715.406585,982,0,0,1
1551213715.4225116,982,0,0,1
1551213715.4384787,982,0,0,1
1551213715.4553785,982,0,0,0
1551213715.4860427,982,0,0,0
1551213715.4995039,982,0,0,0
1551213715.5159214,982,0,0,0
1551213715.5322385,982,0,0,0
1551213715.5477633,982,0,0,0
1551213715.5641916,982,0,0,0
1551213715.5795832,982,0,0,0
1551213715.5960598,982,0,0,0
1551213715.6114373,982,0,0,0
1551213715.6279225,982,0,0,0
1551213715.6443112,982,0,0,0
1551213715.6607542,982,0,0,0
1551213715.677222,982,0,0,0
1551213715.692704,982,0,0,0
1551213715.7092264,982,0,0,0
1551213715.7251017,982,1,0,0
1551213715.725264,982,1,0,1
1551213715.741045,982,1,0,1
1551213715.7571452,982,1,0,1
1551213715.773081,982,1,0,1
1551213715.7890465,982,1,0,1
1551213715.8051229,982,1,0,1
1551213715.8210583,982,1,0,1
1551213715.8371224,982,0,0,1
1551213715.8533375,982,0,0,1
1551213715.8701098,982,0,0,1
1551213715.8861558,982,0,0,1
1551213715.9022381,982,0,0,1
1551213715.9183555,982,0,0,1
1551213715.9343836,982,0,0,1
1551213715.9505742,982,0,0,1
1551213715.9665804,982,0,0,1
1551213715.98255,982,0,0,1
1551213715.9984674,982,0,0,1
1551213716.0143895,982,0,0,1
1551213716.0312839,982,0,0,1
1551213716.0472322,982,0,0,1
1551213716.0631268,982,0,0,1
1551213716.079006,982,0,0,1
1551213716.0954435,982,0,0,1
1551213716.1113539,982,0,0,1
1551213716.1283088,982,0,0,1
1551213716.1451638,982,0,0,1
1551213716.1615224,982,0,0,1
1551213716.1778824,982,0,0,1
1551213716.1939745,982,0,0,1
1551213716.209461,982,0,0,1
1551213716.2255783,982,0,0,1
1551213716.2417443,982,0,0,1
1551213716.257969,982,0,0,1
1551213716.2743113,982,0,0,1
1551213716.2905314,982,0,0,1
1551213716.306593,982,0,0,1
1551213716.3227012,982,0,0,1
1551213716.33881,982,0,0,1
1551213716.3549213,982,0,0,1
1551213716.371143,982,0,0,1
1551213716.3873932,982,0,0,1
1551213716.4035141,982,0,0,1
1551213716.4196894,982,0,0,1
1551213716.4358976,982,0,0,1
1551213716.4521418,982,0,0,1
1551213716.46837,982,0,0,1
1551213716.4844158,982,0,0,1
1551213716.5005658,982,0,0,1
1551213716.5166993,982,0,0,1
1551213716.5328047,982,0,0,1
1551213716.5488658,982,0,0,1
1551213716.5652678,982,0,0,1
1551213716.5805035,982,0,0,1
1551213716.5967476,982,0,0,1
1551213716.6127815,982,0,0,1
1551213716.6288998,982,0,0,1
1551213716.645113,982,0,0,1
1551213716.6612375,982,0,0,1
1551213716.6764219,982,0,0,1
1551213716.6926253,982,0,0,1
1551213716.7087002,982,0,0,1
1551213716.724675,982,0,0,1
1551213716.7406669,982,0,0,1
1551213716.7565534,982,0,0,1
1551213716.7726738,982,0,0,1
1551213716.7887776,982,0,0,1
1551213716.804889,982,0,0,1
1551213716.8209598,982,0,0,1
1551213716.8371656,982,0,0,1
1551213716.8532398,982,0,0,1
1551213716.8685315,982,0,0,1
1551213716.8845706,982,0,0,1
1551213716.9007049,982,0,0,1
1551213716.9169781,982,0,0,1
1551213716.9330373,982,0,0,1
1551213716.9492047,982,0,0,1
1551213716.96436,982,0,0,1
1551213716.9806957,982,0,0,1
1551213716.9968717,982,0,0,1
1551213717.0118709,982,0,0,1
1551213717.0280535,982,0,0,1
1551213717.0451055,982,0,0,1
1551213717.0611491,982,0,0,1
1551213717.0766382,982,0,0,1
1551213717.0929081,982,0,0,1
1551213717.1092076,982,0,0,1
1551213717.124632,982,0,0,1
1551213717.1409814,982,0,0,1
1551213717.1572735,982,0,0,1