All stim.
[957, 958, 959, 960, 961, 962, 963, 964]
Reward stim.
[957, 959, 961, 963]
PiReceivePC sync.
1551976835.7558277
PiSendPC sync.
1551976835.756158
time,whichstim,iftouch,ifreward,ifout
1551976835.7750614,0,0,0,0
1551976835.8103185,0,0,0,0
1551976835.8265634,0,0,0,0
1551976835.8426898,0,0,0,0
1551976835.859623,0,0,0,0
1551976835.876409,0,0,0,0
1551976835.8933656,0,0,0,0
1551976835.912058,0,0,0,0
1551976835.9283237,0,0,0,0
1551976835.944624,0,0,0,0
1551976835.9611511,0,0,0,0
1551976835.9773836,0,0,0,0
1551976835.9935205,0,0,0,0
1551976836.009206,0,0,0,0
1551976836.026834,0,0,0,0
1551976836.0450428,0,0,0,0
1551976836.0637603,0,0,0,0
1551976836.080855,0,0,0,0
1551976836.099268,0,0,0,0
1551976836.1152775,0,0,0,0
1551976836.13241,0,0,0,0
1551976836.1546001,0,0,0,0
1551976836.1713424,0,0,0,0
1551976836.1935809,0,0,0,0
1551976836.2105067,0,0,0,0
1551976836.2287965,0,0,0,0
1551976836.2447486,0,0,0,0
1551976836.2665453,0,0,0,0
1551976836.2836785,0,0,0,0
1551976836.3002515,0,0,0,0
1551976836.3173375,0,0,0,0
1551976836.3332205,0,0,0,0
1551976836.349607,0,0,0,0
1551976836.366305,0,0,0,0
1551976836.381998,0,0,0,0
1551976836.398347,0,0,0,0
1551976836.4141412,0,0,0,0
1551976836.4338477,0,0,0,0
1551976836.4508746,0,0,0,0
1551976836.4668686,0,0,0,0
1551976836.4840019,0,0,0,0
1551976836.5013924,0,0,0,0
1551976836.518883,0,0,0,0
1551976836.536075,0,0,0,0
1551976836.559944,0,0,0,0
1551976836.5768497,0,0,0,0
1551976836.5990407,0,0,0,0
1551976836.616013,0,0,0,0
1551976836.6328216,0,0,0,0
1551976836.649825,0,0,0,0
1551976836.66719,0,0,0,0
1551976836.6845982,0,0,0,0
1551976836.701665,0,0,0,0
1551976836.7237787,0,0,0,0
1551976836.7411168,0,0,0,0
1551976836.757917,0,0,0,0
1551976836.7754693,0,0,0,0
1551976836.7925105,0,0,0,0
1551976836.8099322,0,0,0,0
1551976836.8258905,0,0,0,0
1551976836.8473241,0,0,0,0
1551976836.8637252,0,0,0,0
1551976836.8892555,0,0,0,0
1551976836.9078298,0,0,0,0
1551976836.9238513,0,0,0,0
1551976836.9402878,0,0,0,0
1551976836.9563282,0,0,0,0
1551976836.9728289,0,0,0,0
1551976836.9887922,0,0,0,0
1551976837.00476,0,0,0,0
1551976837.0210822,0,0,0,0
1551976837.0370288,0,0,0,0
1551976837.054564,0,0,0,0
1551976837.0711718,0,0,0,0
1551976837.0877612,0,0,0,0
1551976837.1048784,0,0,0,0
1551976837.1216888,0,0,0,0
1551976837.1392968,0,0,0,0
1551976837.156136,0,0,0,0
1551976837.1728678,0,0,0,0
1551976837.1896975,0,0,0,0
1551976837.206305,0,0,0,0
1551976837.2234328,0,0,0,0
1551976837.2399995,0,0,0,0
1551976837.2577085,0,0,0,0
1551976837.2747898,0,0,0,0
1551976837.2921321,0,0,0,0
1551976837.308891,0,0,0,0
1551976837.3256671,0,0,0,0
1551976837.3471315,0,0,0,0
1551976837.3638556,0,0,0,0
1551976837.380353,0,0,0,0
1551976837.3978944,0,0,0,0
1551976837.418958,0,0,0,0
1551976837.4367313,0,0,0,0
1551976837.453603,0,0,0,0
1551976837.4726784,0,0,0,0
1551976837.488756,0,0,0,0
1551976837.5049574,0,0,0,0
1551976837.521585,0,0,0,0
1551976837.5376804,0,0,0,0
1551976837.556755,0,0,0,0
1551976837.5740538,0,0,0,0
1551976837.5910218,0,0,0,0
1551976837.6088362,0,0,0,0
1551976837.6246076,0,0,0,0
1551976837.6422012,0,0,0,0
1551976837.6590047,0,0,0,0
1551976837.6826499,0,0,0,0
1551976837.6997626,0,0,0,0
1551976837.7172394,0,0,0,0
1551976837.7357554,0,0,0,0
1551976837.7520466,0,0,0,0
1551976837.7694592,0,0,0,0
1551976837.7855396,0,0,0,0
1551976837.8064928,0,0,0,0
1551976837.82254,0,0,0,0
1551976837.8394277,0,0,0,0
1551976837.8565705,0,0,0,0
1551976837.8725524,0,0,0,0
1551976837.8891902,0,0,0,0
1551976837.9052515,0,0,0,0
1551976837.9211333,0,0,0,0
1551976837.9383104,0,0,0,0
1551976837.9542494,0,0,0,0
1551976837.971775,0,0,0,0
1551976837.98775,0,0,0,0
1551976838.003709,0,0,0,0
1551976838.0209148,0,0,0,0
1551976838.0368555,0,0,0,0
1551976838.0544167,0,0,0,0
1551976838.0713794,0,0,0,0
1551976838.0874803,0,0,0,0
1551976838.1046205,0,0,0,0
1551976838.1206722,0,0,0,0
1551976838.1381886,0,0,0,0
1551976838.1541793,0,0,0,0
1551976838.1701915,0,0,0,0
1551976838.1872704,0,0,0,0
1551976838.2032287,0,0,0,0
1551976838.220045,0,0,0,0
1551976838.2360215,0,0,0,0
1551976838.2518625,0,0,0,0
1551976838.2690053,0,0,0,0
1551976838.2849119,0,0,0,0
1551976838.303883,0,0,0,0
1551976838.3200471,0,0,0,0
1551976838.3359017,0,0,0,0
1551976838.3530595,0,0,0,0
1551976838.3689322,0,0,0,0
1551976838.3875437,0,0,0,0
1551976838.4035606,0,0,0,0
1551976838.4204288,0,0,0,0
1551976838.4375463,0,0,0,0
1551976838.4544253,0,0,0,0
1551976838.471048,0,0,0,0
1551976838.4871151,0,0,0,0
1551976838.5030382,0,0,0,0
1551976838.520157,0,0,0,0
1551976838.536066,0,0,0,0
1551976838.5538225,0,0,0,0
1551976838.5697775,0,0,0,0
1551976838.5856605,0,0,0,0
1551976838.6030774,0,0,0,0
1551976838.6189156,0,0,0,0
1551976838.6374547,0,0,0,0
1551976838.6539907,0,0,0,0
1551976838.669857,0,0,0,0
1551976838.686936,0,0,0,0
1551976838.7028651,0,0,0,0
1551976838.7196667,0,0,0,0
1551976838.73562,0,0,0,0
1551976838.7537549,0,0,0,0
1551976838.7710009,0,0,0,0
1551976838.7869477,0,0,0,0
1551976838.8034446,0,0,0,0
1551976838.82041,0,0,0,0
1551976838.8373399,0,0,0,0
1551976838.8541641,0,0,0,0
1551976838.870013,0,0,0,0
1551976838.8866923,0,0,0,0
1551976838.9027312,0,0,0,0
1551976838.9187496,0,0,0,0
1551976838.9361289,0,0,0,0
1551976838.9520378,0,0,0,0
1551976838.969613,0,0,0,0
1551976838.9855366,0,0,0,0
1551976839.001391,0,0,0,0
1551976839.018536,0,0,0,0
1551976839.0354073,0,0,0,0
1551976839.0530853,0,0,0,0
1551976839.0690043,0,0,0,0
1551976839.084896,0,0,0,0
1551976839.101938,0,0,0,0
1551976839.1177874,0,0,0,0
1551976839.135464,0,0,0,0
1551976839.1524227,0,0,0,0
1551976839.1692278,0,0,0,0
1551976839.1861982,0,0,0,0
1551976839.202038,0,0,0,0
1551976839.2190742,0,0,0,0
1551976839.2350218,0,0,0,0
1551976839.250836,0,0,0,0
1551976839.2679446,0,0,0,0
1551976839.2839162,0,0,0,0
1551976839.3015893,0,0,0,0
1551976839.317559,0,0,0,0
1551976839.3335223,0,0,0,0
1551976839.3506134,0,0,0,0
1551976839.3665788,0,0,0,0
1551976839.3841364,0,0,0,0
1551976839.40005,0,0,0,0
1551976839.4162405,0,0,0,0
1551976839.4333777,0,0,0,0
1551976839.4502363,0,0,0,0
1551976839.4671278,0,0,0,0
1551976839.483165,0,0,0,0
1551976839.4989889,0,0,0,0
1551976839.5162501,0,0,0,0
1551976839.5322375,0,0,0,0
1551976839.5515554,0,0,0,0
1551976839.56777,0,0,0,0
1551976839.5837283,0,0,0,0
1551976839.6008263,0,0,0,0
1551976839.6167598,0,0,0,0
1551976839.6342998,0,0,0,0
1551976839.6502042,0,0,0,0
1551976839.6660886,0,0,0,0
1551976839.6832645,0,0,0,0
1551976839.6990602,0,0,0,0
1551976839.7170036,0,0,0,0
1551976839.7330372,0,0,0,0
1551976839.7488818,0,0,0,0
1551976839.7660093,0,0,0,0
1551976839.7818816,0,0,0,0
1551976839.7995982,0,0,0,0
1551976839.8155723,0,0,0,0
1551976839.8324242,0,0,0,0
1551976839.8497007,0,0,0,0
1551976839.8655581,0,0,0,0
1551976839.88211,0,0,0,0
1551976839.8980227,0,0,0,0
1551976839.9139705,0,0,0,0
1551976839.9310277,0,0,0,0
1551976839.9469376,0,0,0,0
1551976839.9655433,0,0,0,0
1551976839.9814684,0,0,0,0
1551976839.9983127,0,0,0,0
1551976840.0154624,0,0,0,0
1551976840.032314,0,0,0,0
1551976840.0489748,0,0,0,0
1551976840.072589,0,0,0,0
1551976840.0926085,0,1,0,0
1551976840.0928006,957,0,0,0
1551976840.1255276,957,0,0,0
1551976840.1416266,957,0,0,0
1551976840.1578887,957,0,0,0
1551976840.1736314,957,0,0,0
1551976840.1902628,957,0,0,0
1551976840.206254,957,0,0,0
1551976840.221729,957,0,0,0
1551976840.2384787,957,0,0,0
1551976840.2548764,957,0,0,0
1551976840.2711985,957,0,0,0
1551976840.2866204,957,0,0,0
1551976840.3027823,957,0,0,0
1551976840.318787,957,0,0,0
1551976840.3350105,957,0,0,0
1551976840.353393,957,0,0,0
1551976840.3686335,957,0,0,0
1551976840.3849788,957,0,0,0
1551976840.4008367,957,0,0,0
1551976840.4166877,957,0,0,0
1551976840.4332182,957,0,0,0
1551976840.4494474,957,0,0,0
1551976840.465709,957,0,0,0
1551976840.4824963,957,0,0,0
1551976840.4987936,957,0,0,0
1551976840.5151114,957,0,0,0
1551976840.5310864,957,0,0,0
1551976840.5465775,957,0,0,0
1551976840.563338,957,0,0,0
1551976840.5788186,957,0,0,0
1551976840.5945008,957,0,0,0
1551976840.6114538,957,0,0,0
1551976840.6277297,957,0,0,0
1551976840.6450005,957,0,0,0
1551976840.6613982,957,0,0,0
1551976840.6766973,957,0,0,0
1551976840.6927564,957,0,0,0
1551976840.7090325,957,0,0,0
1551976840.7245522,957,0,0,0
1551976840.7407908,957,0,0,0
1551976840.7571504,957,0,0,0
1551976840.7732575,957,0,0,0
1551976840.7889478,957,0,0,0
1551976840.8048368,957,0,0,0
1551976840.8209195,957,0,0,0
1551976840.8372173,957,0,0,0
1551976840.8537774,957,0,0,0
1551976840.8701277,957,0,0,0
1551976840.885515,957,0,0,0
1551976840.9016304,957,0,0,0
1551976840.9179919,957,0,0,0
1551976840.937301,957,0,0,0
1551976840.9526637,957,0,0,0
1551976840.968939,957,0,0,0
1551976840.9848921,957,0,0,0
1551976841.001308,957,0,0,0
1551976841.0167222,957,0,0,0
1551976841.0327597,957,0,0,0
1551976841.049202,957,0,0,0
1551976841.065165,957,0,0,0
1551976841.0806682,957,0,0,0
1551976841.0970728,957,0,0,0
1551976841.1130757,957,0,0,0
1551976841.1303277,957,0,0,0
1551976841.1464026,957,0,0,0
1551976841.161704,957,0,0,0
1551976841.1780546,957,0,0,0
1551976841.1944988,957,0,0,0
1551976841.2108138,957,0,0,0
1551976841.2301655,957,0,0,0
PiStop sync.
1551976851.5598223