All stim.
[957, 958, 959, 960, 961, 962, 963, 964]
Reward stim.
[957, 959, 961, 963]
time,whichstim,iftouch,ifreward,ifout
1551653300.8288624,0,0,0,0
1551653300.845769,0,0,0,0
1551653300.862903,0,0,0,0
1551653300.8798044,0,0,0,0
1551653300.8967245,0,0,0,0
1551653300.913877,0,0,0,0
1551653300.9310405,0,0,0,0
1551653300.947913,0,0,0,0
1551653300.9650528,0,0,0,0
1551653300.9819818,0,0,0,0
1551653300.9988716,0,0,0,0
1551653301.0158045,0,0,0,0
1551653301.0327857,0,0,0,0
1551653301.0496798,0,0,0,0
1551653301.0666177,0,0,0,0
1551653301.0835562,0,0,0,0
1551653301.1004324,0,0,0,0
1551653301.1172836,0,0,0,0
1551653301.1341417,0,0,0,0
1551653301.1511614,0,0,0,0
1551653301.1680994,0,0,0,0
1551653301.1850119,0,0,0,0
1551653301.202078,0,0,0,0
1551653301.2188995,0,0,0,0
1551653301.2357945,0,0,0,0
1551653301.2527103,0,0,0,0
1551653301.269529,0,0,0,0
1551653301.2863717,0,0,0,0
1551653301.3036218,0,0,0,0
1551653301.320484,0,0,0,0
1551653301.3373396,0,0,0,0
1551653301.3542883,0,0,0,0
1551653301.3712382,0,0,0,0
1551653301.388062,0,0,0,0
1551653301.4049253,0,0,0,0
1551653301.4218504,0,0,0,0
1551653301.4386096,0,0,0,0
1551653301.455659,0,0,0,0
1551653301.4725757,0,0,0,0
1551653301.4895022,0,0,0,0
1551653301.5064733,0,0,0,0
1551653301.523356,0,0,0,0
1551653301.540212,0,0,0,0
1551653301.5571651,0,0,0,0
1551653301.5740287,0,0,0,0
1551653301.5907657,0,0,0,0
1551653301.6075995,0,0,0,0
1551653301.625006,0,0,0,0
1551653301.6420505,0,0,0,0
1551653301.6589434,0,0,0,0
1551653301.6758666,0,0,0,0
1551653301.692772,0,0,0,0
1551653301.7096426,0,0,0,0
1551653301.7265475,0,0,0,0
1551653301.7434897,0,0,0,0
1551653301.7604423,0,0,0,0
1551653301.7773323,0,0,0,0
1551653301.7944083,0,0,0,0
1551653301.8115308,0,0,0,0
1551653301.8283966,0,0,0,0
1551653301.8452978,0,0,0,0
1551653301.8622503,0,0,0,0
1551653301.8791575,0,0,0,0
1551653301.896135,0,0,0,0
1551653301.9130552,0,0,0,0
1551653301.9299984,0,0,0,0
1551653301.9469104,0,0,0,0
1551653301.963807,0,0,0,0
1551653301.9807622,0,0,0,0
1551653301.9975905,0,0,0,0
1551653302.0145116,0,0,0,0
1551653302.0315647,0,0,0,0
1551653302.0484555,0,0,0,0
1551653302.065417,0,0,0,0
1551653302.082468,0,0,0,0
1551653302.0993085,0,0,0,0
1551653302.1162,0,0,0,0
1551653302.13306,0,0,0,0
1551653302.1498504,0,0,0,0
1551653302.1667578,0,0,0,0
1551653302.1836832,0,0,0,0
1551653302.2005954,0,0,0,0
1551653302.2174652,0,0,0,0
1551653302.234392,0,0,0,0
1551653302.251329,0,0,0,0
1551653302.268135,0,0,0,0
1551653302.2850244,0,0,0,0
1551653302.3019717,0,0,0,0
1551653302.3188145,0,0,0,0
1551653302.3356876,0,0,0,0
1551653302.3525536,0,0,0,0
1551653302.3694263,0,0,0,0
1551653302.3863616,0,0,0,0
1551653302.4032707,0,0,0,0
1551653302.4200842,0,0,0,0
1551653302.4369178,0,0,0,0
1551653302.4537308,0,0,0,0
1551653302.4705646,0,0,0,0
1551653302.4875255,0,0,0,0
1551653302.5044637,0,0,0,0
1551653302.5215206,0,0,0,0
1551653302.5383685,0,0,0,0
1551653302.5552573,0,0,0,0
1551653302.5722425,0,0,0,0
1551653302.5890245,0,0,0,0
1551653302.6059875,0,0,0,0
1551653302.6229036,0,0,0,0
1551653302.6398187,0,0,0,0
1551653302.656732,0,0,0,0
1551653302.6736414,0,0,0,0
1551653302.6906123,0,0,0,0
1551653302.7075474,0,0,0,0
1551653302.7244623,0,0,0,0
1551653302.7414315,0,0,0,0
1551653302.7582848,0,0,0,0
1551653302.7755547,0,0,0,0
1551653302.7934937,0,0,0,0
1551653302.8118076,0,0,0,0
1551653302.8286698,0,0,0,0
1551653302.8457236,0,0,0,0
1551653302.8626056,0,0,0,0
1551653302.8795092,0,0,0,0
1551653302.896425,0,0,0,0
1551653302.914473,0,0,0,0
1551653302.9305735,0,0,0,0
1551653302.94747,0,0,0,0
1551653302.9643369,0,0,0,0
1551653302.981338,0,0,0,0
1551653302.99814,0,0,0,0
1551653303.0152543,0,0,0,0
1551653303.0322871,0,0,0,0
1551653303.0491512,0,0,0,0
1551653303.0660644,0,0,0,0
1551653303.0830555,0,0,0,0
1551653303.0998664,0,0,0,0
1551653303.116963,0,0,0,0
1551653303.118945,0,1,0,0
1551653303.1482637,958,0,0,0
1551653303.1638854,958,0,0,0
1551653303.179601,958,0,0,0
1551653303.1962044,958,0,0,0
1551653303.2116811,958,0,0,0
1551653303.2281954,958,0,0,0
1551653303.2439404,958,0,0,0
1551653303.2597759,958,0,0,0
1551653303.2763863,958,0,0,0
1551653303.2951694,958,0,0,0
1551653303.3099236,958,0,0,0
1551653303.3255591,958,0,0,0
1551653303.3420312,958,0,0,0
1551653303.3584785,958,0,0,0
1551653303.3750553,958,0,0,0
1551653303.3915377,958,0,0,0
1551653303.4079945,958,0,0,0
1551653303.4236076,958,0,0,0
1551653303.440107,958,0,0,0
1551653303.4556887,958,0,0,0
1551653303.4721487,958,0,0,0
1551653303.487581,958,0,0,0
1551653303.5042155,958,0,0,0
1551653303.5196743,958,0,0,0
1551653303.5362089,958,0,0,0
1551653303.5516586,958,0,0,0
1551653303.5680857,958,0,0,0
1551653303.5837123,958,0,0,0
1551653303.6001885,958,0,0,0
1551653303.6156886,958,0,0,0
1551653303.6321554,958,0,0,0
1551653303.6476214,958,0,0,0
1551653303.6642253,958,0,0,0
1551653303.6796665,958,0,0,0
1551653303.696193,958,0,0,0
1551653303.7116454,958,0,0,0
1551653303.7281532,958,0,0,0
1551653303.7437782,958,0,0,0
1551653303.7601836,958,0,0,0
1551653303.7756999,958,0,0,0
1551653303.7927394,958,0,0,0
1551653303.8090923,958,0,0,0
1551653303.8246171,958,0,0,0
1551653303.8411722,958,0,0,0
1551653303.8566213,958,0,0,0
1551653303.873283,958,0,0,0
1551653303.8886325,958,0,0,0
1551653303.905337,958,0,0,0
1551653303.9207327,958,0,0,0
1551653303.937173,958,0,0,0
1551653303.9526129,958,0,0,0
1551653303.9693778,958,0,0,0
1551653303.9850252,958,0,0,0
1551653304.0007412,958,0,0,0
1551653304.0170932,958,0,0,0
1551653304.0325668,958,0,0,0
1551653304.0492299,958,0,0,0
1551653304.064741,958,0,0,0
1551653304.0812287,958,0,0,0
1551653304.097021,958,0,0,0
1551653304.1127408,958,0,0,0
1551653304.1292243,958,0,0,0
1551653304.144701,958,0,0,0
1551653304.1612248,958,0,0,0
1551653304.1767948,958,0,0,0
1551653304.1933591,958,0,0,0
1551653304.2087579,958,0,0,0
1551653304.2254915,958,0,0,0
1551653304.2417727,958,0,0,0
1551653304.2581084,958,0,0,0
1551653304.2739723,958,0,0,0
1551653304.2905378,958,0,0,0
1551653304.307041,958,0,0,0
1551653304.3227632,958,0,0,0
1551653304.339322,958,0,0,0
1551653304.354746,958,0,0,0
1551653304.3711913,958,0,0,0
1551653304.3874066,958,0,0,0
1551653304.4034762,958,0,0,0
1551653304.4205031,958,0,0,0
1551653304.4374702,958,0,0,0
1551653304.4544904,958,0,0,0
1551653304.4711778,958,0,0,0
1551653304.4868097,958,0,0,0
1551653304.503467,958,0,0,0
1551653304.5201516,958,0,0,0
1551653304.5359063,958,0,0,0
1551653304.5515764,958,0,0,0
1551653304.5682678,958,0,0,0
1551653304.5841596,958,0,0,0
1551653304.5998409,958,0,0,0
1551653304.6156144,958,0,0,0
1551653304.6322887,958,0,0,0
1551653304.647978,958,0,0,0
1551653304.663937,958,0,0,0
1551653304.6797118,958,0,0,0
1551653304.6964734,958,0,0,0
1551653304.7131577,958,0,0,0
1551653304.7288303,958,0,0,0
1551653304.7447054,958,0,0,0
1551653304.7613394,958,0,0,0
1551653304.7770996,958,0,0,0
1551653304.792971,958,0,0,0
1551653304.808596,958,0,0,0
1551653304.8255079,958,0,0,0
1551653304.84223,958,0,0,0
1551653304.857948,958,0,0,0
1551653304.8738532,958,0,0,0
1551653304.889563,958,0,0,0
1551653304.906394,958,0,0,0
1551653304.9221444,958,0,0,0
1551653304.937862,958,0,0,0
1551653304.9537785,958,0,0,0
1551653304.969752,958,0,0,0
1551653304.9859304,958,0,0,0
1551653305.001673,958,0,0,0
1551653305.018423,958,0,0,0
1551653305.034349,958,0,0,0
1551653305.0500824,958,0,0,0
1551653305.0659106,958,0,0,0
1551653305.0816824,958,0,0,0
1551653305.0984373,958,0,0,0
1551653305.1143916,958,0,0,0
1551653310.494677,958,1,1,0
1551653310.4947953,0,0,0,0
1551653310.526489,0,0,0,0
1551653310.543529,0,0,0,0
1551653310.5606196,0,0,0,0
1551653310.5775297,0,0,0,0
1551653310.5945137,0,0,0,0
1551653310.611467,0,0,0,0
1551653310.6285858,0,0,0,0
1551653310.645603,0,0,0,0
1551653310.6626709,0,0,0,0
1551653310.6796167,0,0,0,0
1551653310.6966107,0,0,0,0
1551653310.7135599,0,0,0,0
1551653310.730641,0,0,0,0
1551653310.7477949,0,0,0,0
1551653310.7648208,0,0,0,0
1551653310.781858,0,0,0,0
1551653310.798945,0,0,0,0
1551653310.8175206,0,0,0,0
1551653310.8345077,0,0,0,0
1551653310.8515353,0,0,0,0
1551653310.8697839,0,0,0,0
1551653310.886902,0,0,0,0
1551653310.9039237,0,0,0,0
1551653310.9221466,0,0,0,0
1551653310.939152,0,0,0,0
1551653310.9581852,0,0,0,0
1551653310.974283,0,0,0,0
1551653310.991373,0,0,0,0
1551653311.009578,0,0,0,0
1551653311.0260346,0,0,0,0
1551653311.0430162,0,0,0,0
1551653311.062518,0,0,0,0
1551653311.0795066,0,0,0,0
1551653311.0966563,0,0,0,0
1551653311.1139572,0,0,0,0
1551653311.1311579,0,0,0,0
1551653311.1482499,0,0,0,0
1551653311.1655018,0,0,0,0
1551653311.1827214,0,0,0,0
1551653311.199681,0,0,0,0
1551653311.2169714,0,0,0,0
1551653311.2340758,0,0,0,0
1551653311.2512445,0,0,0,0
1551653311.2685144,0,0,0,0
1551653311.2855864,0,0,0,0
1551653311.302725,0,0,0,0
1551653311.319487,0,0,0,0
1551653311.33679,0,0,0,0
1551653311.3538508,0,0,0,0
1551653311.3713648,0,0,0,0
1551653311.3884132,0,0,0,0
1551653311.40548,0,0,0,0
1551653311.4227657,0,0,0,0
1551653311.4397526,0,0,0,0
1551653311.456944,0,0,0,0
1551653311.4742064,0,0,0,0
1551653311.491372,0,0,0,0
1551653311.5083873,0,0,0,0
1551653311.5256248,0,0,0,0
1551653311.5427215,0,0,0,0
1551653311.559742,0,0,0,0
1551653311.5769987,0,0,0,0
1551653311.5940082,0,0,0,0
1551653311.6111765,0,0,0,0
1551653311.6283681,0,0,0,0
1551653311.645434,0,0,0,0
1551653311.6627076,0,0,0,0
1551653311.6799715,0,0,0,0
1551653311.697146,0,0,0,0
1551653311.7142239,0,0,0,0
1551653311.731596,0,0,0,0
1551653311.7486384,0,0,0,0
1551653311.765722,0,0,0,0
1551653311.7830632,0,0,0,0
1551653311.8000796,0,0,0,0
1551653311.8172374,0,0,0,0
1551653311.834486,0,0,0,0
1551653311.8516605,0,0,0,0
1551653311.868681,0,0,0,0
1551653311.8860018,0,0,0,0
1551653311.9031084,0,0,0,0
1551653311.9201233,0,0,0,0
1551653311.9374895,0,0,0,0
1551653311.9545484,0,0,0,0
1551653311.9720128,0,0,0,0
1551653311.9893029,0,0,0,0
1551653312.0065258,0,0,0,0
1551653312.023551,0,0,0,0
1551653312.040946,0,0,0,0
1551653312.0579596,0,0,0,0
1551653312.0749872,0,0,0,0
1551653312.0923657,0,0,0,0
1551653312.1093316,0,0,0,0
1551653312.126508,0,0,0,0
1551653312.1437523,0,0,0,0
1551653312.1608317,0,0,0,0
1551653312.1778972,0,0,0,0
1551653312.19518,0,0,0,0
1551653312.212384,0,0,0,0
1551653312.2293751,0,0,0,0
1551653312.246715,0,0,0,0
1551653312.2637615,0,0,0,0
1551653312.281091,0,0,0,0
1551653312.2984262,0,0,0,0
1551653312.315475,0,0,0,0
1551653312.3325927,0,0,0,0
1551653312.3498197,0,0,0,0
1551653312.3670259,0,0,0,0
1551653312.384078,0,0,0,0
1551653312.4014046,0,0,0,0
1551653312.4184997,0,0,0,0
1551653312.435539,0,0,0,0
1551653312.4528904,0,0,0,0
1551653312.4699106,0,0,0,0
1551653312.4870965,0,0,0,0
1551653312.5044403,0,0,0,0
1551653312.5215952,0,0,0,0
1551653312.5385737,0,0,0,0
1551653312.5558205,0,0,0,0
1551653312.5729394,0,0,0,0
1551653312.5901146,0,0,0,0
1551653312.6076057,0,0,0,0
1551653312.6247041,0,0,0,0
1551653312.6417959,0,0,0,0
1551653312.6589441,0,0,0,0
1551653312.6759672,0,0,0,0
1551653312.6930473,0,0,0,0
1551653312.7102394,0,0,0,0
1551653312.7273738,0,0,0,0
1551653312.7444308,0,0,0,0
1551653312.7616951,0,0,0,0
1551653312.7787108,0,0,0,0
1551653312.795786,0,0,0,0
1551653312.8138213,0,0,0,0
1551653312.8315437,0,0,0,0
1551653312.8506763,0,0,0,0
1551653312.8680453,0,0,0,0
1551653312.886004,0,0,0,0
1551653312.904239,0,0,0,0
1551653312.922311,0,0,0,0
1551653312.9402153,0,0,0,0
1551653312.9582438,0,0,0,0
1551653312.9763803,0,0,0,0
1551653312.9943147,0,0,0,0
1551653313.0135808,0,0,0,0
1551653313.031674,0,0,0,0
1551653313.0499394,0,0,0,0
1551653313.0678444,0,0,0,0
1551653313.085814,0,0,0,0
1551653313.1038191,0,0,0,0
1551653313.121914,0,0,0,0
1551653313.1396875,0,0,0,0
1551653313.1576579,0,0,0,0
1551653313.1757724,0,0,0,0
1551653313.1936746,0,0,0,0
1551653313.2115867,0,0,0,0
1551653313.229397,0,0,0,0
1551653313.247367,0,0,0,0
1551653313.2654648,0,0,0,0
1551653313.2829669,0,0,0,0
1551653313.3009007,0,0,0,0
1551653313.3201263,0,0,0,0
1551653313.338187,0,0,0,0
1551653313.356207,0,0,0,0
1551653313.3741195,0,0,0,0
1551653313.3922293,0,0,0,0
1551653313.4099681,0,0,0,0
1551653313.4279,0,0,0,0
1551653313.4458978,0,0,0,0
1551653313.4638233,0,0,0,0
1551653313.4819694,0,0,0,0
1551653313.499818,0,0,0,0
1551653313.517997,0,0,0,0
1551653313.5360885,0,0,0,0
1551653313.554097,0,0,0,0
1551653313.5738416,0,0,0,0
1551653313.5915778,0,0,0,0
1551653313.6094081,0,0,0,0
1551653313.628821,0,0,0,0
1551653313.646915,0,0,0,0
1551653313.6649387,0,0,0,0
1551653313.6836262,0,0,0,0
1551653313.7009861,0,0,0,0
1551653313.7183611,0,0,0,0
1551653313.735833,0,0,0,0
1551653313.7533536,0,0,0,0
1551653313.7707093,0,0,0,0
1551653313.788006,0,0,0,0
1551653313.8053687,0,0,0,0
1551653313.8229868,0,0,0,0
1551653313.8404915,0,0,0,0
1551653313.8577104,0,0,0,0
1551653313.8747046,0,0,0,0
1551653313.8917558,0,0,0,0
1551653313.9086566,0,0,0,0
1551653313.925674,0,0,0,0
1551653313.9427083,0,0,0,0
1551653313.959635,0,0,0,0
1551653313.9767027,0,0,0,0
1551653313.993707,0,0,0,0
1551653314.0107489,0,0,0,0
1551653314.0275955,0,0,0,0
1551653314.044581,0,0,0,0
1551653314.0615304,0,0,0,0
1551653314.078447,0,0,0,0
1551653314.0953982,0,0,0,0
1551653314.1124077,0,0,0,0
1551653314.129239,0,0,0,0
1551653314.1462572,0,0,0,0
1551653314.1631944,0,0,0,0
1551653314.1800501,0,0,0,0
1551653314.1969903,0,0,0,0
1551653314.2138376,0,0,0,0
1551653314.2308502,0,0,0,0
1551653314.2477932,0,0,0,0
1551653314.2650282,0,0,0,0
1551653314.2821584,0,0,0,0
1551653314.2990189,0,0,0,0
1551653314.3168056,0,0,0,0
1551653314.3338158,0,0,0,0
1551653314.3509908,0,0,0,0
1551653314.3680246,0,0,0,0
1551653314.3850527,0,0,0,0
1551653314.4021633,0,0,0,0
1551653314.419138,0,0,0,0
1551653314.4362633,0,0,0,0
1551653314.4533002,0,0,0,0
1551653314.470286,0,0,0,0
1551653314.487413,0,0,0,0
1551653314.5044458,0,0,0,0
1551653314.5215378,0,0,0,0
1551653314.538542,0,0,0,0
1551653314.5555854,0,0,0,0
1551653314.5725822,0,0,0,0
1551653314.5895066,0,0,0,0
1551653314.6065276,0,0,0,0
1551653314.623557,0,0,0,0
1551653314.6406205,0,0,0,0
1551653314.657616,0,0,0,0
1551653314.674563,0,0,0,0
1551653314.6915963,0,0,0,0
1551653314.7085595,0,0,0,0
1551653314.725524,0,0,0,0
1551653314.7426593,0,0,0,0
1551653314.7596393,0,0,0,0
1551653314.7767062,0,0,0,0
1551653314.7937162,0,0,0,0
1551653314.8108366,0,0,0,0
1551653314.8279884,0,0,0,0
1551653314.8449886,0,0,0,0
1551653314.8621566,0,0,0,0
1551653314.8792007,0,0,0,0
1551653314.896301,0,0,0,0
1551653314.9133935,0,0,0,0
1551653314.9303477,0,0,0,0
1551653314.9474008,0,0,0,0
1551653314.964461,0,0,0,0
1551653314.9815178,0,0,0,0
1551653314.9986117,0,0,0,0
1551653315.0156906,0,0,0,0
1551653315.0327601,0,0,0,0
1551653315.0498526,0,0,0,0
1551653315.066925,0,0,0,0
1551653315.0839272,0,0,0,0
1551653315.100982,0,0,0,0
1551653315.11802,0,0,0,0
1551653315.1354327,0,0,0,0
1551653315.1373203,0,1,0,0
1551653315.165849,963,0,0,0
1551653322.3409061,963,1,1,0
1551653322.3726482,0,1,1,0
1551653322.3896422,0,1,1,0
1551653322.4067817,0,1,1,0
1551653322.4226856,0,1,1,0
1551653322.4386687,0,1,1,0
1551653322.4554224,0,1,1,0
1551653322.471875,0,1,1,0
1551653322.48888,0,1,1,0
1551653322.5059412,0,1,1,0
1551653322.523189,0,1,1,0
1551653322.5401566,0,1,1,0
1551653322.557244,0,1,1,0
1551653322.5744603,0,1,1,0
1551653322.5916274,0,1,1,0
1551653322.6086254,0,1,1,0
1551653322.6258934,0,1,1,0
1551653322.6428866,0,1,1,0
1551653322.660075,0,1,1,0
1551653322.6773598,0,1,1,0
1551653322.694398,0,1,1,0
1551653322.7115781,0,1,1,0
1551653322.7288065,0,1,1,0
1551653322.7458682,0,1,1,0
1551653322.76294,0,1,1,0
1551653322.780137,0,1,1,0
1551653322.797227,0,1,1,0
1551653322.8142588,0,1,1,0
1551653322.8316758,0,1,1,0
1551653322.848673,0,1,1,0
1551653322.8657238,0,1,1,0
1551653322.8829355,0,1,1,0
1551653322.8998609,0,1,1,0
1551653322.9169078,0,1,1,0
1551653322.9341435,0,1,1,0
1551653322.9513035,0,1,1,0
1551653322.9684718,0,1,1,0
1551653322.9857426,0,1,1,0
1551653323.0027363,0,1,1,0
1551653323.0196624,0,1,1,0
1551653323.0369341,0,1,1,0
1551653323.0539665,0,1,1,0
1551653323.0711403,0,1,1,0
1551653323.0883725,0,1,1,0
1551653323.1054444,0,1,1,0
1551653323.1225295,0,1,1,0
1551653323.1397133,0,1,1,0
1551653323.1567786,0,1,1,0
1551653323.1738465,0,1,1,0
1551653323.1912706,0,1,1,0
1551653323.2082727,0,1,1,0
1551653323.2253587,0,1,1,0
1551653323.2426503,0,1,1,0
1551653323.2596178,0,1,1,0
1551653323.2769492,0,1,1,0
1551653323.2942102,0,1,1,0
1551653323.311379,0,1,1,0
1551653323.3287196,0,1,1,0
1551653323.34584,0,1,1,0
1551653323.362899,0,1,1,0
1551653323.3798544,0,1,1,0
1551653323.3969731,0,1,1,0
1551653323.4140258,0,1,1,0
1551653323.4312143,0,1,1,0
1551653323.4482787,0,1,1,0
1551653323.4653625,0,1,1,0
1551653323.4824877,0,1,1,0
1551653323.4994688,0,1,1,0
1551653323.5164702,0,1,1,0
1551653323.5351508,0,1,1,0
1551653323.5523741,0,1,1,0
1551653323.5695176,0,1,1,0
1551653323.5866148,0,1,1,0
1551653323.603687,0,1,1,0
1551653323.619847,0,1,1,0
1551653323.6369374,0,1,1,0
1551653323.6539178,0,1,1,0
1551653323.6710875,0,1,1,0
1551653323.6881688,0,1,1,0
1551653323.7052338,0,1,1,0
1551653323.7224,0,1,1,0
1551653323.7394056,0,1,1,0
1551653323.756476,0,1,1,0
1551653323.7735028,0,1,1,0
1551653323.7905326,0,1,1,0
1551653323.8077009,0,1,1,0
1551653323.826793,0,1,1,0
1551653323.8437998,0,1,1,0
1551653323.8611243,0,1,1,0
1551653323.8782454,0,1,1,0
1551653323.8954566,0,1,1,0
1551653323.9126287,0,1,1,0
1551653323.9296126,0,1,1,0
1551653323.9466798,0,1,1,0
1551653323.9637403,0,1,1,0
1551653323.9809058,0,1,1,0
1551653323.997924,0,1,1,0
1551653324.0150304,0,1,1,0
1551653324.032206,0,1,1,0
1551653324.049209,0,1,1,0
1551653324.0662932,0,1,1,0
1551653324.0833633,0,1,1,0
1551653324.1002872,0,1,1,0
1551653324.1173837,0,1,1,0
1551653324.1344638,0,1,1,0
1551653324.1516418,0,1,1,0
1551653324.1686676,0,1,1,0
1551653324.185909,0,1,1,0
1551653324.2030396,0,1,1,0
1551653324.2200658,0,1,1,0
1551653324.2371383,0,1,1,0
1551653324.2541718,0,1,1,0
1551653324.2714398,0,1,1,0
1551653324.288473,0,1,1,0
1551653324.3055558,0,1,1,0
1551653324.3226485,0,1,1,0
1551653324.3395357,0,1,1,0
1551653324.3565967,0,1,1,0
1551653324.373648,0,1,1,0
1551653324.3909366,0,1,1,0
1551653324.4079666,0,1,1,0
1551653324.4250746,0,1,1,0
1551653324.442187,0,1,1,0
1551653324.4591637,0,1,1,0
1551653324.4762464,0,1,1,0
1551653324.4934585,0,1,1,0
1551653324.5106077,0,1,1,0
1551653324.5277946,0,1,1,0
1551653324.5448985,0,1,1,0
1551653324.56204,0,1,1,0
1551653324.579084,0,1,1,0
1551653324.596102,0,1,1,0
1551653324.6131313,0,1,1,0
1551653324.630183,0,1,1,0
1551653324.6473444,0,1,1,0
1551653324.664373,0,1,1,0
1551653324.6815786,0,1,1,0
1551653324.6985736,0,1,1,0
1551653324.715576,0,1,1,0
1551653324.732665,0,1,1,0
1551653324.7496393,0,1,1,0
1551653324.7667177,0,1,1,0
1551653324.7837646,0,1,1,0
1551653324.8011894,0,1,1,0
1551653324.818276,0,1,1,0
1551653324.8353088,0,1,1,0
1551653324.8524103,0,1,1,0
1551653324.8693886,0,1,1,0
1551653324.886509,0,1,1,0
1551653324.9035654,0,1,1,0
1551653324.920601,0,1,1,0
1551653324.9376783,0,1,1,0
1551653324.9547215,0,1,1,0
1551653324.97193,0,1,1,0
1551653324.9889762,0,1,1,0
1551653325.0060368,0,1,1,0
1551653325.023151,0,1,1,0
1551653325.0401654,0,1,1,0
1551653325.0572562,0,1,1,0
1551653325.0742867,0,1,1,0
1551653325.0914447,0,1,1,0
1551653325.110008,0,1,1,0
1551653325.1273403,0,1,1,0
1551653325.1457589,0,1,1,0
1551653325.1637669,0,1,1,0
1551653325.181871,0,1,1,0
1551653325.199908,0,1,1,0
1551653325.2176783,0,1,1,0
1551653325.235342,0,1,1,0
1551653325.2529705,0,1,1,0
1551653325.2706163,0,1,1,0
1551653325.2883532,0,1,1,0
1551653325.3061056,0,1,1,0
1551653325.323832,0,1,1,0
1551653325.341709,0,1,1,0
1551653325.359243,0,1,1,0
1551653325.3766787,0,1,1,0
1551653325.3937554,0,1,1,0
1551653325.4108489,0,1,1,0
1551653325.4277847,0,1,1,0
1551653325.4447846,0,1,1,0
1551653325.4619365,0,1,1,0
1551653325.4790087,0,1,1,0
1551653325.4961345,0,1,1,0
1551653325.513249,0,1,1,0
1551653325.5306795,0,1,1,0
1551653325.5476372,0,1,1,0
1551653325.564627,0,1,1,0
1551653325.5817575,0,1,1,0
1551653325.598784,0,1,1,0
1551653325.615855,0,1,1,0
1551653325.632954,0,1,1,0
1551653325.6499863,0,1,1,0
1551653325.6670294,0,1,1,0
1551653325.6839733,0,1,1,0
1551653325.7010999,0,1,1,0
1551653325.7181275,0,1,1,0
1551653325.7353072,0,1,1,0
1551653325.7525582,0,1,1,0
1551653325.769614,0,1,1,0
1551653325.785656,0,1,1,0
1551653325.8015127,0,1,1,0
1551653325.8183296,0,1,1,0
1551653325.834185,0,1,1,0
1551653325.849997,0,1,1,0
1551653325.865856,0,1,1,0
1551653325.881715,0,1,1,0
1551653325.8978102,0,1,1,0
1551653325.9147801,0,1,1,0
1551653325.9318743,0,1,1,0
1551653325.9487698,0,1,1,0
1551653325.9658175,0,1,1,0
1551653325.9829142,0,1,1,0
1551653325.9998846,0,1,1,0
1551653326.0169847,0,1,1,0
1551653326.0339472,0,1,1,0
1551653326.0510094,0,1,1,0
1551653326.0680182,0,1,1,0
1551653326.08503,0,1,1,0
1551653326.102142,0,1,1,0
1551653326.1192367,0,1,1,0
1551653326.1363535,0,1,1,0
1551653326.1534636,0,1,1,0
1551653326.1705298,0,1,1,0
1551653326.1875455,0,1,1,0
1551653326.204571,0,1,1,0
1551653326.2217329,0,1,1,0
1551653326.2387784,0,1,1,0
1551653326.255866,0,1,1,0
1551653326.272995,0,1,1,0
1551653326.2899919,0,1,1,0
1551653326.3070543,0,1,1,0
1551653326.324078,0,1,1,0
1551653326.3411207,0,1,1,0
1551653326.3581514,0,1,1,0
1551653326.3753238,0,1,1,0
1551653326.3924804,0,1,1,0
1551653326.4095032,0,1,1,0
1551653326.426588,0,1,1,0
1551653326.443598,0,1,1,0
1551653326.4606435,0,1,1,0
1551653326.4777243,0,1,1,0
1551653326.4948976,0,1,1,0
1551653326.512163,0,1,1,0
1551653326.5293334,0,1,1,0
1551653326.5464458,0,1,1,0
1551653326.5635786,0,1,1,0
1551653326.5806344,0,1,1,0
1551653326.5976734,0,1,1,0
1551653326.6147394,0,1,1,0
1551653326.6318738,0,1,1,0
1551653326.6488953,0,1,1,0
1551653326.6659722,0,1,1,0
1551653326.682939,0,1,1,0
1551653326.6998515,0,1,1,0
1551653326.7170036,0,1,1,0
1551653326.7340002,0,1,1,0
1551653326.7511818,0,1,1,0
1551653326.7682219,0,1,1,0
1551653326.7852964,0,1,1,0
1551653326.8024185,0,1,1,0
1551653326.8194234,0,1,1,0
1551653326.83647,0,1,1,0
1551653326.853454,0,1,1,0
1551653326.8705103,0,1,1,0
1551653326.8876195,0,1,1,0
1551653326.904663,0,1,1,0
1551653326.9218223,0,1,1,0
1551653326.9388435,0,1,1,0
1551653326.9559472,0,1,1,0
1551653326.9730465,0,1,1,0
1551653326.9900317,0,1,1,0
1551653327.007193,0,1,1,0
1551653327.02428,0,1,1,0
1551653327.0414233,0,1,1,0
1551653327.0584202,0,1,1,0
1551653327.0754795,0,1,1,0
1551653327.092537,0,1,1,0
1551653327.1095448,0,1,1,0
1551653327.1267104,0,1,1,0
1551653327.1437562,0,1,1,0
1551653327.160903,0,1,1,0
1551653327.1779592,0,1,1,0
1551653327.1949573,0,1,1,0
1551653327.2120779,0,1,1,0
1551653327.2291033,0,1,1,0
1551653327.2463274,0,1,1,0
1551653327.2634294,0,1,1,0
1551653327.2804575,0,1,1,0
1551653327.2975302,0,1,1,0
1551653327.3145292,0,1,1,0
1551653327.3316567,0,1,1,0
1551653327.3478026,0,1,1,0
1551653327.3647923,0,1,1,0
1551653327.3819408,0,1,1,0
1551653327.3991544,0,1,1,0
1551653327.416833,0,1,1,0
1551653327.433902,0,1,1,0
1551653327.4510646,0,1,1,0
1551653327.468051,0,1,1,0
1551653327.4851496,0,1,1,0
1551653327.5022595,0,1,1,0
1551653327.5193136,0,1,1,0
1551653327.5364757,0,1,1,0
1551653327.5538075,0,1,1,0
1551653327.5710347,0,1,1,0
1551653327.588021,0,1,1,0
1551653327.6050568,0,1,1,0
1551653327.6222205,0,1,1,0
1551653327.6393163,0,1,1,0
1551653327.6563911,0,1,1,0
1551653327.6734707,0,1,1,0
1551653327.6904802,0,1,1,0
1551653327.7075996,0,1,1,0
1551653327.724837,0,1,1,0
1551653327.7424738,0,1,1,0
1551653327.75948,0,1,1,0
1551653327.776533,0,1,1,0
1551653327.7936919,0,1,1,0
1551653327.8108225,0,1,1,0
1551653327.8278477,0,1,1,0
1551653327.8449268,0,1,1,0
1551653327.86219,0,1,1,0
1551653327.879248,0,1,1,0
1551653327.8964064,0,1,1,0
1551653327.913446,0,1,1,0
1551653327.9304109,0,1,1,0
1551653327.947461,0,1,1,0
1551653327.9644294,0,1,1,0
1551653327.981545,0,1,1,0
1551653327.9985874,0,1,1,0
1551653328.0156524,0,1,1,0
1551653328.0327282,0,1,1,0
1551653328.0497477,0,1,1,0
1551653328.0668004,0,1,1,0
1551653328.0839279,0,1,1,0
1551653328.1011174,0,1,1,0
1551653328.1180973,0,1,1,0
1551653328.1352253,0,1,1,0
1551653328.1524036,0,1,1,0
1551653328.169507,0,1,1,0
1551653328.1866124,0,1,1,0
1551653328.2036905,0,1,1,0
1551653328.2208207,0,1,1,0
1551653328.2378316,0,1,1,0
1551653328.2550035,0,1,1,0
1551653328.2721965,0,1,1,0
1551653328.2892132,0,1,1,0
1551653328.3063326,0,1,1,0
1551653328.3233342,0,1,1,0
1551653328.3402565,0,1,1,0
1551653328.3574035,0,1,1,0
1551653328.3744633,0,1,1,0
1551653328.3916092,0,1,1,0
1551653328.408638,0,1,1,0
1551653328.4256754,0,1,1,0
1551653328.4426918,0,1,1,0
1551653328.4597075,0,1,1,0
1551653328.4769104,0,1,1,0
1551653328.4939167,0,1,1,0
1551653328.5111415,0,1,1,0
1551653328.5281475,0,1,1,0
1551653328.5451639,0,1,1,0
1551653328.5623085,0,1,1,0
1551653328.5792117,0,1,1,0
1551653328.5962453,0,1,1,0
1551653328.613397,0,1,1,0
1551653328.6304984,0,1,1,0
1551653328.6502466,0,1,1,0
1551653328.666329,0,1,1,0
1551653328.6833253,0,1,1,0
1551653328.7003078,0,1,1,0
1551653328.717522,0,1,1,0
1551653328.7345614,0,1,1,0
1551653328.751741,0,1,1,0
1551653328.7689135,0,1,1,0
1551653328.7883697,0,1,1,0
1551653328.8056517,0,1,1,0
1551653328.8227456,0,1,1,0
1551653328.8428843,0,1,1,0
1551653328.8608687,0,1,1,0
1551653328.8774595,0,1,1,0
1551653328.8944492,0,1,1,0
1551653328.9116085,0,1,1,0
1551653328.9286258,0,1,1,0
1551653328.9456415,0,1,1,0
1551653328.9626348,0,1,1,0
1551653328.979567,0,1,1,0
1551653328.9965699,0,1,1,0
1551653329.0135353,0,1,1,0
1551653329.0307028,0,1,1,0
1551653329.0477855,0,1,1,0
1551653329.0649958,0,1,1,0
1551653329.0823643,0,1,1,0
1551653329.0994265,0,1,1,0
1551653329.1164913,0,1,1,0
1551653329.1335018,0,1,1,0
1551653329.1505961,0,1,1,0
1551653329.167652,0,1,1,0
1551653329.184725,0,1,1,0
1551653329.2018602,0,1,1,0
1551653329.21884,0,1,1,0
1551653329.2358816,0,1,1,0
1551653329.2529387,0,1,1,0
1551653329.2700016,0,1,1,0
1551653329.287291,0,1,1,0
1551653329.3045642,0,1,1,0
1551653329.321657,0,1,1,0
1551653329.338617,0,1,1,0
1551653329.3556626,0,1,1,0
1551653329.3726313,0,1,1,0
1551653329.3898187,0,1,1,0
1551653329.4070559,0,1,1,0
1551653329.4241319,0,1,1,0
1551653329.441168,0,1,1,0
1551653329.4582553,0,1,1,0
1551653329.4752991,0,1,1,0
1551653329.4924257,0,1,1,0
1551653329.5094814,0,1,1,0
1551653329.526632,0,1,1,0
1551653329.545927,0,1,1,0
1551653329.5620785,0,1,1,0
1551653329.5789306,0,1,1,0
1551653329.595855,0,1,1,0
1551653329.6129317,0,1,1,0
1551653329.6298077,0,1,1,0
1551653329.6468346,0,1,1,0
1551653329.6637814,0,1,1,0
1551653329.6808832,0,1,1,0
1551653329.6981947,0,1,1,0
1551653329.7153413,0,1,1,0
1551653329.7324953,0,1,1,0
1551653329.749523,0,1,1,0
1551653329.766695,0,1,1,0
1551653329.786086,0,1,1,0
1551653329.8022363,0,1,1,0
1551653329.819211,0,1,1,0
1551653329.83636,0,1,1,0
1551653329.8535202,0,1,1,0
1551653329.8705997,0,1,1,0
1551653329.8876245,0,1,1,0
1551653329.9046128,0,1,1,0
1551653329.9216793,0,1,1,0
1551653329.9386952,0,1,1,0
1551653329.9556913,0,1,1,0
1551653329.9727104,0,1,1,0
1551653329.9897807,0,1,1,0
1551653330.0072806,0,1,1,0
1551653330.0243626,0,1,1,0
1551653330.041821,0,1,1,0
1551653330.0588293,0,1,1,0
1551653330.075847,0,1,1,0
1551653330.0929956,0,1,1,0
1551653330.1099696,0,1,1,0
1551653330.127074,0,1,1,0
1551653330.144142,0,1,1,0
1551653330.161189,0,1,1,0
1551653330.178145,0,1,1,0
1551653330.195197,0,1,1,0
1551653330.2122574,0,1,1,0
1551653330.2292433,0,1,1,0
1551653330.2463343,0,1,1,0
1551653330.2634385,0,1,1,0
1551653330.2810452,0,1,1,0
1551653330.2981336,0,1,1,0
1551653330.3142776,0,1,1,0
1551653330.3301592,0,1,1,0
1551653330.346036,0,1,1,0
1551653330.3620417,0,1,1,0
1551653330.3959324,0,1,1,0
1551653330.412841,0,1,1,0
1551653330.4285064,0,1,1,0
1551653330.4448237,0,1,1,0
1551653330.4610069,0,1,1,0
1551653330.4771903,0,1,1,0
1551653330.4933965,0,1,1,0
1551653330.508578,0,1,1,0
1551653330.5247931,0,1,1,0
1551653330.5410357,0,1,1,0
1551653330.557209,0,1,1,0
1551653330.5733938,0,1,1,0
1551653330.5886087,0,1,1,0
1551653330.6048284,0,1,1,0
1551653330.6210353,0,1,1,0
1551653330.6373057,0,1,1,0
1551653330.6526299,0,1,1,0
1551653330.6688135,0,1,1,0
1551653330.6850383,0,1,1,0
1551653330.7012098,0,1,1,0
1551653330.7173765,0,1,1,0
1551653330.7326064,0,1,1,0
1551653330.7487295,0,1,1,0
1551653330.7649705,0,1,1,0
1551653330.781181,0,1,1,0
1551653330.7973917,0,1,1,0
1551653330.81263,0,1,1,0
1551653330.8288205,0,1,1,0
1551653330.845095,0,1,1,0
1551653330.8612587,0,1,1,0
1551653330.8774145,0,1,1,0
1551653330.8936577,0,1,1,0
1551653330.9108083,0,1,1,0
1551653330.9269829,0,1,1,0
1551653330.9433117,0,1,1,0
1551653330.959489,0,1,1,0
1551653330.9756753,0,1,1,0
1551653330.9918733,0,1,1,0
1551653331.0070338,0,1,1,0
1551653331.0233428,0,1,1,0
1551653331.0386317,0,1,1,0
1551653331.0553381,0,1,1,0
1551653331.070549,0,1,1,0
1551653331.0867364,0,1,1,0
1551653331.1029406,0,1,1,0
1551653331.1191082,0,1,1,0
1551653331.135336,0,1,1,0
1551653331.1505644,0,1,1,0
1551653331.1667476,0,1,1,0
1551653331.1829505,0,1,1,0
1551653331.1991415,0,1,1,0
1551653331.2153604,0,1,1,0
1551653331.2306237,0,1,1,0
1551653331.2468617,0,1,1,0
1551653331.2630763,0,1,1,0
1551653331.279237,0,1,1,0
1551653331.294518,0,1,1,0
1551653331.3106968,0,1,1,0
1551653331.3268623,0,1,1,0
1551653331.3434691,0,1,1,0
1551653331.359598,0,1,1,0
1551653331.375792,0,1,1,0
1551653331.3919501,0,1,1,0
1551653331.4081194,0,1,1,0
1551653331.424313,0,1,1,0
1551653331.440479,0,1,1,0
1551653331.4567313,0,1,1,0
1551653331.4729636,0,1,1,0
1551653331.4891427,0,1,1,0
1551653331.5053904,0,1,1,0
1551653331.5206168,0,1,1,0
1551653331.536939,0,1,1,0
1551653331.5539398,0,1,1,0
1551653331.5702999,0,1,1,0
1551653331.5855434,0,1,1,0
1551653331.601715,0,1,1,0
1551653331.6178799,0,1,1,0
1551653331.634081,0,1,1,0
1551653331.650248,0,1,1,0
1551653331.6655161,0,1,1,0
1551653331.6816807,0,1,1,0
1551653331.6980457,0,1,1,0
1551653331.714366,0,1,1,0
1551653331.7295456,0,1,1,0
1551653331.7457435,0,1,1,0
1551653331.7619505,0,1,1,0
1551653331.7781687,0,1,1,0
1551653331.7944036,0,1,1,0
1551653331.8096054,0,1,1,0
1551653331.8258126,0,1,1,0
1551653331.841948,0,1,1,0
1551653331.8581676,0,1,1,0
1551653331.8744063,0,1,1,0
1551653331.8896012,0,1,1,0
1551653331.9058068,0,1,1,0
1551653331.9219766,0,1,1,0
1551653331.9381573,0,1,1,0
1551653331.9544053,0,1,1,0
1551653331.969587,0,1,1,0
1551653331.9858294,0,1,1,0
1551653332.0020087,0,1,1,0
1551653332.018264,0,1,1,0
1551653332.0344858,0,1,1,0
1551653332.0507638,0,1,1,0
1551653332.0671031,0,1,1,0
1551653332.0825312,0,1,1,0
1551653332.0987453,0,1,1,0
1551653332.1149845,0,1,1,0
1551653332.1312194,0,1,1,0
1551653332.1474602,0,1,1,0
1551653332.163786,0,1,1,0
1551653332.1795852,0,1,1,0
1551653332.1955526,0,1,1,0
1551653332.2123797,0,1,1,0
1551653332.2281897,0,1,1,0
1551653332.2441065,0,1,1,0
1551653332.259962,0,1,1,0
1551653332.2760265,0,1,1,0
1551653332.2916088,0,1,1,0
1551653332.3084292,0,1,1,0
1551653332.3251138,0,1,1,0
1551653332.3414483,0,1,1,0
1551653332.357862,0,1,1,0
1551653332.3742213,0,1,1,0
1551653332.3895307,0,1,1,0
1551653332.4059193,0,1,1,0
1551653332.4222395,0,1,1,0
1551653332.4375255,0,1,1,0
1551653332.4538631,0,1,1,0
1551653332.47027,0,1,1,0
1551653332.4856865,0,1,1,0
1551653332.502041,0,1,1,0
1551653332.5184088,0,1,1,0
1551653332.533804,0,1,1,0
1551653332.5501611,0,1,1,0
1551653332.565518,0,1,1,0
1551653332.5819104,0,1,1,0
1551653332.598308,0,1,1,0
1551653332.613676,0,1,1,0
1551653332.6300602,0,1,1,0
1551653332.6464775,0,1,1,0
1551653332.6629372,0,1,1,0
1551653332.6793787,0,1,1,0
1551653332.6948066,0,1,1,0
1551653332.7109864,0,1,1,0
1551653332.7320874,0,1,1,0
1551653332.7484396,0,1,1,0
1551653332.764757,0,1,1,0
1551653332.781085,0,1,1,0
1551653332.7972648,0,1,1,0
1551653332.8124957,0,1,1,0
1551653332.8286622,0,1,1,0
1551653332.8449502,0,1,1,0
1551653332.861197,0,1,1,0
1551653332.877421,0,1,1,0
1551653332.8936737,0,1,1,0
1551653332.9108584,0,1,1,0
1551653332.9270337,0,1,1,0
1551653332.9431586,0,1,1,0
1551653332.9593472,0,1,1,0
1551653332.9745507,0,1,1,0
1551653332.9907253,0,1,1,0
1551653333.0059087,0,1,1,0
1551653333.0220947,0,1,1,0
1551653333.0462718,0,1,1,0
1551653333.0753915,0,1,1,0
1551653333.0933838,0,1,1,0
1551653333.1104653,0,1,1,0
1551653333.1275082,0,1,1,0
1551653333.1467981,0,1,1,0
1551653333.16286,0,1,1,0
1551653333.183999,0,1,1,0
1551653333.2021646,0,1,1,0
1551653333.2199519,0,1,1,0
1551653333.2370834,0,1,1,0
1551653333.2542412,0,1,1,0
1551653333.2718337,0,1,1,0
1551653333.289076,0,1,1,0
1551653333.306154,0,1,1,0
1551653333.3231335,0,1,1,0
1551653333.3401597,0,1,1,0
1551653333.3574228,0,1,1,0
1551653333.3744373,0,1,1,0
1551653333.3916109,0,1,1,0
1551653333.4086728,0,1,1,0
1551653333.4257283,0,1,1,0
1551653333.4427986,0,1,1,0
1551653333.4597106,0,1,1,0
1551653333.4767995,0,1,1,0
1551653333.4937804,0,1,1,0
1551653333.510951,0,1,1,0
1551653333.5287993,0,1,1,0
1551653333.5464337,0,1,1,0
1551653333.5634382,0,1,1,0
1551653333.5804958,0,1,1,0
1551653333.597532,0,1,1,0
1551653333.6145973,0,1,1,0
1551653333.6318042,0,1,1,0
1551653333.649021,0,1,1,0
1551653333.6695175,0,1,1,0
1551653333.6904185,0,1,1,0
1551653333.707558,0,1,1,0
1551653333.7246146,0,1,1,0
1551653333.7417362,0,1,1,0
1551653333.7587905,0,1,1,0
1551653333.7765644,0,1,1,0
1551653333.794043,0,1,1,0
1551653333.8111756,0,1,1,0
1551653333.8281639,0,1,1,0
1551653333.845278,0,1,1,0
1551653333.8624406,0,1,1,0
1551653333.8794525,0,1,1,0
1551653333.896953,0,1,1,0
1551653333.9141016,0,1,1,0