time,whichstim,iftouch,ifreward,ifout
0.012847900390625,3,0,0,0
0.026799440383911133,3,0,0,0
0.04323983192443848,3,0,0,0
0.05949068069458008,3,0,0,0
0.07495498657226562,3,0,0,0
0.09125804901123047,3,0,0,0
0.10708761215209961,3,0,0,0
0.12716960906982422,3,0,0,0
0.14348340034484863,3,0,0,0
0.15890908241271973,3,0,0,0
0.1748950481414795,3,0,0,0
0.19109678268432617,3,0,0,0
0.2071075439453125,3,0,0,0
0.22321105003356934,3,0,0,0
0.23869609832763672,3,0,0,0
0.25472164154052734,3,0,0,0
0.2709648609161377,3,0,0,0
0.28674793243408203,3,0,0,0
0.30311107635498047,3,0,0,0
0.319622278213501,3,0,0,0
0.3364565372467041,3,0,0,0
0.35237979888916016,3,0,0,0
0.3683185577392578,3,0,0,0
0.38440823554992676,3,0,0,0
0.39995765686035156,3,0,0,0
0.4158492088317871,3,0,0,0
0.43175554275512695,3,0,0,0
0.44767093658447266,3,0,0,0
0.463641881942749,3,0,0,0
0.48002076148986816,3,0,0,0
0.4960169792175293,3,0,0,0
0.5121679306030273,3,0,0,0
0.5282318592071533,3,0,0,0
0.5438170433044434,3,0,0,0
0.5600988864898682,3,0,0,0
0.57631516456604,3,0,0,0
0.5917885303497314,3,0,0,0
0.6083362102508545,3,0,0,0
0.6242308616638184,3,0,0,0
0.6399035453796387,3,0,0,0
0.6558136940002441,3,0,0,0
0.6717593669891357,3,0,0,0
0.6884827613830566,3,0,0,0
0.7044458389282227,3,0,0,0
0.7200961112976074,3,0,0,0
0.7360053062438965,3,0,0,0
0.7523720264434814,3,0,0,0
0.7678334712982178,3,0,0,0
0.7838432788848877,3,0,0,0
0.8004088401794434,3,0,0,0
0.8163995742797852,3,0,0,0
0.8323922157287598,3,0,0,0
0.8479673862457275,3,0,0,0
0.8639023303985596,3,0,0,0
0.8802464008331299,3,0,0,0
0.8981077671051025,3,0,0,0
0.9130430221557617,3,0,0,0
0.9293036460876465,3,0,0,0
0.9451134204864502,3,0,0,0
0.9607131481170654,3,0,0,0
0.9776380062103271,3,0,0,0
0.9941582679748535,3,0,0,0
1.0160276889801025,3,0,0,0
1.0275354385375977,3,0,0,0
1.043494462966919,3,0,0,0
1.059201717376709,3,0,0,0
1.075078010559082,3,0,0,0
1.0907022953033447,3,0,0,0
1.1076200008392334,3,0,0,0
1.124541997909546,3,0,0,0
1.140477180480957,3,0,0,0
1.1558032035827637,3,0,0,0
1.1723048686981201,3,0,0,0
1.1883058547973633,3,0,0,0
1.2042737007141113,3,0,0,0
1.2197177410125732,3,0,0,0
1.2356269359588623,3,0,0,0
1.2520873546600342,3,0,0,0
1.2680809497833252,3,0,0,0
1.2840423583984375,3,0,0,0
1.2998008728027344,3,0,0,0
1.3156647682189941,3,0,0,0
1.3321545124053955,3,0,0,0
1.348064661026001,3,0,0,0
1.364032506942749,3,0,0,0
1.380021333694458,3,0,0,0
1.395873785018921,3,0,0,0
1.4123177528381348,3,0,0,0
1.4283132553100586,3,0,0,0
1.4443097114562988,3,0,0,0
1.4604463577270508,3,0,0,0
1.4763820171356201,3,0,0,0
1.492469310760498,3,0,0,0
1.5084433555603027,3,0,0,0
1.523745059967041,3,0,0,0
1.5408976078033447,3,0,0,0
1.556748628616333,3,0,0,0
1.572925090789795,3,0,0,0
1.5887901782989502,3,0,0,0
1.604903221130371,3,0,0,0
1.621528148651123,3,0,0,0
1.6374642848968506,3,0,0,0
1.6527278423309326,3,0,0,0
1.6696369647979736,3,0,0,0
1.686551809310913,3,0,0,0
1.7020139694213867,3,0,0,0
1.721334457397461,3,0,0,0
1.7374532222747803,3,0,0,0
1.7526872158050537,3,0,0,0
1.769665002822876,3,0,0,0
1.7856779098510742,3,0,0,0
1.801701545715332,3,0,0,0
1.8177192211151123,3,0,0,0
1.8340513706207275,3,0,0,0
1.8499181270599365,3,0,0,0
1.8658266067504883,3,0,0,0
1.881762981414795,3,0,0,0
1.897918939590454,3,0,0,0
1.913726568222046,3,0,0,0
1.929753065109253,3,0,0,0
1.9456963539123535,3,0,0,0
1.9626126289367676,3,0,0,0
1.979578971862793,3,0,0,0
1.9962003231048584,3,0,0,0
2.0199224948883057,4,0,0,0
2.0279104709625244,4,0,0,0
2.0437445640563965,4,0,0,0
2.0599658489227295,4,0,0,0
2.0763649940490723,4,0,0,0
2.0923423767089844,4,0,0,0
2.108316659927368,4,0,0,0
2.1239333152770996,4,0,0,0
2.1399943828582764,4,0,0,0
2.1565282344818115,4,0,0,0
2.1725871562957764,4,0,0,0
2.187873363494873,4,0,0,0
2.204277515411377,4,0,0,0
2.220562696456909,4,0,0,0
2.2362987995147705,4,0,0,0
2.2525293827056885,4,0,0,0
2.267674684524536,4,0,0,0
2.284572124481201,4,0,0,0
2.3016197681427,4,0,0,0
2.318558931350708,4,0,0,0
2.335538387298584,4,0,0,0
2.351605176925659,4,0,0,0
2.368469476699829,4,0,0,0
2.3846638202667236,4,0,0,0
2.4007928371429443,4,0,0,0
2.4166946411132812,4,0,0,0
2.4326913356781006,4,0,0,0
2.44925594329834,4,0,0,0
2.46551513671875,4,0,0,0
2.481396436691284,4,0,0,0
2.4974966049194336,4,0,0,0
2.5136232376098633,4,0,0,0
2.529719591140747,4,0,0,0
2.5457241535186768,4,0,0,0
2.5620758533477783,4,0,0,0
2.5779378414154053,4,0,0,0
2.594072103500366,4,0,0,0
2.6096456050872803,4,0,0,0
2.6258938312530518,4,0,0,0
2.6424968242645264,4,0,0,0
2.658311128616333,4,0,0,0
2.674325704574585,4,0,0,0
2.6898393630981445,4,0,0,0
2.705904483795166,4,0,0,0
2.7224128246307373,4,0,0,0
2.738463878631592,4,0,0,0
2.7545251846313477,4,0,0,0
2.7700536251068115,4,0,0,0
2.7860164642333984,4,0,0,0
2.802198648452759,4,0,0,0
2.8182804584503174,4,0,0,0
2.8336236476898193,4,0,0,0
2.8501055240631104,4,0,0,0
2.866197347640991,4,0,0,0
2.8822290897369385,4,0,0,0
2.8981902599334717,4,0,0,0
2.9143552780151367,4,0,0,0
2.929804563522339,4,0,0,0
2.946147918701172,4,0,0,0
2.9623053073883057,4,0,0,0
2.9781532287597656,4,0,0,0
2.9937660694122314,4,0,0,0
3.012176513671875,4,0,0,0
3.0335776805877686,3,0,0,0
3.0430898666381836,3,0,0,0
3.058756113052368,3,0,0,0
3.075103759765625,3,0,0,0
3.091129779815674,3,0,0,0
3.1073641777038574,3,0,0,0
3.123558282852173,3,0,0,0
3.1390891075134277,3,0,0,0
3.155123710632324,3,0,0,0
3.1711575984954834,3,0,0,0
3.186964988708496,3,0,0,0
3.202855348587036,3,0,0,0
3.2192986011505127,3,0,0,0
3.235231876373291,3,0,0,0
3.2512807846069336,3,0,0,0
3.2669661045074463,3,0,0,0
3.283390998840332,3,0,0,0
3.299236536026001,3,0,0,0
3.318176746368408,3,0,0,0
3.3343992233276367,3,0,0,0
3.3506674766540527,3,0,0,0
3.3661952018737793,3,0,0,0
3.382094383239746,3,0,0,0
3.3977420330047607,3,0,0,0
3.4138426780700684,3,0,0,0
3.4301319122314453,3,0,0,0
3.4460299015045166,3,0,0,0
3.4618515968322754,3,0,0,0
3.478379726409912,3,0,0,0
3.4943201541900635,3,0,0,0
3.5106213092803955,3,0,0,0
3.5283284187316895,3,0,0,0
3.5443248748779297,3,0,0,0
3.5601165294647217,3,0,0,0
3.5761351585388184,3,0,0,0
3.592116594314575,3,0,0,0
3.60850191116333,3,0,0,0
3.6246557235717773,3,0,0,0
3.6407132148742676,3,0,0,0
3.6571333408355713,3,0,0,0
3.6726973056793213,3,0,0,0
3.689216136932373,3,0,0,0
3.7047436237335205,3,0,0,0
3.721400737762451,3,0,0,0
3.7374329566955566,3,0,0,0
3.752941608428955,3,0,0,0
3.7689313888549805,3,0,0,0
3.785116195678711,3,0,0,0
3.8007335662841797,3,0,0,0
3.817596673965454,3,0,0,0
3.833761215209961,3,0,0,0
3.849722385406494,3,0,0,0
3.8657147884368896,3,0,0,0
3.8819732666015625,3,0,0,0
3.897904396057129,3,0,0,0
3.9140536785125732,3,0,0,0
3.930171489715576,3,0,0,0
3.9456162452697754,3,0,0,0
3.962097644805908,3,0,0,0
3.978166103363037,3,0,0,0
3.9941608905792236,3,0,0,0
4.01017165184021,3,0,0,0
4.026357173919678,3,0,0,0
4.0481178760528564,5,0,0,0
4.059595108032227,5,0,0,0
4.076075315475464,5,0,0,0
4.091742277145386,5,0,0,0
4.108695030212402,5,0,0,0
4.126568078994751,5,0,0,0
4.142959356307983,5,0,0,0
4.158815145492554,5,0,0,0
4.174893856048584,5,0,0,0
4.190838098526001,5,0,0,0
4.207288980484009,5,0,0,0
4.2232983112335205,5,0,0,0
4.239372253417969,5,0,0,0
4.2553324699401855,5,0,0,0
4.270644187927246,5,0,0,0
4.28701114654541,5,0,0,0
4.303287744522095,5,0,0,0
4.319222450256348,5,0,0,0
4.334968328475952,5,0,0,0
4.350906133651733,5,0,0,0
4.367232322692871,5,0,0,0
4.383123874664307,5,0,0,0
4.399085760116577,5,0,0,0
4.414875268936157,5,0,0,0
4.4307944774627686,5,0,0,0
4.447104454040527,5,0,0,0
4.4630208015441895,5,0,0,0
4.47890567779541,5,0,0,0
4.494876861572266,5,0,0,0
4.510836839675903,5,0,0,0
4.527111291885376,5,0,0,0
4.54307746887207,5,0,0,0
4.559170246124268,5,0,0,0
4.574944496154785,5,0,0,0
4.590970039367676,5,0,0,0
4.60739803314209,5,0,0,0
4.623312711715698,5,0,0,0
4.639297008514404,5,0,0,0
4.655557632446289,5,0,0,0
4.671419382095337,5,0,0,0
4.686625242233276,5,0,0,0
4.703483581542969,5,0,0,0
4.719398498535156,5,0,0,0
4.735114812850952,5,0,0,0
4.751008987426758,5,0,0,0
4.76733660697937,5,0,0,0
4.7832190990448,5,0,0,0
4.7991814613342285,5,0,0,0
4.815067291259766,5,0,0,0
4.831000089645386,5,0,0,0
4.847349166870117,5,0,0,0
4.863481283187866,5,0,0,0
4.878918886184692,5,0,0,0
4.8954126834869385,5,0,0,0
4.911559104919434,5,0,0,0
4.927414417266846,5,0,0,0
4.943288087844849,5,0,0,0
4.959857940673828,5,0,0,0
4.975747346878052,5,0,0,0
4.992617130279541,5,0,0,0
5.009511947631836,5,0,0,0
5.025022745132446,5,0,0,0
5.040961742401123,5,0,0,0
5.064715147018433,4,0,0,0
5.074198961257935,4,0,0,0
5.090097188949585,4,0,0,0
5.106371879577637,4,0,0,0
5.1224164962768555,4,0,0,0
5.13778281211853,4,0,0,0
5.154677152633667,4,0,0,0
5.170651197433472,4,0,0,0
5.187364816665649,4,0,0,0
5.20335841178894,4,0,0,0
5.218835115432739,4,0,0,0
5.234934568405151,4,0,0,0
5.250967025756836,4,0,0,0
5.267590522766113,4,0,0,0
5.284539699554443,4,0,0,0
5.300540924072266,4,0,0,0
5.316479444503784,4,0,0,0
5.332374095916748,4,0,0,0
5.348267555236816,4,0,0,0
5.364230394363403,4,0,0,0
5.379619598388672,4,0,0,0
5.396510362625122,4,0,0,0
5.412447929382324,4,0,0,0
5.428265810012817,4,0,0,0
5.4441516399383545,4,0,0,0
5.459901332855225,4,0,0,0
5.475862264633179,4,0,0,0
5.491867542266846,4,0,0,0
5.508547067642212,4,0,0,0
5.524406433105469,4,0,0,0
5.541079044342041,4,0,0,0
5.556924819946289,4,0,0,0
5.572838306427002,4,0,0,0
5.589584112167358,4,0,0,0
5.606474876403809,4,0,0,0
5.622588157653809,4,0,0,0
5.639544486999512,4,0,0,0
5.655579566955566,4,0,0,0
5.672120571136475,4,0,0,0
5.687927961349487,4,0,0,0
5.704040765762329,4,0,0,0
5.720445871353149,4,0,0,0
5.736232280731201,4,0,0,0
5.751729249954224,4,0,0,0
5.770219087600708,4,0,0,0
5.785798788070679,4,0,0,0
5.8026123046875,4,0,0,0
5.818902492523193,4,0,0,0
5.834782361984253,4,0,0,0
5.8507750034332275,4,0,0,0
5.86668848991394,4,0,0,0
5.883448362350464,4,0,0,0
5.89933967590332,4,0,0,0
5.915388822555542,4,0,0,0
5.931391954421997,4,0,0,0
5.947364330291748,4,0,0,0
5.963160991668701,4,0,0,0
5.979161977767944,4,0,0,0
5.995581865310669,4,0,0,0
6.012660026550293,4,0,0,0
6.027620553970337,4,0,0,0
6.043909311294556,4,0,0,0
6.066495180130005,5,0,0,0
6.076438665390015,5,0,0,0
6.092020750045776,5,0,0,0
6.107987642288208,5,0,0,0
6.1244330406188965,5,0,0,0
6.140350580215454,5,0,0,0
6.156248092651367,5,0,0,0
6.171932935714722,5,0,0,0
6.187806129455566,5,0,0,0
6.2041239738464355,5,0,0,0
6.220104932785034,5,0,0,0
6.236137390136719,5,0,0,0
6.25187087059021,5,0,0,0
6.2678492069244385,5,0,0,0
6.284317970275879,5,0,0,0
6.300462007522583,5,0,0,0
6.316453695297241,5,0,0,0
6.332319259643555,5,0,0,0
6.348259925842285,5,0,0,0
6.363745450973511,5,0,0,0
6.379714012145996,5,0,0,0
6.395639419555664,5,0,0,0
6.4123969078063965,5,0,0,0
6.428189754486084,5,0,0,0
6.444517612457275,5,0,0,0
6.460497617721558,5,0,0,0
6.476587295532227,5,0,0,0
6.493577718734741,5,0,0,0
6.509694814682007,5,0,0,0
6.526450157165527,5,0,0,0
6.542707920074463,5,0,0,0
6.559494733810425,5,0,0,0
6.575452566146851,5,0,0,0
6.591237783432007,5,0,0,0
6.6074724197387695,5,0,0,0
6.623317718505859,5,0,0,0
6.638622999191284,5,0,0,0
6.655175685882568,5,0,0,0
6.671201467514038,5,0,0,0
6.687565326690674,5,0,0,0
6.704484462738037,5,0,0,0
6.720441102981567,5,0,0,0
6.736286401748657,5,0,0,0
6.752124786376953,5,0,0,0
6.76836085319519,5,0,0,0
6.78456974029541,5,0,0,0
6.801464319229126,5,0,0,0
6.816718339920044,5,0,0,0
6.833619594573975,5,0,0,0
6.8496482372283936,5,0,0,0
6.865844964981079,5,0,0,0
6.881860017776489,5,0,0,0
6.897882461547852,5,0,0,0
6.913853406906128,5,0,0,0
6.929919958114624,5,0,0,0
6.946114540100098,5,0,0,0
6.962042808532715,5,0,0,0
6.977968692779541,5,0,0,0
6.993890285491943,5,0,0,0
7.009863376617432,5,0,0,0
7.026618480682373,5,0,0,0
7.043571949005127,5,0,0,0
7.059139966964722,5,0,0,0
7.0836474895477295,1,0,0,0
7.091754913330078,1,0,0,0
7.108515024185181,1,0,0,0
7.12453556060791,1,0,0,0
7.140301465988159,1,0,0,0
7.156233310699463,1,0,0,0
7.172381162643433,1,0,0,0
7.187679052352905,1,0,0,0
7.204604864120483,1,0,0,0
7.2213685512542725,1,0,0,0
7.23673415184021,1,0,0,0
7.253286361694336,1,0,0,0
7.26959228515625,1,0,0,0
7.286576986312866,1,0,0,0
7.3021790981292725,1,0,0,0
7.31864070892334,1,0,0,0
7.334091663360596,1,0,0,0
7.350462436676025,1,0,0,0
7.366679430007935,1,0,0,0
7.38348913192749,1,0,0,0
7.398769855499268,1,0,0,0
7.414795875549316,1,0,0,0
7.431519269943237,1,0,0,0
7.447570085525513,1,0,0,0
7.462846755981445,1,0,0,0
7.478855133056641,1,0,0,0
7.495009422302246,1,0,0,0
7.510802984237671,1,0,0,0
7.526748895645142,1,0,0,0
7.543210029602051,1,0,0,0
7.559191703796387,1,0,0,0
7.5751214027404785,1,0,0,0
7.5908262729644775,1,0,0,0
7.6066670417785645,1,0,0,0
7.623001575469971,1,0,0,0
7.638916730880737,1,0,0,0
7.655069589614868,1,0,0,0
7.670831918716431,1,0,0,0
7.686718702316284,1,0,0,0
7.703145503997803,1,0,0,0
7.7191221714019775,1,0,0,0
7.735312223434448,1,0,0,0
7.750988721847534,1,0,0,0
7.766862392425537,1,0,0,0
7.78310751914978,1,0,0,0
7.79907751083374,1,0,0,0
7.815232276916504,1,0,0,0
7.8311967849731445,1,0,0,0
7.84712290763855,1,0,0,0
7.862746000289917,1,0,0,0
7.879528522491455,1,0,0,0
7.895036458969116,1,0,0,0
7.911296129226685,1,0,0,0
7.927382469177246,1,0,0,0
7.943179368972778,1,0,0,0
7.9593346118927,1,0,0,0
7.975602388381958,1,0,0,0
7.992494583129883,1,0,0,0
8.008542537689209,1,0,0,0
8.024150133132935,1,0,0,0
8.040218353271484,1,0,0,0
8.056508779525757,1,0,0,0
8.072339296340942,1,0,0,0
8.10181474685669,1,0,0,0
8.116790056228638,1,0,0,0
8.13388204574585,1,0,0,0
8.153611898422241,1,0,0,0
8.169205665588379,1,0,0,0
8.185200214385986,1,0,0,0
8.200963258743286,1,0,0,0
8.21682858467102,1,0,0,0
8.23296070098877,1,0,0,0
8.24924373626709,1,0,0,0
8.265600442886353,1,0,0,0
8.281854152679443,1,0,0,0
8.298604011535645,1,0,0,0
8.3148353099823,1,0,0,0
8.330989122390747,1,0,0,0
8.347473621368408,1,0,0,0
8.363613605499268,1,0,0,0
8.380038499832153,1,0,0,0
8.396506547927856,1,0,0,0
8.411759376525879,1,0,0,0
8.428283929824829,1,0,0,0
8.44448471069336,1,0,0,0
8.459829092025757,1,0,0,0
8.476519346237183,1,0,0,0
8.491672039031982,1,0,0,0
8.508273601531982,1,0,0,0
8.524507999420166,1,0,0,0
8.54079556465149,1,0,0,0
8.557407140731812,1,0,0,0
8.572706460952759,1,0,0,0
8.589512586593628,1,0,0,0
8.604684352874756,1,0,0,0
8.621116161346436,1,0,0,0
8.63678240776062,1,0,0,0
8.656951904296875,1,0,0,0
8.672689437866211,1,0,0,0
8.689128637313843,1,0,0,0
8.704956769943237,1,0,0,0
8.721027374267578,1,0,0,0
8.737404108047485,1,0,0,0
8.752908945083618,1,0,0,0
8.768956899642944,1,0,0,0
8.785434484481812,1,0,0,0
8.801597118377686,1,0,0,0
8.817787885665894,1,0,0,0
8.834284782409668,1,0,0,0
8.849990129470825,1,0,0,0
8.866078853607178,1,0,0,0
8.881882190704346,1,0,0,0
8.89900279045105,1,0,0,0
8.912906408309937,1,0,0,0
8.92969799041748,1,0,0,0
8.946355104446411,1,0,0,0
8.963429927825928,1,0,0,0
8.98289155960083,1,0,0,0
8.999222993850708,1,0,0,0
9.015123844146729,1,0,0,0
9.031270742416382,1,0,0,0
9.047603845596313,1,0,0,0
9.064578533172607,1,0,0,0
9.08159852027893,1,0,0,0
9.10484266281128,3,0,0,0
9.114403486251831,3,0,0,0
9.130479574203491,3,0,0,0
9.146106004714966,3,0,0,0
9.162506580352783,3,0,0,0
9.178102016448975,3,0,0,0
9.194260120391846,3,0,0,0
9.209662199020386,3,0,0,0
9.22658896446228,3,0,0,0
9.242779731750488,3,0,0,0
9.258952617645264,3,0,0,0
9.275078058242798,3,0,0,0
9.291277647018433,3,0,0,0
9.306829690933228,3,0,0,0
9.323009967803955,3,0,0,0
9.339176177978516,3,0,0,0
9.355255842208862,3,0,0,0
9.37153172492981,3,0,0,0
9.387045860290527,3,0,0,0
9.4032301902771,3,0,0,0
9.418621063232422,3,0,0,0
9.435370683670044,3,0,0,0
9.451560735702515,3,0,0,0
9.46733045578003,3,0,0,0
9.483658075332642,3,0,0,0
9.499810934066772,3,0,0,0
9.515801429748535,3,0,0,0
9.53190803527832,3,0,0,0
9.548285484313965,3,0,0,0
9.564396619796753,3,0,0,0
9.58047890663147,3,0,0,0
9.595923662185669,3,0,0,0
9.6120445728302,3,0,0,0
9.62833571434021,3,0,0,0
9.644569873809814,3,0,0,0
9.65971565246582,3,0,0,0
9.676227569580078,3,0,0,0
9.692420959472656,3,0,0,0
9.708625555038452,3,0,0,0
9.725644826889038,3,0,0,0
9.741149663925171,3,0,0,0
9.75738787651062,3,0,0,0
9.776994466781616,3,0,0,0
9.792890310287476,3,0,0,0
9.808839559555054,3,0,0,0
9.825003147125244,3,0,0,0
9.84134578704834,3,0,0,0
9.857492208480835,3,0,0,0
9.872668266296387,3,0,0,0
9.88910984992981,3,0,0,0
9.905194997787476,3,0,0,0
9.920495986938477,3,0,0,0
9.936503648757935,3,0,0,0
9.951695680618286,3,0,0,0
9.968465328216553,3,0,0,0
9.983643293380737,3,0,0,0
10.000017881393433,3,0,0,0
10.016239881515503,3,0,0,0
10.032485723495483,3,0,0,0
10.04785442352295,3,0,0,0
10.063964128494263,3,0,0,0
10.080618619918823,3,0,0,0
10.096787452697754,3,0,0,0
10.121046543121338,4,0,0,0
10.129386901855469,4,0,0,0
10.14548373222351,4,0,0,0
10.160907506942749,4,0,0,0
10.177290439605713,4,0,0,0
10.193246841430664,4,0,0,0
10.209162950515747,4,0,0,0
10.225006341934204,4,0,0,0
10.241274118423462,4,0,0,0
10.2571439743042,4,0,0,0
10.27353286743164,4,0,0,0
10.28950572013855,4,0,0,0
10.305498600006104,4,0,0,0
10.320890426635742,4,0,0,0
10.336716651916504,4,0,0,0
10.352825403213501,4,0,0,0
10.368757247924805,4,0,0,0
10.384876012802124,4,0,0,0
10.401242971420288,4,0,0,0
10.417031526565552,4,0,0,0
10.432938814163208,4,0,0,0
10.448772430419922,4,0,0,0
10.464645147323608,4,0,0,0
10.48088550567627,4,0,0,0
10.496652364730835,4,0,0,0
10.513556003570557,4,0,0,0
10.531549453735352,4,0,0,0
10.547369718551636,4,0,0,0
10.562787532806396,4,0,0,0
10.580655336380005,4,0,0,0
10.597572088241577,4,0,0,0
10.613062620162964,4,0,0,0
10.629661083221436,4,0,0,0
10.645622730255127,4,0,0,0
10.662567853927612,4,0,0,0
10.677796602249146,4,0,0,0
10.69431757926941,4,0,0,0
10.710267305374146,4,0,0,0
10.726307153701782,4,0,0,0
10.742075443267822,4,0,0,0
10.758109092712402,4,0,0,0
10.774426937103271,4,0,0,0
10.79034972190857,4,0,0,0
10.806212902069092,4,0,0,0
10.8218252658844,4,0,0,0
10.837636709213257,4,0,0,0
10.853785276412964,4,0,0,0
10.870642185211182,4,0,0,0
10.88670039176941,4,0,0,0
10.90339207649231,4,0,0,0
10.918419599533081,4,0,0,0
10.934147834777832,4,0,0,0
10.950392723083496,4,0,0,0
10.965871572494507,4,0,0,0
10.982601404190063,4,0,0,0
10.998821258544922,4,0,0,0
11.015205383300781,4,0,0,0
11.03112506866455,4,0,0,0
11.047007322311401,4,0,0,0
11.06304383277893,4,0,0,0
11.07891297340393,4,0,0,0
11.095353364944458,4,0,0,0
11.111395835876465,4,0,0,0
11.133439064025879,3,0,0,0
11.142768383026123,3,0,0,0
11.159609079360962,3,0,0,0
11.17580771446228,3,0,0,0
11.19178056716919,3,0,0,0
11.207865476608276,3,0,0,0
11.22411060333252,3,0,0,0
11.240270614624023,3,0,0,0
11.256299257278442,3,0,0,0
11.272268772125244,3,0,0,0
11.287686586380005,3,0,0,0
11.303677320480347,3,0,0,0
11.319977045059204,3,0,0,0
11.335911512374878,3,0,0,0
11.352124691009521,3,0,0,0
11.367827415466309,3,0,0,0
11.384357929229736,3,0,0,0
11.40058422088623,3,0,0,0
11.41612982749939,3,0,0,0
11.431999683380127,3,0,0,0
11.448763370513916,3,0,0,0
11.466922521591187,3,0,0,0
11.481163740158081,3,0,0,0
11.496823787689209,3,0,0,0
11.513383865356445,3,0,0,0
11.528642177581787,3,0,0,0
11.544776916503906,3,0,0,0
11.560919761657715,3,0,0,0
11.57747769355774,3,0,0,0
11.593645572662354,3,0,0,0
11.610201597213745,3,0,0,0
11.625831842422485,3,0,0,0
11.641995429992676,3,0,0,0
11.657886981964111,3,0,0,0
11.67406439781189,3,0,0,0
11.690247535705566,3,0,0,0
11.706547021865845,3,0,0,0
11.722609043121338,3,0,0,0
11.738847255706787,3,0,0,0
11.754865169525146,3,0,0,0
11.770942449569702,3,0,0,0
11.786963701248169,3,0,0,0
11.802929639816284,3,0,0,0
11.8186354637146,3,0,0,0
11.835562229156494,3,0,0,0
11.850794315338135,3,0,0,0
11.867028951644897,3,0,0,0
11.883117914199829,3,0,0,0
11.899173498153687,3,0,0,0
11.91531252861023,3,0,0,0
11.930689573287964,3,0,0,0
11.947380065917969,3,0,0,0
11.963433504104614,3,0,0,0
11.97915530204773,3,0,0,0
11.995644092559814,3,0,0,0
12.011989116668701,3,0,0,0
12.0279700756073,3,0,0,0
12.044526815414429,3,0,0,0
12.05992317199707,3,0,0,0
12.075879096984863,3,0,0,0
12.09230375289917,3,0,0,0
12.108466863632202,3,0,0,0
12.123642206192017,3,0,0,0
12.15707540512085,2,0,0,0
12.171212911605835,2,0,0,0
12.187599658966064,2,0,0,0
12.202774286270142,2,0,0,0
12.21887731552124,2,0,0,0
12.235084772109985,2,0,0,0
12.251443147659302,2,0,0,0
12.266765832901001,2,0,0,0
12.283141136169434,2,0,0,0
12.300874710083008,2,0,0,0
12.314736366271973,2,0,0,0
12.331002473831177,2,0,0,0
12.347301244735718,2,0,0,0
12.363235473632812,2,0,0,0
12.379307985305786,2,0,0,0
12.394831418991089,2,0,0,0
12.410918712615967,2,0,0,0
12.426916122436523,2,0,0,0
12.443477630615234,2,0,0,0
12.459591150283813,2,0,0,0
12.47647213935852,2,0,0,0
12.492538452148438,2,0,0,0
12.507823705673218,2,0,0,0
12.523974657058716,2,0,0,0
12.542130947113037,2,0,0,0
12.55817985534668,2,0,0,0
12.574111938476562,2,0,0,0
12.5902099609375,2,0,0,0
12.606423616409302,2,0,0,0
12.622426748275757,2,0,0,0
12.638408422470093,2,0,0,0
12.654174089431763,2,0,0,0
12.670275449752808,2,0,0,0
12.685698986053467,2,0,0,0
12.702054023742676,2,0,0,0
12.718192338943481,2,0,0,0
12.734266519546509,2,0,0,0
12.750397443771362,2,0,0,0
12.765798091888428,2,0,0,0
12.782158374786377,2,0,0,0
12.798407793045044,2,0,0,0
12.814177751541138,2,0,0,0
12.8301842212677,2,0,0,0
12.845665454864502,2,0,0,0
12.86168384552002,2,0,0,0
12.877728700637817,2,0,0,0
12.894466400146484,2,0,0,0
12.910372972488403,2,0,0,0
12.926000833511353,2,0,0,0
12.942303895950317,2,0,0,0
12.958008289337158,2,0,0,0
12.978888988494873,2,0,0,0
12.998867750167847,2,0,0,0
13.014988899230957,2,0,0,0
13.031487226486206,2,0,0,0
13.04758358001709,2,0,0,0
13.063579082489014,2,0,0,0
13.080106973648071,2,0,0,0
13.096235513687134,2,0,0,0
13.111905574798584,2,0,0,0
13.127821207046509,2,0,0,0
13.15169620513916,4,0,0,0
13.160409688949585,4,0,0,0
13.17639970779419,4,0,0,0
13.192037343978882,4,0,0,0
13.208302021026611,4,0,0,0
13.224448442459106,4,0,0,0
13.240262985229492,4,0,0,0
13.256329536437988,4,0,0,0
13.271967887878418,4,0,0,0
13.28805685043335,4,0,0,0
13.304284811019897,4,0,0,0
13.31998348236084,4,0,0,0
13.335973024368286,4,0,0,0
13.352572679519653,4,0,0,0
13.369598150253296,4,0,0,0
13.385612964630127,4,0,0,0
13.402396202087402,4,0,0,0
13.41844129562378,4,0,0,0
13.434600114822388,4,0,0,0
13.450682878494263,4,0,0,0
13.466617345809937,4,0,0,0
13.482930183410645,4,0,0,0
13.49895191192627,4,0,0,0
13.514938354492188,4,0,0,0
13.530949592590332,4,0,0,0
13.54682731628418,4,0,0,0
13.563302993774414,4,0,0,0
13.579237461090088,4,0,0,0
13.595043420791626,4,0,0,0
13.610942840576172,4,0,0,0
13.626830339431763,4,0,0,0
13.643067598342896,4,0,0,0
13.658942461013794,4,0,0,0
13.674798011779785,4,0,0,0
13.690772294998169,4,0,0,0
13.70665693283081,4,0,0,0
13.723140001296997,4,0,0,0
13.739235162734985,4,0,0,0
13.755269527435303,4,0,0,0
13.77082371711731,4,0,0,0
13.786738634109497,4,0,0,0
13.803100109100342,4,0,0,0
13.818973302841187,4,0,0,0
13.835322618484497,4,0,0,0
13.850708723068237,4,0,0,0
13.866800546646118,4,0,0,0
13.882924556732178,4,0,0,0
13.898802995681763,4,0,0,0
13.915127992630005,4,0,0,0
13.931074142456055,4,0,0,0
13.946937322616577,4,0,0,0
13.962753534317017,4,0,0,0
13.979621410369873,4,0,0,0
13.995714902877808,4,0,0,0
14.011685609817505,4,0,0,0
14.027691125869751,4,0,0,0
14.043762683868408,4,0,0,0
14.05982494354248,4,0,0,0
14.076070547103882,4,0,0,0
14.091992616653442,4,0,0,0
14.107961416244507,4,0,0,0
14.12422513961792,4,0,0,0
14.140143632888794,4,0,0,0
14.163279056549072,2,0,0,0
14.171918153762817,2,0,0,0
14.187835693359375,2,0,0,0
14.204152822494507,2,0,0,0
14.220397710800171,2,0,0,0
14.236382722854614,2,0,0,0
14.252362251281738,2,0,0,0
14.268354177474976,2,0,0,0
14.283712387084961,2,0,0,0
14.299760818481445,2,0,0,0
14.31580114364624,2,0,0,0
14.33191442489624,2,0,0,0
14.3480863571167,2,0,0,0
14.364392042160034,2,0,0,0
14.380433082580566,2,0,0,0
14.396351337432861,2,0,0,0
14.412191152572632,2,0,0,0
14.428085327148438,2,0,0,0
14.444434642791748,2,0,0,0
14.460415363311768,2,0,0,0
14.476364850997925,2,0,0,0
14.492408514022827,2,0,0,0
14.50835371017456,2,0,0,0
14.524335861206055,2,0,0,0
14.541310548782349,2,0,0,0
14.557429552078247,2,0,0,0
14.57298469543457,2,0,0,0
14.589055299758911,2,0,0,0
14.605497598648071,2,0,0,0
14.623844623565674,2,0,0,0
14.63993525505066,2,0,0,0
14.655769109725952,2,0,0,0
14.671758651733398,2,0,0,0
14.687850713729858,2,0,0,0
14.7037193775177,2,0,0,0
14.71975064277649,2,0,0,0
14.736134767532349,2,0,0,0
14.752145051956177,2,0,0,0
14.768190383911133,2,0,0,0
14.784078359603882,2,0,0,0
14.799985647201538,2,0,0,0
14.816426038742065,2,0,0,0
14.831845045089722,2,0,0,0
14.848153829574585,2,0,0,0
14.864384412765503,2,0,0,0
14.880593299865723,2,0,0,0
14.897466659545898,2,0,0,0
14.91279673576355,2,0,0,0
14.9291832447052,2,0,0,0
14.94548487663269,2,0,0,0
14.960737705230713,2,0,0,0
14.97673225402832,2,0,0,0
14.993005514144897,2,0,0,0
15.00952672958374,2,0,0,0
15.02532148361206,2,0,0,0
15.041018962860107,2,0,0,0
15.056923866271973,2,0,0,0
15.073137760162354,2,0,0,0
15.089574098587036,2,0,0,0
15.106494426727295,2,0,0,0
15.121770143508911,2,0,0,0
15.137931823730469,2,0,0,0
15.154014110565186,2,0,0,0
15.178659915924072,4,0,0,0
15.186949729919434,4,0,0,0
15.203301191329956,4,0,0,0
15.218738079071045,4,0,0,0
15.235550165176392,4,0,0,0
15.250612020492554,4,0,0,0
15.267312288284302,4,0,0,0
15.284770727157593,4,0,0,0
15.301069259643555,4,0,0,0
15.317314386367798,4,0,0,0
15.333448886871338,4,0,0,0
15.349463939666748,4,0,0,0
15.370316505432129,4,0,0,0
15.386610746383667,4,0,0,0
15.403674364089966,4,0,0,0
15.421350479125977,4,0,0,0
15.437315940856934,4,0,0,0
15.453427076339722,4,0,0,0
15.46944546699524,4,0,0,0
15.485423803329468,4,0,0,0
15.501541376113892,4,0,0,0
15.51757550239563,4,0,0,0
15.534909725189209,4,0,0,0
15.550967693328857,4,0,0,0
15.566858053207397,4,0,0,0
15.58356785774231,4,0,0,0
15.599570035934448,4,0,0,0
15.61598014831543,4,0,0,0
15.632008075714111,4,0,0,0
15.648146152496338,4,0,0,0
15.663993120193481,4,0,0,0
15.67997145652771,4,0,0,0
15.696401357650757,4,0,0,0
15.71235179901123,4,0,0,0
15.728259325027466,4,0,0,0
15.744104146957397,4,0,0,0
15.759990453720093,4,0,0,0
15.776346921920776,4,0,0,0
15.79225778579712,4,0,0,0
15.808275938034058,4,0,0,0
15.824130296707153,4,0,0,0
15.840136051177979,4,0,0,0
15.856470346450806,4,0,0,0
15.872524499893188,4,0,0,0
15.888569831848145,4,0,0,0
15.905536651611328,4,0,0,0
15.920558214187622,4,0,0,0
15.935776472091675,4,0,0,0
15.952025413513184,4,0,0,0
15.968125343322754,4,0,0,0
15.984378814697266,4,0,0,0
15.99986982345581,4,0,0,0
16.01686120033264,4,0,0,0
16.0326886177063,4,0,0,0
16.048636198043823,4,0,0,0
16.065024852752686,4,0,0,0
16.08102321624756,4,0,0,0
16.0969021320343,4,0,0,0
16.11279058456421,4,0,0,0
16.129206657409668,4,0,0,0
16.144752740859985,4,0,0,0
16.161200284957886,4,0,0,0
16.196422576904297,1,0,0,0
16.21095299720764,1,0,0,0
16.22680401802063,1,0,0,0
16.243305444717407,1,0,0,0
16.2631413936615,1,0,0,0
16.27924919128418,1,0,0,0
16.295380353927612,1,0,0,0
16.311184406280518,1,0,0,0
16.32672905921936,1,0,0,0
16.342790126800537,1,0,0,0
16.35875415802002,1,0,0,0
16.37562656402588,1,0,0,0
16.391746520996094,1,0,0,0
16.408113956451416,1,0,0,0
16.424206018447876,1,0,0,0
16.440568685531616,1,0,0,0
16.455822467803955,1,0,0,0
16.471850156784058,1,0,0,0
16.488309144973755,1,0,0,0
16.504595518112183,1,0,0,0
16.51988124847412,1,0,0,0
16.536749124526978,1,0,0,0
16.552919387817383,1,0,0,0
16.569221258163452,1,0,0,0
16.584890365600586,1,0,0,0
16.60120153427124,1,0,0,0
16.61690068244934,1,0,0,0
16.633156299591064,1,0,0,0
16.649502277374268,1,0,0,0
16.66529870033264,1,0,0,0
16.681571006774902,1,0,0,0
16.698269367218018,1,0,0,0
16.71437978744507,1,0,0,0
16.729683876037598,1,0,0,0
16.746036291122437,1,0,0,0
16.76194715499878,1,0,0,0
16.778579235076904,1,0,0,0
16.79552960395813,1,0,0,0
16.811513900756836,1,0,0,0
16.826722860336304,1,0,0,0
16.84267497062683,1,0,0,0
16.85954213142395,1,0,0,0
16.875481367111206,1,0,0,0
16.890828132629395,1,0,0,0
16.907198190689087,1,0,0,0
16.922094106674194,1,0,0,0
16.93790316581726,1,0,0,0
16.95384931564331,1,0,0,0
16.970362901687622,1,0,0,0
16.98691487312317,1,0,0,0
17.003638982772827,1,0,0,0
17.020060300827026,1,0,0,0
17.035868644714355,1,0,0,0
17.053636074066162,1,0,0,0
17.069929361343384,1,0,0,0
17.08585214614868,1,0,0,0
17.1018705368042,1,0,0,0
17.1179461479187,1,0,0,0
17.133904218673706,1,0,0,0
17.151705980300903,1,0,0,0
17.166621923446655,1,0,0,0
17.190348386764526,4,0,0,0
17.19868493080139,4,0,0,0
17.214816093444824,4,0,0,0
17.23135209083557,4,0,0,0
17.247473001480103,4,0,0,0
17.26286005973816,4,0,0,0
17.278867721557617,4,0,0,0
17.294971466064453,4,0,0,0
17.31105327606201,4,0,0,0
17.326879501342773,4,0,0,0
17.343262672424316,4,0,0,0
17.359107971191406,4,0,0,0
17.374974489212036,4,0,0,0
17.39110016822815,4,0,0,0
17.407081604003906,4,0,0,0
17.4237163066864,4,0,0,0
17.44063138961792,4,0,0,0
17.455864667892456,4,0,0,0
17.472238302230835,4,0,0,0
17.4883234500885,4,0,0,0
17.50431776046753,4,0,0,0
17.51985192298889,4,0,0,0
17.53687596321106,4,0,0,0
17.552982568740845,4,0,0,0
17.56930112838745,4,0,0,0
17.5846164226532,4,0,0,0
17.60151696205139,4,0,0,0
17.616759061813354,4,0,0,0
17.633015632629395,4,0,0,0
17.649277687072754,4,0,0,0
17.665393590927124,4,0,0,0
17.68163752555847,4,0,0,0
17.69801950454712,4,0,0,0
17.713683366775513,4,0,0,0
17.729769706726074,4,0,0,0
17.746374368667603,4,0,0,0
17.762388467788696,4,0,0,0
17.778292655944824,4,0,0,0
17.793949604034424,4,0,0,0
17.81005883216858,4,0,0,0
17.826592206954956,4,0,0,0
17.84346890449524,4,0,0,0
17.860973596572876,4,0,0,0
17.874916315078735,4,0,0,0
17.891228437423706,4,0,0,0
17.90675926208496,4,0,0,0
17.921839475631714,4,0,0,0
17.938461542129517,4,0,0,0
17.954692363739014,4,0,0,0
17.970989227294922,4,0,0,0
17.987565755844116,4,0,0,0
18.003385543823242,4,0,0,0
18.019320964813232,4,0,0,0
18.035401344299316,4,0,0,0
18.053619146347046,4,0,0,0
18.067079067230225,4,0,0,0
18.08265781402588,4,0,0,0
18.098837852478027,4,0,0,0
18.114664793014526,4,0,0,0
18.130640506744385,4,0,0,0
18.147456407546997,4,0,0,0
18.163296222686768,4,0,0,0
18.179314851760864,4,0,0,0
18.20382046699524,1,0,0,0
18.211750745773315,1,0,0,0
18.228084564208984,1,0,0,0
18.24401831626892,1,0,0,0
18.26029086112976,1,0,0,0
18.27610683441162,1,0,0,0
18.291927814483643,1,0,0,0
18.30777597427368,1,0,0,0
18.324599981307983,1,0,0,0
18.341429948806763,1,0,0,0
18.357179164886475,1,0,0,0
18.372961044311523,1,0,0,0
18.388831853866577,1,0,0,0
18.40470314025879,1,0,0,0
18.420645236968994,1,0,0,0
18.437596559524536,1,0,0,0
18.45469903945923,1,0,0,0
18.471134424209595,1,0,0,0
18.487473249435425,1,0,0,0
18.5026695728302,1,0,0,0
18.518959045410156,1,0,0,0
18.535698175430298,1,0,0,0
18.55182456970215,1,0,0,0
18.568378686904907,1,0,0,0
18.584330081939697,1,0,0,0
18.600388050079346,1,0,0,0
18.616103172302246,1,0,0,0
18.632533311843872,1,0,0,0
18.647696018218994,1,0,0,0
18.66401433944702,1,0,0,0
18.68055820465088,1,0,0,0
18.697431087493896,1,0,0,0
18.713367462158203,1,0,0,0
18.729302644729614,1,0,0,0
18.74525809288025,1,0,0,0
18.761340618133545,1,0,0,0
18.777392864227295,1,0,0,0
18.793431758880615,1,0,0,0
18.808709383010864,1,0,0,0
18.824745178222656,1,0,0,0
18.840900659561157,1,0,0,0
18.856964349746704,1,0,0,0
18.873265504837036,1,0,0,0
18.889377117156982,1,0,0,0
18.905311346054077,1,0,0,0
18.920616626739502,1,0,0,0
18.936910152435303,1,0,0,0
18.952898025512695,1,0,0,0
18.968791723251343,1,0,0,0
18.984646558761597,1,0,0,0
19.001582622528076,1,0,0,0
19.0185227394104,1,0,0,0
19.034439086914062,1,0,0,0
19.05049228668213,1,0,0,0
19.066449880599976,1,0,0,0
19.082438230514526,1,0,0,0
19.098411560058594,1,0,0,0
19.11441206932068,1,0,0,0
19.129924297332764,1,0,0,0
19.145777463912964,1,0,0,0
19.161826133728027,1,0,0,0
19.178189754486084,1,0,0,0
19.19382381439209,1,0,0,0
19.221524715423584,1,0,0,0
19.230751991271973,1,0,0,0
19.247187852859497,1,0,0,0
19.263318300247192,1,0,0,0
19.279473781585693,1,0,0,0
19.294777154922485,1,0,0,0
19.31092858314514,1,0,0,0
19.327033281326294,1,0,0,0
19.34332275390625,1,0,0,0
19.359533309936523,1,0,0,0
19.374720811843872,1,0,0,0
19.39095711708069,1,0,0,0
19.407063484191895,1,0,0,0
19.423012256622314,1,0,0,0
19.43920636177063,1,0,0,0
19.455321311950684,1,0,0,0
19.470831394195557,1,0,0,0
19.486650943756104,1,0,0,0
19.503143548965454,1,0,0,0
19.519269466400146,1,0,0,0
19.53625202178955,1,0,0,0
19.55232000350952,1,0,0,0
19.56858229637146,1,0,0,0
19.584848403930664,1,0,0,0
19.601115703582764,1,0,0,0
19.61720848083496,1,0,0,0
19.6333966255188,1,0,0,0
19.648667335510254,1,0,0,0
19.66489601135254,1,0,0,0
19.68121337890625,1,0,0,0
19.697380781173706,1,0,0,0
19.713481664657593,1,0,0,0
19.72952103614807,1,0,0,0
19.745583057403564,1,0,0,0
19.762559413909912,1,0,0,0
19.778714179992676,1,0,0,0
19.795183897018433,1,0,0,0
19.81125783920288,1,0,0,0
19.82734513282776,1,0,0,0
19.843376636505127,1,0,0,0
19.859429597854614,1,0,0,0
19.87541961669922,1,0,0,0
19.891374826431274,1,0,0,0
19.90740394592285,1,0,0,0
19.92235517501831,1,0,0,0
19.93832492828369,1,0,0,0
19.95436716079712,1,0,0,0
19.97037696838379,1,0,0,0
19.986328125,1,0,0,0
20.002325296401978,1,0,0,0
20.018324851989746,1,0,0,0
20.033721208572388,1,0,0,0
20.049736261367798,1,0,0,0
20.065651416778564,1,0,0,0
20.082600593566895,1,0,0,0
20.099113702774048,1,0,0,0
20.11526107788086,1,0,0,0
20.131614923477173,1,0,0,0
20.14785361289978,1,0,0,0
20.163968563079834,1,0,0,0
20.17972707748413,1,0,0,0
20.19610857963562,1,0,0,0
20.224776029586792,5,0,0,0
20.238882780075073,5,0,0,0
20.255682229995728,5,0,0,0
20.272150993347168,5,0,0,0
20.28829836845398,5,0,0,0
20.30450963973999,5,0,0,0
20.320576667785645,5,0,0,0
20.335972547531128,5,0,0,0
20.352173805236816,5,0,0,0
20.368619680404663,5,0,0,0
20.384308099746704,5,0,0,0
20.400477170944214,5,0,0,0
20.416179418563843,5,0,0,0
20.43258285522461,5,0,0,0
20.448460578918457,5,0,0,0
20.463839054107666,5,0,0,0
20.480225086212158,5,0,0,0
20.496092796325684,5,0,0,0
20.51169228553772,5,0,0,0
20.528364658355713,5,0,0,0
20.54402804374695,5,0,0,0
20.560531854629517,5,0,0,0
20.57650113105774,5,0,0,0
20.592095613479614,5,0,0,0
20.608469247817993,5,0,0,0
20.625216007232666,5,0,0,0
20.640268325805664,5,0,0,0
20.655928373336792,5,0,0,0
20.672289848327637,5,0,0,0
20.68819761276245,5,0,0,0
20.703868865966797,5,0,0,0
20.720057249069214,5,0,0,0
20.73569369316101,5,0,0,0
20.751912832260132,5,0,0,0
20.768556118011475,5,0,0,0
20.7844820022583,5,0,0,0
20.800544023513794,5,0,0,0
20.81637144088745,5,0,0,0
20.83206343650818,5,0,0,0
20.84867024421692,5,0,0,0
20.86522388458252,5,0,0,0
20.88147211074829,5,0,0,0
20.89746642112732,5,0,0,0
20.91306734085083,5,0,0,0
20.928874492645264,5,0,0,0
20.94530701637268,5,0,0,0
20.960996389389038,5,0,0,0
20.976908922195435,5,0,0,0
20.992702960968018,5,0,0,0
21.009413719177246,5,0,0,0
21.02475333213806,5,0,0,0
21.040964365005493,5,0,0,0
21.057478427886963,5,0,0,0
21.073657274246216,5,0,0,0
21.08982491493225,5,0,0,0
21.106215715408325,5,0,0,0
21.12227511405945,5,0,0,0
21.137661695480347,5,0,0,0
21.154081106185913,5,0,0,0
21.169833183288574,5,0,0,0
21.186349630355835,5,0,0,0
21.201912879943848,5,0,0,0
21.224063634872437,3,0,0,0
21.235904216766357,3,0,0,0
21.251827001571655,3,0,0,0
21.268571138381958,3,0,0,0
21.28439497947693,3,0,0,0
21.299652099609375,3,0,0,0
21.316136121749878,3,0,0,0
21.33219027519226,3,0,0,0
21.34852409362793,3,0,0,0
21.364099264144897,3,0,0,0
21.380263328552246,3,0,0,0
21.395681858062744,3,0,0,0
21.41228723526001,3,0,0,0
21.428069591522217,3,0,0,0
21.44378352165222,3,0,0,0
21.459709882736206,3,0,0,0
21.476474046707153,3,0,0,0
21.49228048324585,3,0,0,0
21.508018016815186,3,0,0,0
21.52519130706787,3,0,0,0
21.541309595108032,3,0,0,0
21.55695128440857,3,0,0,0
21.572863340377808,3,0,0,0
21.589645624160767,3,0,0,0
21.606327056884766,3,0,0,0
21.62203550338745,3,0,0,0
21.638716459274292,3,0,0,0
21.654568672180176,3,0,0,0
21.670448780059814,3,0,0,0
21.68591833114624,3,0,0,0
21.70221519470215,3,0,0,0
21.718178510665894,3,0,0,0
21.73411798477173,3,0,0,0
21.74983263015747,3,0,0,0
21.766058921813965,3,0,0,0
21.782433032989502,3,0,0,0
21.79831552505493,3,0,0,0
21.81468892097473,3,0,0,0
21.831279516220093,3,0,0,0
21.84736704826355,3,0,0,0
21.862671375274658,3,0,0,0
21.87866497039795,3,0,0,0
21.895156145095825,3,0,0,0
21.91089105606079,3,0,0,0
21.927266120910645,3,0,0,0
21.942911863327026,3,0,0,0
21.959609508514404,3,0,0,0
21.975850820541382,3,0,0,0
21.992428064346313,3,0,0,0
22.00821280479431,3,0,0,0
22.024447202682495,3,0,0,0
22.039695501327515,3,0,0,0
22.05572009086609,3,0,0,0
22.07209324836731,3,0,0,0
22.088683605194092,3,0,0,0
22.104342460632324,3,0,0,0
22.120969772338867,3,0,0,0
22.136842489242554,3,0,0,0
22.15276575088501,3,0,0,0
22.16948413848877,3,0,0,0
22.185070753097534,3,0,0,0
22.20091152191162,3,0,0,0
22.216810941696167,3,0,0,0
22.240108728408813,5,0,0,0
22.2486834526062,5,0,0,0
22.264845609664917,5,0,0,0
22.28077793121338,5,0,0,0
22.297473192214966,5,0,0,0
22.313408136367798,5,0,0,0
22.32918071746826,5,0,0,0
22.345203638076782,5,0,0,0
22.361114740371704,5,0,0,0
22.376977682113647,5,0,0,0
22.39302921295166,5,0,0,0
22.409669876098633,5,0,0,0
22.42641043663025,5,0,0,0
22.44186019897461,5,0,0,0
22.45802879333496,5,0,0,0
22.474101543426514,5,0,0,0
22.490638971328735,5,0,0,0
22.507079124450684,5,0,0,0
22.522741556167603,5,0,0,0
22.53983974456787,5,0,0,0
22.555952072143555,5,0,0,0
22.572087049484253,5,0,0,0
22.588160514831543,5,0,0,0
22.604374647140503,5,0,0,0
22.620580911636353,5,0,0,0
22.636733531951904,5,0,0,0
22.652942180633545,5,0,0,0
22.669137001037598,5,0,0,0
22.68497323989868,5,0,0,0
22.7006254196167,5,0,0,0
22.717429399490356,5,0,0,0
22.73322343826294,5,0,0,0
22.74950408935547,5,0,0,0
22.765439748764038,5,0,0,0
22.781277179718018,5,0,0,0
22.797240018844604,5,0,0,0
22.813196659088135,5,0,0,0
22.829713582992554,5,0,0,0
22.845939874649048,5,0,0,0
22.862552165985107,5,0,0,0
22.87774395942688,5,0,0,0
22.894025564193726,5,0,0,0
22.910144567489624,5,0,0,0
22.924676656723022,5,0,0,0
22.94102931022644,5,0,0,0
22.957451343536377,5,0,0,0
22.973060369491577,5,0,0,0
22.988743782043457,5,0,0,0
23.005345582962036,5,0,0,0
23.020957231521606,5,0,0,0
23.037076711654663,5,0,0,0
23.053146362304688,5,0,0,0
23.069715976715088,5,0,0,0
23.08605647087097,5,0,0,0
23.10177493095398,5,0,0,0
23.118014097213745,5,0,0,0
23.13403606414795,5,0,0,0
23.151933908462524,5,0,0,0
23.168275117874146,5,0,0,0
23.184581756591797,5,0,0,0
23.200619220733643,5,0,0,0
23.223260641098022,5,0,0,0
23.24766492843628,2,0,0,0
23.25724959373474,2,0,0,0
23.273438930511475,2,0,0,0
23.289247751235962,2,0,0,0
23.30510950088501,2,0,0,0
23.321550846099854,2,0,0,0
23.33678913116455,2,0,0,0
23.35281991958618,2,0,0,0
23.369136333465576,2,0,0,0
23.385387182235718,2,0,0,0
23.40161156654358,2,0,0,0
23.41787600517273,2,0,0,0
23.434316158294678,2,0,0,0
23.45048427581787,2,0,0,0
23.46580743789673,2,0,0,0
23.482332468032837,2,0,0,0
23.498282432556152,2,0,0,0
23.51447629928589,2,0,0,0
23.530287265777588,2,0,0,0
23.54586100578308,2,0,0,0
23.562190055847168,2,0,0,0
23.577714681625366,2,0,0,0
23.59434723854065,2,0,0,0
23.610382556915283,2,0,0,0
23.62620449066162,2,0,0,0
23.642409324645996,2,0,0,0
23.657761573791504,2,0,0,0
23.674628734588623,2,0,0,0
23.69162082672119,2,0,0,0
23.707952976226807,2,0,0,0
23.724369287490845,2,0,0,0
23.740562915802002,2,0,0,0
23.756041049957275,2,0,0,0
23.77217721939087,2,0,0,0
23.7885479927063,2,0,0,0
23.804064512252808,2,0,0,0
23.819910287857056,2,0,0,0
23.836220502853394,2,0,0,0
23.851775407791138,2,0,0,0
23.868395566940308,2,0,0,0
23.883873224258423,2,0,0,0
23.900049448013306,2,0,0,0
23.91528081893921,2,0,0,0
23.93156361579895,2,0,0,0
23.94697141647339,2,0,0,0
23.962775707244873,2,0,0,0
23.979591608047485,2,0,0,0
23.99470829963684,2,0,0,0
24.0107102394104,2,0,0,0
24.02725648880005,2,0,0,0
24.04328989982605,2,0,0,0
24.059049129486084,2,0,0,0
24.075528144836426,2,0,0,0
24.09111785888672,2,0,0,0
24.107871055603027,2,0,0,0
24.1233868598938,2,0,0,0
24.139176607131958,2,0,0,0
24.155428171157837,2,0,0,0
24.17150592803955,2,0,0,0
24.18740177154541,2,0,0,0
24.202860116958618,2,0,0,0
24.21928882598877,2,0,0,0
24.235547304153442,2,0,0,0
24.258998155593872,3,0,0,0
24.268632888793945,3,0,0,0
24.28512215614319,3,0,0,0
24.301631927490234,3,0,0,0
24.318236112594604,3,0,0,0
24.33417510986328,3,0,0,0
24.350316286087036,3,0,0,0
24.36700129508972,3,0,0,0
24.383278131484985,3,0,0,0
24.399662017822266,3,0,0,0
24.416568517684937,3,0,0,0
24.43228554725647,3,0,0,0
24.44798254966736,3,0,0,0
24.463677406311035,3,0,0,0
24.48043203353882,3,0,0,0
24.496643543243408,3,0,0,0
24.51345729827881,3,0,0,0
24.529614448547363,3,0,0,0
24.544705867767334,3,0,0,0
24.56105327606201,3,0,0,0
24.57714557647705,3,0,0,0
24.592756748199463,3,0,0,0
24.60950756072998,3,0,0,0
24.624825716018677,3,0,0,0
24.641329526901245,3,0,0,0
24.657495737075806,3,0,0,0
24.672696113586426,3,0,0,0
24.688623666763306,3,0,0,0
24.704817533493042,3,0,0,0
24.721119165420532,3,0,0,0
24.73723602294922,3,0,0,0
24.753516912460327,3,0,0,0
24.76871919631958,3,0,0,0
24.784862518310547,3,0,0,0
24.80109167098999,3,0,0,0
24.81732487678528,3,0,0,0
24.83276104927063,3,0,0,0
24.849633932113647,3,0,0,0
24.866212368011475,3,0,0,0
24.881762504577637,3,0,0,0
24.89769697189331,3,0,0,0
24.91428828239441,3,0,0,0
24.930641174316406,3,0,0,0
24.94695782661438,3,0,0,0
24.9626624584198,3,0,0,0
24.978809595108032,3,0,0,0
24.995126962661743,3,0,0,0
25.01081418991089,3,0,0,0
25.02728033065796,3,0,0,0
25.04349708557129,3,0,0,0
25.05878186225891,3,0,0,0
25.075007438659668,3,0,0,0
25.091172456741333,3,0,0,0
25.107439041137695,3,0,0,0
25.1237690448761,3,0,0,0
25.140221118927002,3,0,0,0
25.15636110305786,3,0,0,0
25.171684741973877,3,0,0,0
25.187838315963745,3,0,0,0
25.204380750656128,3,0,0,0
25.219933032989502,3,0,0,0
25.236105918884277,3,0,0,0
25.258729457855225,5,0,0,0
25.267923593521118,5,0,0,0
25.284016609191895,5,0,0,0
25.300185441970825,5,0,0,0
25.316276788711548,5,0,0,0
25.331968307495117,5,0,0,0
25.348668336868286,5,0,0,0
25.36538290977478,5,0,0,0
25.381082773208618,5,0,0,0
25.39684510231018,5,0,0,0
25.413514375686646,5,0,0,0
25.42885947227478,5,0,0,0
25.444979906082153,5,0,0,0
25.46107268333435,5,0,0,0
25.477259397506714,5,0,0,0
25.493571281433105,5,0,0,0
25.511584043502808,5,0,0,0
25.526306867599487,5,0,0,0
25.541872262954712,5,0,0,0
25.558062076568604,5,0,0,0
25.574115991592407,5,0,0,0
25.58968186378479,5,0,0,0
25.605738162994385,5,0,0,0
25.622084379196167,5,0,0,0
25.63769268989563,5,0,0,0
25.653804540634155,5,0,0,0
25.670171976089478,5,0,0,0
25.686187744140625,5,0,0,0
25.702332496643066,5,0,0,0
25.718640089035034,5,0,0,0
25.73471236228943,5,0,0,0
25.75158381462097,5,0,0,0
25.76852560043335,5,0,0,0
25.7843918800354,5,0,0,0
25.800246953964233,5,0,0,0
25.816109657287598,5,0,0,0
25.832605838775635,5,0,0,0
25.849492073059082,5,0,0,0
25.865504264831543,5,0,0,0
25.881036043167114,5,0,0,0
25.89691925048828,5,0,0,0
25.91340160369873,5,0,0,0
25.92929768562317,5,0,0,0
25.94526743888855,5,0,0,0
25.960841178894043,5,0,0,0
25.97675609588623,5,0,0,0
25.993260145187378,5,0,0,0
26.009206771850586,5,0,0,0
26.02508282661438,5,0,0,0
26.040721893310547,5,0,0,0
26.057376861572266,5,0,0,0
26.073105573654175,5,0,0,0
26.088951349258423,5,0,0,0
26.105024099349976,5,0,0,0
26.12092423439026,5,0,0,0
26.136800289154053,5,0,0,0
26.153398513793945,5,0,0,0
26.169525623321533,5,0,0,0
26.18544626235962,5,0,0,0
26.20079469680786,5,0,0,0
26.216833114624023,5,0,0,0
26.233279943466187,5,0,0,0
26.24941921234131,5,0,0,0
26.272413969039917,5,0,0,0
26.280667781829834,5,0,0,0
26.2968966960907,5,0,0,0
26.313356399536133,5,0,0,0
26.329436540603638,5,0,0,0
26.345605850219727,5,0,0,0
26.362167358398438,5,0,0,0
26.37821054458618,5,0,0,0
26.394285917282104,5,0,0,0
26.410627603530884,5,0,0,0
26.426785230636597,5,0,0,0
26.443422555923462,5,0,0,0
26.459630966186523,5,0,0,0
26.47570514678955,5,0,0,0
26.491670846939087,5,0,0,0
26.507700204849243,5,0,0,0
26.52420735359192,5,0,0,0
26.541274785995483,5,0,0,0
26.557456970214844,5,0,0,0
26.572869777679443,5,0,0,0
26.588937282562256,5,0,0,0
26.605098724365234,5,0,0,0
26.621301651000977,5,0,0,0
26.63746213912964,5,0,0,0
26.65305209159851,5,0,0,0
26.669251441955566,5,0,0,0
26.68518877029419,5,0,0,0
26.70107412338257,5,0,0,0
26.716968536376953,5,0,0,0
26.732924461364746,5,0,0,0
26.7493314743042,5,0,0,0
26.76514196395874,5,0,0,0
26.781569719314575,5,0,0,0
26.797715663909912,5,0,0,0
26.832113027572632,5,1,0,1
26.842729568481445,5,1,0,1
26.858072519302368,5,1,0,1
26.874277114868164,5,1,0,1
26.88976240158081,5,0,0,1
26.905691146850586,5,0,0,1
26.9218852519989,5,0,0,1
26.93789529800415,5,0,0,1
26.954029083251953,5,0,0,1
26.970019817352295,5,0,0,1
26.98644208908081,5,0,0,1
27.006062269210815,5,0,0,1
27.022444009780884,5,0,0,1
27.037787675857544,5,0,0,1
27.053739309310913,5,0,0,1
27.070012092590332,5,0,0,1
27.086079597473145,5,0,0,1
27.101846933364868,5,0,0,1
27.117948293685913,5,0,0,1
27.13469886779785,5,0,0,1
27.150834321975708,5,0,0,1
27.167090892791748,5,0,0,1
27.182910919189453,5,0,0,1
27.199154138565063,5,0,0,1
27.215681552886963,5,0,0,1
27.232622861862183,5,0,0,1
27.247933864593506,5,0,0,1
27.264010667800903,5,0,0,1
27.280956983566284,5,0,0,1
27.297460794448853,5,0,0,1
27.313043117523193,5,0,0,1
27.329330444335938,5,0,0,1
27.34529733657837,5,0,0,1
27.360877990722656,5,0,0,1
27.377606868743896,5,0,0,1
27.392972469329834,5,0,0,1
27.409117460250854,5,0,0,1
27.425021171569824,5,0,0,1
27.44153618812561,5,0,0,1
27.457646369934082,5,0,0,1
27.472965478897095,5,0,0,1
27.488993406295776,5,0,0,1
27.505528211593628,5,0,0,1
27.521119832992554,5,0,0,1
27.538522005081177,5,0,0,1
27.55436873435974,5,0,0,1
27.570528984069824,5,0,0,1
27.585899591445923,5,0,0,1
27.602701902389526,5,0,0,1
27.618937969207764,5,0,0,1
27.634818077087402,5,0,0,1
27.650851726531982,5,0,0,1
27.667049646377563,5,0,0,1
27.683417081832886,5,0,0,1
27.699667930603027,5,0,0,1
27.715462684631348,5,0,0,1
27.731759786605835,5,0,0,1
27.74792194366455,5,0,0,1
27.7638943195343,5,0,0,1
27.78008770942688,5,0,0,1
27.79657220840454,5,0,0,1
27.811893701553345,5,0,0,1
27.82784676551819,5,0,0,1
27.84446930885315,5,0,0,1
27.86037540435791,5,0,0,1
27.875767707824707,5,0,0,1
27.892312049865723,5,0,0,1
27.908183813095093,5,0,0,1
27.92283344268799,5,0,0,1
27.93886971473694,5,0,0,1
27.955419540405273,5,0,0,1
27.971383571624756,5,0,0,1
27.986804008483887,5,0,0,1
28.002968788146973,5,0,0,1
28.018901586532593,5,0,0,1
28.035661697387695,5,0,0,1
28.05246663093567,5,0,0,1
28.068721771240234,5,0,0,1
28.085389375686646,5,0,0,1
28.101658582687378,5,0,0,1
28.11711621284485,5,0,0,1
28.133087158203125,5,0,0,1
28.149293899536133,5,0,0,1
28.16512966156006,5,0,0,1
28.181296586990356,5,0,0,1
28.19689106941223,5,0,0,1
28.213006258010864,5,0,0,1
28.230804443359375,5,0,0,1
28.24677038192749,5,0,0,1
28.263755321502686,5,0,0,1
28.28131866455078,5,0,0,1
28.297117233276367,5,0,0,1
28.313427686691284,5,0,0,1
28.32879614830017,5,0,0,1
28.345125913619995,5,0,0,1
28.361510753631592,5,0,0,1
28.377387285232544,5,0,0,1
28.393908500671387,5,0,0,1
28.409228086471558,5,0,0,1
28.42517352104187,5,0,0,1
28.44127058982849,5,0,0,1
28.456921815872192,5,0,0,1
28.473034858703613,5,0,0,1
28.489649295806885,5,0,0,1
28.50535011291504,5,0,0,1
28.52164578437805,5,0,0,1
28.53845524787903,5,0,0,1
28.554476976394653,5,0,0,1
28.570558786392212,5,0,0,1
28.586451530456543,5,0,0,1
28.602548122406006,5,0,0,1
28.61807155609131,5,0,0,1
28.63465428352356,5,0,0,1
28.650063037872314,5,0,0,1
28.66595697402954,5,0,0,1
28.682283639907837,5,0,0,1
28.697784662246704,5,0,0,1
28.714648008346558,5,0,0,1
28.730611085891724,5,0,0,1
28.74626088142395,5,0,0,1
28.76237463951111,5,0,0,1
28.77787685394287,5,0,0,1
28.79438304901123,5,0,0,1
28.810389280319214,5,0,0,1
28.826027393341064,5,0,0,1
28.842254400253296,5,0,0,0
28.87017846107483,3,0,0,0
28.884453773498535,3,0,0,0
28.90070390701294,3,0,0,0
28.915733098983765,3,0,0,0
28.93259620666504,3,0,0,0
28.9480721950531,3,0,0,0
28.964098930358887,3,0,0,0
28.98019504547119,3,0,0,0
28.996243476867676,3,0,0,0
29.012417554855347,3,0,0,0
29.027849674224854,3,0,0,0
29.043812036514282,3,0,0,0
29.05989980697632,3,0,0,0
29.075786352157593,3,0,0,0
29.091814756393433,3,0,0,0
29.108079433441162,3,0,0,0
29.123958110809326,3,0,0,0
29.139930248260498,3,0,0,0
29.156064748764038,3,0,0,0
29.17208695411682,3,0,0,0
29.187889337539673,3,0,0,0
29.204036951065063,3,0,0,0
29.220259428024292,3,0,0,0
29.236135005950928,3,0,0,0
29.252559423446655,3,0,0,0
29.26931071281433,3,0,0,0
29.285504817962646,3,0,0,0
29.300795316696167,3,0,0,0
29.317631483078003,3,0,0,0
29.334613800048828,3,0,0,0
29.351353883743286,3,0,0,0
29.367572784423828,3,0,0,0
29.382936000823975,3,0,0,0
29.398853540420532,3,0,0,0
29.415001392364502,3,0,0,0
29.430663585662842,3,0,0,0
29.44680953025818,3,0,0,0
29.463138103485107,3,0,0,0
29.47909688949585,3,0,0,0
29.496376276016235,3,1,0,1
29.51102375984192,3,1,0,1
29.527015686035156,3,1,0,1
29.54351782798767,3,1,0,1
29.559655904769897,3,1,0,1
29.576244592666626,3,1,0,1
29.59214758872986,3,1,0,1
29.608238220214844,3,0,0,1
29.62416100502014,3,0,0,1
29.640530347824097,3,0,0,1
29.656312465667725,3,0,0,1
29.67250657081604,3,0,0,1
29.68771457672119,3,0,0,1
29.704549074172974,3,0,0,1
29.720622062683105,3,0,0,1
29.736222982406616,3,0,0,1
29.752485275268555,3,0,0,1
29.76785111427307,3,0,0,1
29.784616470336914,3,0,0,1
29.800705194473267,3,0,0,1
29.817631483078003,3,0,0,1
29.833492517471313,3,0,0,1
29.848751306533813,3,0,0,1
29.86541438102722,3,0,0,1
29.88148784637451,3,0,0,1
29.897640228271484,3,0,0,1
29.913968801498413,3,0,0,1
29.930489540100098,3,0,0,1
29.946637630462646,3,0,0,1
29.963613033294678,3,0,0,1
29.97925043106079,3,0,0,1
29.996317863464355,3,0,0,1
30.012706756591797,3,0,0,1
30.029375791549683,3,0,0,1
30.04585027694702,3,0,0,1
30.062339305877686,3,0,0,1
30.077947854995728,3,0,0,1
30.095603704452515,3,0,0,1
30.1115562915802,3,0,0,1
30.127230644226074,3,0,0,1
30.143567323684692,3,0,0,1
30.15917658805847,3,0,0,1
30.175416946411133,3,0,0,1
30.19111394882202,3,0,0,1
30.2076358795166,3,0,0,1
30.223230838775635,3,0,0,1
30.239286422729492,3,0,0,1
30.255627632141113,3,0,0,1
30.271616220474243,3,0,0,1
30.28833246231079,3,0,0,1
30.303834915161133,3,0,0,1
30.320366382598877,3,0,0,1
30.335792303085327,3,0,0,1
30.3526394367218,3,0,0,1
30.369382858276367,3,0,0,1
30.385510444641113,3,0,0,1
30.40111517906189,3,0,0,1
30.417115211486816,3,0,0,1
30.433689832687378,3,0,0,1
30.450701236724854,3,0,0,1
30.467185258865356,3,0,0,1
30.483134031295776,3,0,0,1
30.49895668029785,3,0,0,1
30.51502227783203,3,0,0,1
30.530659675598145,3,0,0,1
30.54666519165039,3,0,0,1
30.562796115875244,3,0,0,1
30.5788414478302,3,0,0,1
30.594994068145752,3,0,0,1
30.611631393432617,3,0,0,1
30.62772512435913,3,0,0,1
30.643792867660522,3,0,0,1
30.659975051879883,3,0,0,1
30.676214933395386,3,0,0,1
30.69180464744568,3,0,0,1
30.707717657089233,3,0,0,1
30.72377109527588,3,0,0,1
30.7400221824646,3,0,0,1
30.756025791168213,3,0,0,1
30.771685123443604,3,0,0,1
30.78862190246582,3,0,0,1
30.804898977279663,3,0,0,1
30.82116198539734,3,0,0,1
30.83725142478943,3,0,0,1
30.852869033813477,3,0,0,1
30.868793487548828,3,0,0,1
30.884984731674194,3,0,0,1
30.90101647377014,3,0,0,1
30.916931867599487,3,0,0,1
30.933486461639404,3,0,0,1
30.949398279190063,3,0,0,1
30.965514421463013,3,0,0,1
30.980814456939697,3,0,0,1
30.99678087234497,3,0,0,1
31.0133113861084,3,0,0,1
31.029317140579224,3,0,0,1
31.04548716545105,3,0,0,1
31.061518907546997,3,0,0,1
31.07755708694458,3,0,0,1
31.09314274787903,3,0,0,1
31.10916519165039,3,0,0,1
31.125383853912354,3,0,0,1
31.141584157943726,3,0,0,1
31.158652305603027,3,0,0,1
31.173710823059082,3,0,0,1
31.189959049224854,3,0,0,1
31.209436178207397,3,0,0,1
31.225184679031372,3,0,0,1
31.241392850875854,3,0,0,1
31.256896257400513,3,0,0,1
31.273143768310547,3,0,0,1
31.289283752441406,3,0,0,1
31.305064916610718,3,0,0,1
31.321497201919556,3,0,0,1
31.337011575698853,3,0,0,1
31.353060960769653,3,0,0,1
31.36922264099121,3,0,0,1
31.38556957244873,3,0,0,1
31.404083490371704,3,0,0,1
31.420448064804077,3,0,0,1
31.436495780944824,3,0,0,1
31.452420949935913,3,0,0,1
31.468079090118408,3,0,0,1
31.483981609344482,3,0,0,1
31.499794960021973,3,0,0,0
31.52687168121338,3,0,0,0
31.541030883789062,3,0,0,0
31.556897163391113,3,0,0,0
31.57311201095581,3,0,0,0
31.588688373565674,3,0,0,0
31.60557770729065,3,0,0,0
31.62153935432434,3,0,0,0
31.63666868209839,3,0,0,0
31.653461456298828,3,0,0,0
31.66890597343445,3,0,0,0
31.685266733169556,3,0,0,0
31.70133638381958,3,0,0,0
31.716895818710327,3,0,0,0
31.732824087142944,3,0,0,0
31.74934196472168,3,0,0,0
31.765297651290894,3,0,0,0
31.781436681747437,3,0,0,0
31.797284364700317,3,0,0,0
31.813068628311157,3,0,0,0
31.829439401626587,3,0,0,0
31.845312356948853,3,0,0,0
31.861312866210938,3,0,0,0
31.87721872329712,3,0,0,0
31.89307951927185,3,0,0,0
31.90946340560913,3,0,0,0
31.924312591552734,3,0,0,0
31.94028949737549,3,0,0,0
31.956261157989502,3,0,0,0
31.972089052200317,3,0,0,0
31.988056898117065,3,0,0,0
32.00395107269287,3,0,0,0
32.02016067504883,3,0,0,0
32.03606152534485,3,0,0,0
32.051963090896606,3,0,0,0
32.06843900680542,3,0,0,0
32.08441758155823,3,0,0,0
32.100528955459595,3,0,0,0
32.11641001701355,3,0,0,0
32.1323606967926,3,0,0,0
32.147804498672485,3,0,0,0
32.16373610496521,3,0,0,0
32.179805278778076,3,0,0,0
32.19656801223755,3,0,0,0
32.21335196495056,3,0,0,0
32.229392766952515,3,0,0,0
32.24519109725952,3,0,0,0
32.26120209693909,3,0,0,0
32.27769446372986,3,0,0,0
32.29464769363403,3,0,0,0
32.31151747703552,3,0,0,0
32.327547788619995,3,0,0,0
32.34348440170288,3,0,0,0
32.35918712615967,3,0,0,0
32.375452756881714,3,0,0,0
32.39144492149353,3,0,0,0
32.40712904930115,3,0,0,0
32.4229736328125,3,0,0,0
32.4394052028656,3,0,0,0
32.45526719093323,3,0,0,0
32.47137236595154,3,0,0,0
32.48710513114929,3,0,0,0
32.50302743911743,3,0,0,0
32.526973485946655,4,0,0,0
32.536932945251465,4,0,0,0
32.552828550338745,4,0,0,0
32.56942558288574,4,0,0,0
32.58532786369324,4,0,0,0
32.60088229179382,4,0,0,0
32.61672520637512,4,0,0,0
32.63275456428528,4,0,0,0
32.64866876602173,4,0,0,0
32.664825201034546,4,0,0,0
32.68163204193115,4,0,0,0
32.697895526885986,4,0,0,0
32.71406412124634,4,0,0,0
32.730106592178345,4,0,0,0
32.74603343009949,4,0,0,0
32.762585163116455,4,0,0,0
32.7796106338501,4,0,0,0
32.79563307762146,4,0,0,0
32.81202292442322,4,0,0,0
32.828070402145386,4,0,0,0
32.84417104721069,4,0,0,0
32.86002826690674,4,0,0,0
32.87601590156555,4,0,0,0
32.89260530471802,4,0,0,0
32.90960383415222,4,0,0,0
32.92463493347168,4,0,0,0
32.94084692001343,4,0,0,0
32.956719398498535,4,0,0,0
32.97327423095703,4,0,0,0
32.98937773704529,4,0,0,0
33.00549101829529,4,0,0,0
33.021615743637085,4,0,0,0
33.038575649261475,4,0,0,0
33.054919719696045,4,0,0,0
33.07165336608887,4,0,0,0
33.087437868118286,4,0,0,0
33.103116512298584,4,0,0,0
33.122143030166626,4,0,0,0
33.1380500793457,4,0,0,0
33.154661893844604,4,0,0,0
33.17356634140015,4,0,0,0
33.190513610839844,4,0,0,0
33.20651984214783,4,0,0,0
33.22244668006897,4,0,0,0
33.238017082214355,4,0,0,0
33.25406265258789,4,0,0,0
33.270277976989746,4,0,0,0
33.286492347717285,4,0,0,0
33.30238151550293,4,0,0,0
33.31834292411804,4,0,0,0
33.334044218063354,4,0,0,0
33.34994101524353,4,0,0,0
33.366294860839844,4,0,0,0
33.382152795791626,4,0,0,0
33.39812207221985,4,0,0,0
33.41372108459473,4,0,0,0
33.42961931228638,4,0,0,0
33.44589304924011,4,0,0,0
33.46175575256348,4,0,0,0
33.47772407531738,4,0,0,0
33.494239807128906,4,0,0,0
33.510218143463135,4,0,0,0
33.53317189216614,4,0,0,0
33.54305362701416,4,0,0,0
33.55894660949707,4,0,0,0
33.575533628463745,4,0,0,0
33.591362953186035,4,0,0,0
33.606826066970825,4,0,0,0
33.622702836990356,4,0,0,0
33.63872933387756,4,0,0,0
33.65482258796692,4,0,0,0
33.67072892189026,4,0,0,0
33.68715047836304,4,0,0,0
33.7030394077301,4,0,0,0
33.71913933753967,4,0,0,0
33.73483681678772,4,0,0,0
33.75081276893616,4,0,0,0
33.76735877990723,4,0,0,0
33.78336191177368,4,0,0,0
33.79952597618103,4,0,0,0
33.81519603729248,4,0,0,0
33.83110857009888,4,0,0,0
33.846664905548096,4,0,0,0
33.86357665061951,4,0,0,0
33.8786940574646,4,0,0,0
33.89518642425537,4,0,0,0
33.91107130050659,4,0,0,0
33.92750549316406,4,0,0,0
33.94423246383667,4,0,0,0
33.9601035118103,4,0,0,0
33.976603507995605,4,0,0,0
33.991689682006836,4,0,0,0
34.00820302963257,4,0,0,0
34.024248123168945,4,0,0,0
34.040433168411255,4,0,0,0
34.05617380142212,4,0,0,0
34.072105884552,4,0,0,0
34.08847689628601,4,0,0,0
34.1043758392334,4,0,0,0
34.120455265045166,4,0,0,0
34.13655924797058,4,0,0,0
34.15240740776062,4,0,0,0
34.167929887771606,4,0,0,0
34.18388485908508,4,0,0,0
34.19981861114502,4,0,0,0
34.216633558273315,4,0,0,0
34.23350644111633,4,0,0,0
34.2495231628418,4,0,0,0
34.26504826545715,4,0,0,0
34.28101849555969,4,0,0,0
34.297301292419434,4,0,0,0
34.313252449035645,4,0,0,0
34.32924151420593,4,0,0,0
34.344855308532715,4,0,0,0
34.36076855659485,4,0,0,0
34.376896381378174,4,0,0,0
34.3927538394928,4,0,0,0
34.40960478782654,4,0,0,0
34.42603421211243,4,0,0,0
34.44208741188049,4,0,0,0
34.45764398574829,4,0,0,0
34.47459602355957,4,0,0,0
34.48973751068115,4,0,0,0
34.50618386268616,4,0,0,0
34.52235269546509,4,0,0,0
34.547664165496826,1,0,0,0
34.556206464767456,1,0,0,0
34.57225584983826,1,0,0,0
34.58851218223572,1,0,0,0
34.60458064079285,1,0,0,0
34.62119126319885,1,0,0,0
34.637115240097046,1,0,0,0
34.653587102890015,1,0,0,0
34.669774293899536,1,0,0,0
34.685914039611816,1,0,0,0
34.70245695114136,1,0,0,0
34.71872115135193,1,0,0,0
34.73542761802673,1,0,0,0
34.75201463699341,1,0,0,0
34.768176794052124,1,0,0,0
34.78455090522766,1,0,0,0
34.800572633743286,1,0,0,0
34.817588090896606,1,0,0,0
34.83449029922485,1,0,0,0
34.85051488876343,1,0,0,0
34.86589574813843,1,0,0,0
34.881858110427856,1,0,0,0
34.89783835411072,1,0,0,0
34.91428852081299,1,0,0,0
34.93035078048706,1,0,0,0
34.94585466384888,1,0,0,0
34.96188569068909,1,0,0,0
34.97804880142212,1,0,0,0
34.99450325965881,1,0,0,0
35.01053071022034,1,0,0,0
35.025694608688354,1,0,0,0
35.041826486587524,1,0,0,0
35.058290004730225,1,0,0,0
35.07399821281433,1,0,0,0
35.089985847473145,1,0,0,0
35.106443643569946,1,0,0,0
35.122429609298706,1,0,0,0
35.138423204422,1,0,0,0
35.154173135757446,1,0,0,0
35.17778563499451,5,1,1,0
35.18581986427307,5,1,1,0
35.20250606536865,5,1,1,0
35.21781921386719,5,1,1,0
35.23382043838501,5,1,1,0
35.25016689300537,5,1,1,0
35.266624212265015,5,1,1,0
35.28300404548645,5,0,0,0
35.29929184913635,5,0,0,0
35.31499910354614,5,0,0,0
35.33099293708801,5,0,0,0
35.34723520278931,5,0,0,0
35.36272478103638,5,0,0,0
35.3795485496521,5,0,0,0
35.39481782913208,5,0,0,0
35.41075110435486,5,0,0,0
35.427401542663574,5,0,0,0
35.443511962890625,5,0,0,0
35.4594087600708,5,0,0,0
35.47555088996887,5,0,0,0
35.49265456199646,5,0,0,0
35.50850462913513,5,0,0,0
35.524096965789795,5,0,0,0
35.54353737831116,5,0,0,0
35.559264183044434,5,0,0,0
35.575512647628784,5,0,0,0
35.59107947349548,5,0,0,0
35.6074321269989,5,0,0,0
35.62339234352112,5,0,0,0
35.63949179649353,5,0,0,0
35.65480327606201,5,0,0,0
35.671013593673706,5,0,0,0
35.687257528305054,5,0,0,0
35.70310163497925,5,0,0,0
35.71892595291138,5,0,0,0
35.73535442352295,5,0,0,0
35.75125813484192,5,0,0,0
35.76702547073364,5,0,0,0
35.783464670181274,5,0,0,0
35.79931998252869,5,0,0,0
35.815067291259766,5,0,0,0
35.831204652786255,5,0,0,0
35.846999406814575,5,0,0,0
35.86294102668762,5,0,0,0
35.878846645355225,5,0,0,0
35.89509701728821,5,0,0,0
35.91103768348694,5,0,0,0
35.92697072029114,5,0,0,0
35.94294309616089,5,0,0,0
35.95934772491455,5,0,0,0
35.974979400634766,5,0,0,0
35.991066455841064,5,0,0,0
36.007270097732544,5,0,0,0
36.023046016693115,5,0,0,0
36.039106369018555,5,0,0,0
36.05556058883667,5,0,0,0
36.07158160209656,5,0,0,0
36.08755946159363,5,0,0,0
36.10448622703552,5,0,0,0
36.12055778503418,5,0,0,0
36.1373975276947,5,0,0,0
36.15339636802673,5,0,0,0
36.169411182403564,5,0,0,0
36.19156265258789,3,0,0,0
36.20068144798279,3,0,0,0
36.21762657165527,3,0,0,0
36.2342164516449,3,0,0,0
36.250176429748535,3,0,0,0
36.265857458114624,3,0,0,0
36.28170943260193,3,0,0,0
36.297765493392944,3,0,0,0
36.31449317932129,3,0,0,0
36.33053636550903,3,0,0,0
36.34625434875488,3,0,0,0
36.36577653884888,3,0,0,0
36.38192939758301,3,0,0,0
36.39811849594116,3,0,0,0
36.41408634185791,3,0,0,0
36.430582761764526,3,0,0,0
36.44763445854187,3,0,0,0
36.463645935058594,3,0,0,0
36.47999954223633,3,0,0,0
36.49586868286133,3,0,0,0
36.51184940338135,3,0,0,0
36.527753591537476,3,0,0,0
36.54373097419739,3,0,0,0
36.560039043426514,3,0,0,0
36.57585787773132,3,0,0,0
36.59200191497803,3,0,0,0
36.60796356201172,3,0,0,0
36.62403726577759,3,0,0,0
36.639647245407104,3,0,0,0
36.656617879867554,3,0,0,0
36.672706842422485,3,0,0,0
36.6895968914032,3,0,0,0
36.7064254283905,3,0,0,0
36.722429275512695,3,0,0,0
36.738410234451294,3,0,0,0
36.75445008277893,3,0,0,0
36.77046513557434,3,0,0,0
36.7864134311676,3,0,0,0
36.80198550224304,3,0,0,0
36.81811451911926,3,0,0,0
36.834171295166016,3,0,0,0
36.8501136302948,3,0,0,0
36.866328716278076,3,0,0,0
36.88177680969238,3,0,0,0
36.898658752441406,3,0,0,0
36.91466760635376,3,0,0,0
36.93064498901367,3,0,0,0
36.947471618652344,3,0,0,0
36.9634747505188,3,0,0,0
36.97948122024536,3,0,0,0
36.99465751647949,3,0,0,0
37.0115921497345,3,0,0,0
37.028566122055054,3,0,0,0
37.0436692237854,3,0,0,0
37.06030893325806,3,0,0,0
37.07623863220215,3,0,0,0
37.09166979789734,3,0,0,0
37.107749938964844,3,0,0,0
37.12399697303772,3,0,0,0
37.140161752700806,3,0,0,0
37.15598487854004,3,0,0,0
37.17229104042053,3,0,0,0
37.203019857406616,4,0,0,0
37.21101260185242,4,0,0,0
37.22752356529236,4,0,0,0
37.24356532096863,4,0,0,0
37.25866985321045,4,0,0,0
37.27543830871582,4,0,0,0
37.290624141693115,4,0,0,0
37.30734920501709,4,0,0,0
37.32355761528015,4,0,0,0
37.33876347541809,4,0,0,0
37.355446338653564,4,0,0,0
37.37161326408386,4,0,0,0
37.38819146156311,4,0,0,0
37.404351234436035,4,0,0,0
37.419668436050415,4,0,0,0
37.43644380569458,4,0,0,0
37.45248627662659,4,0,0,0
37.468236684799194,4,0,0,0
37.48463034629822,4,0,0,0
37.50092554092407,4,0,0,0
37.51692819595337,4,0,0,0
37.53412365913391,4,0,0,0
37.55037975311279,4,0,0,0
37.56647181510925,4,0,0,0
37.58166217803955,4,0,0,0
37.598376750946045,4,0,0,0
37.61462759971619,4,0,0,0
37.63099789619446,4,0,0,0
37.646828174591064,4,0,0,0
37.66304802894592,4,0,0,0
37.67867040634155,4,0,0,0
37.69487380981445,4,0,0,0
37.711329221725464,4,0,0,0
37.7272789478302,4,0,0,0
37.74336576461792,4,0,0,0
37.75893235206604,4,0,0,0
37.776124715805054,4,0,0,0
37.79236650466919,4,0,0,0
37.80838322639465,4,0,0,0
37.824514389038086,4,0,0,0
37.84036040306091,4,0,0,0
37.85664510726929,4,0,0,0
37.87278771400452,4,0,0,0
37.888734340667725,4,0,0,0
37.904820919036865,4,0,0,0
37.92068552970886,4,0,0,0
37.937264919281006,4,0,0,0
37.95369052886963,4,0,0,0
37.97041392326355,4,0,0,0
37.989962100982666,4,0,0,0
38.00663924217224,4,0,0,0
38.023425579071045,4,0,0,0
38.038719177246094,4,0,0,0
38.05523467063904,4,0,0,0
38.07207727432251,4,0,0,0
38.08834934234619,4,0,0,0
38.10446524620056,4,0,0,0
38.12059926986694,4,0,0,0
38.135870933532715,4,0,0,0
38.15233302116394,4,0,0,0
38.16923499107361,4,0,0,0
38.18486714363098,4,0,0,0
38.207191467285156,3,0,0,0
38.21737504005432,3,0,0,0
38.233102560043335,3,0,0,0
38.24944353103638,3,0,0,0
38.26515579223633,3,0,0,0
38.281256914138794,3,0,0,0
38.29739022254944,3,0,0,0
38.31324076652527,3,0,0,0
38.32929539680481,3,0,0,0
38.344839572906494,3,0,0,0
38.360870122909546,3,0,0,0
38.376986026763916,3,0,0,0
38.393598556518555,3,0,0,0
38.410566329956055,3,0,0,0
38.42680859565735,3,0,0,0
38.442949056625366,3,0,0,0
38.45906925201416,3,0,0,0
38.47481441497803,3,0,0,0
38.4908983707428,3,0,0,0
38.50704646110535,3,0,0,0
38.52313184738159,3,0,0,0
38.54032015800476,3,0,0,0
38.55659055709839,3,0,0,0
38.573562145233154,3,0,0,0
38.58867573738098,3,0,0,0
38.60521364212036,3,0,0,0
38.62129545211792,3,0,0,0
38.63697695732117,3,0,0,0
38.6530818939209,3,0,0,0
38.66936016082764,3,0,0,0
38.68474268913269,3,0,0,0
38.700883626937866,3,0,0,0
38.71679353713989,3,0,0,0
38.73626518249512,3,0,0,0
38.752519845962524,3,0,0,0
38.768375873565674,3,0,0,0
38.78377914428711,3,0,0,0
38.799755334854126,3,0,0,0
38.816309690475464,3,0,0,0
38.83242201805115,3,0,0,0
38.848280906677246,3,0,0,0
38.86430764198303,3,0,0,0
38.87991642951965,3,0,0,0
38.895910024642944,3,0,0,0
38.91199254989624,3,0,0,0
38.927871227264404,3,0,0,0
38.943838596343994,3,0,0,0
38.96039438247681,3,0,0,0
38.9763286113739,3,0,0,0
38.992351055145264,3,0,0,0
39.00820755958557,3,0,0,0
39.024033069610596,3,0,0,0
39.04053068161011,3,0,0,0
39.05657935142517,3,0,0,0
39.0720272064209,3,0,0,0
39.08789277076721,3,0,0,0
39.103883028030396,3,0,0,0
39.12045431137085,3,0,0,0
39.136457681655884,3,0,0,0
39.15161633491516,3,0,0,0
39.168330907821655,3,0,0,0
39.18428993225098,3,0,0,0
39.1997492313385,3,0,0,0
39.2216100692749,3,0,0,0
39.23257350921631,3,0,0,0
39.249396324157715,3,0,0,0
39.265257596969604,3,0,0,0
39.28072190284729,3,0,0,0
39.29766774177551,3,0,0,0
39.313838958740234,3,0,0,0
39.330395221710205,3,0,0,0
39.346333742141724,3,0,0,0
39.362425804138184,3,0,0,0
39.37812066078186,3,0,0,0
39.394028425216675,3,0,0,0
39.4105064868927,3,0,0,0
39.42576789855957,3,0,0,0
39.441787242889404,3,0,0,0
39.45844340324402,3,0,0,0
39.47434902191162,3,0,0,0
39.4898681640625,3,0,0,0
39.50574326515198,3,0,0,0
39.521815061569214,3,0,0,0
39.539243936538696,3,0,0,0
39.55543541908264,3,0,0,0
39.57128024101257,3,0,0,0
39.58797740936279,3,0,0,0
39.60404896736145,3,0,0,0
39.62020254135132,3,0,0,0
39.636213064193726,3,0,0,0
39.65237832069397,3,0,0,0
39.66838765144348,3,0,0,0
39.6840546131134,3,0,0,0
39.699912786483765,3,0,0,0
39.715697288513184,3,0,0,0
39.731684923172,3,0,0,0
39.748555421829224,3,0,0,0
39.76447868347168,3,0,0,0
39.78007197380066,3,0,0,0
39.79609560966492,3,0,0,0
39.81245279312134,3,0,0,0
39.82849049568176,3,0,0,0
39.84454107284546,3,0,0,0
39.85997438430786,3,0,0,0
39.8761088848114,3,0,0,0
39.89248561859131,3,0,0,0
39.90818810462952,3,0,0,0
39.923290491104126,3,0,0,0
39.939197063446045,3,0,0,0
39.95521330833435,3,0,0,0
39.97161531448364,3,0,0,0
39.98817729949951,3,0,0,0
40.00402808189392,3,0,0,0
40.02058005332947,3,0,0,0
40.03748106956482,3,0,0,0
40.05336284637451,3,0,0,0
40.06914234161377,3,0,0,0
40.08463716506958,3,0,0,0
40.10111665725708,3,0,0,0
40.11698293685913,3,0,0,0
40.132906675338745,3,0,0,0
40.14881992340088,3,0,0,0
40.16560125350952,3,0,0,0
40.181875228881836,3,0,0,0
40.197795152664185,3,0,0,0
40.21373534202576,3,0,0,0
40.235384941101074,3,0,0,0
40.246376514434814,3,0,0,0
40.26178050041199,3,0,0,0
40.27858114242554,3,0,0,0
40.295607566833496,3,0,0,0
40.311829566955566,3,0,0,0
40.327754974365234,3,0,0,0
40.34402513504028,3,0,0,0
40.360655546188354,3,0,0,0
40.37735962867737,3,0,0,0
40.3931999206543,3,0,0,0
40.41093850135803,3,0,0,0
40.42717528343201,3,0,0,0
40.443264961242676,3,0,0,0
40.459144592285156,3,0,0,0
40.475539207458496,3,0,0,0
40.49159288406372,3,0,0,0
40.50668287277222,3,0,0,0
40.52362132072449,3,0,0,0
40.540810346603394,3,0,0,0
40.556803941726685,3,0,0,0
40.57350254058838,3,0,0,0
40.58938694000244,3,0,0,0
40.60477662086487,3,0,0,0
40.62072563171387,3,0,0,0
40.636653661727905,3,0,0,0
40.65337109565735,3,0,0,0
40.66918706893921,3,0,0,0
40.68557906150818,3,0,0,0
40.70245695114136,3,0,0,0
40.71853494644165,3,0,0,0
40.73440909385681,3,0,0,0
40.750409841537476,3,0,0,0
40.765891790390015,3,0,0,0
40.78188729286194,3,0,0,0
40.79812455177307,3,0,0,0
40.81401586532593,3,0,0,0
40.83005166053772,3,0,0,0
40.84575653076172,3,0,0,0
40.861677408218384,3,0,0,0
40.877737283706665,3,0,0,0
40.89376711845398,3,0,0,0
40.909693479537964,3,0,0,0
40.92512536048889,3,0,0,0
40.94096255302429,3,0,0,0
40.95691776275635,3,0,0,0
40.97285771369934,3,0,0,0
40.98865580558777,3,0,0,0
41.005016803741455,3,0,0,0
41.02084183692932,3,0,0,0
41.036741971969604,3,0,0,0
41.05277395248413,3,0,0,0
41.069597244262695,3,0,0,0
41.08615255355835,3,0,0,0
41.102248430252075,3,0,0,0
41.118542194366455,3,0,0,0
41.134072065353394,3,0,0,0
41.15008020401001,3,0,0,0
41.16655468940735,3,0,0,0
41.182297468185425,3,0,0,0
41.19815158843994,3,0,0,0
41.21460223197937,3,0,0,0
41.238999128341675,4,0,0,0
41.246872663497925,4,0,0,0
41.262720823287964,4,0,0,0
41.278716802597046,4,0,0,0
41.29522228240967,4,0,0,0
41.31118631362915,4,0,0,0
41.32722520828247,4,0,0,0
41.34304332733154,4,0,0,0
41.358959436416626,4,0,0,0
41.37548065185547,4,0,0,0
41.3914475440979,4,0,0,0
41.40742301940918,4,0,0,0
41.42329549789429,4,0,0,0
41.4391303062439,4,0,0,0
41.45469045639038,4,0,0,0
41.47155809402466,4,0,0,0
41.48747396469116,4,0,0,0
41.50331950187683,4,0,0,0
41.51916694641113,4,0,0,0
41.53640866279602,4,0,0,0
41.55242848396301,4,0,0,0
41.568456411361694,4,0,0,0
41.584394216537476,4,0,0,0
41.59971618652344,4,0,0,0
41.61617994308472,4,0,0,0
41.63216519355774,4,0,0,0
41.64840745925903,4,0,0,0
41.663947105407715,4,1,0,1
41.67996144294739,4,1,0,1
41.69565987586975,4,1,0,1
41.711655139923096,4,1,0,1
41.728243589401245,4,1,0,1
41.744163274765015,4,1,0,1
41.76017618179321,4,1,0,1
41.77619504928589,4,0,0,1
41.79206824302673,4,0,0,1
41.80851459503174,4,0,0,1
41.82460570335388,4,0,0,1
41.84073829650879,4,0,0,1
41.8568115234375,4,0,0,1
41.87284326553345,4,0,0,1
41.889477491378784,4,0,0,1
41.905397176742554,4,0,0,1
41.92146134376526,4,0,0,1
41.937440633773804,4,0,0,1
41.95301532745361,4,0,0,1
41.96929383277893,4,0,0,1
41.985676765441895,4,0,0,1
42.00087022781372,4,0,0,1
42.01776051521301,4,0,0,1
42.03432655334473,4,0,0,1
42.050296783447266,4,0,0,1
42.06667160987854,4,0,0,1
42.08177137374878,4,0,0,1
42.09787034988403,4,0,0,1
42.114402294158936,4,0,0,1
42.13046932220459,4,0,0,1
42.14585781097412,4,0,0,1
42.16227102279663,4,0,0,1
42.178237438201904,4,0,0,1
42.19450306892395,4,0,0,1
42.21030640602112,4,0,0,1
42.22668790817261,4,0,0,1
42.24327826499939,4,0,0,1
42.25892996788025,4,0,0,1
42.27522397041321,4,0,0,1
42.29118061065674,4,0,0,1
42.307292222976685,4,0,0,1
42.32291340827942,4,0,0,1
42.33964705467224,4,0,0,1
42.35500717163086,4,0,0,1
42.37087678909302,4,0,0,1
42.38724637031555,4,0,0,1
42.40292239189148,4,0,0,1
42.418984174728394,4,0,0,1
42.435219526290894,4,0,0,1
42.45111131668091,4,0,0,1
42.46772503852844,4,0,0,1
42.484338998794556,4,0,0,1
42.50014543533325,4,0,0,1
42.516608476638794,4,0,0,1
42.53258514404297,4,0,0,1
42.54858899116516,4,0,0,1
42.56404113769531,4,0,0,1
42.58002209663391,4,0,0,1
42.596296548843384,4,0,0,1
42.612215757369995,4,0,0,1
42.6287202835083,4,0,0,1
42.645594358444214,4,0,0,1
42.66140937805176,4,0,0,1
42.67748045921326,4,0,0,1
42.693480253219604,4,0,0,1
42.70943737030029,4,0,0,1
42.72471809387207,4,0,0,1
42.741440534591675,4,0,0,1
42.75769877433777,4,0,0,1
42.773372173309326,4,0,0,1
42.78949427604675,4,0,0,1
42.80567121505737,4,0,0,1
42.821006536483765,4,0,0,1
42.83709478378296,4,0,0,1
42.85367298126221,4,0,0,1
42.87056803703308,4,0,0,1
42.88572955131531,4,0,0,1
42.90200972557068,4,0,0,1
42.91823983192444,4,0,0,1
42.93386793136597,4,0,0,1
42.950496196746826,4,0,0,1
42.965935945510864,4,0,0,1
42.98272967338562,4,0,0,1
42.998971700668335,4,0,0,1
43.01572871208191,4,0,0,1
43.03205847740173,4,0,0,1
43.04826092720032,4,0,0,1
43.06469464302063,4,0,0,1
43.0808527469635,4,0,0,1
43.097270250320435,4,0,0,1
43.113160610198975,4,0,0,1
43.12888050079346,4,0,0,1
43.14493703842163,4,0,0,1
43.161001443862915,4,0,0,1
43.17747354507446,4,0,0,1
43.19288921356201,4,0,0,1
43.20897126197815,4,0,0,1
43.224772453308105,4,0,0,1
43.24162316322327,4,0,0,1
43.257113456726074,4,0,0,1
43.27358293533325,4,0,0,1
43.28884410858154,4,0,0,1
43.30490040779114,4,0,0,1
43.32103371620178,4,0,0,1
43.337374210357666,4,0,0,1
43.35340404510498,4,0,0,1
43.369595527648926,4,0,0,1
43.385196924209595,4,0,0,1
43.40120530128479,4,0,0,1
43.41734528541565,4,0,0,1
43.43354034423828,4,0,0,1
43.44877505302429,4,0,0,1
43.46548271179199,4,0,0,1
43.481427907943726,4,0,0,1
43.49769449234009,4,0,0,1
43.5135862827301,4,0,0,1
43.52881217002869,4,0,0,1
43.54514527320862,4,0,0,1
43.56110453605652,4,0,0,1
43.57741045951843,4,0,0,1
43.59335279464722,4,0,0,1
43.60955047607422,4,0,0,1
43.62492322921753,4,0,0,1
43.641117572784424,4,0,0,1
43.657039403915405,4,0,0,1
43.67355275154114,4,0,0,0
43.70212411880493,5,0,0,0
43.71658444404602,5,0,0,0
43.73245048522949,5,0,0,0
43.748538970947266,5,0,0,0
43.76436758041382,5,0,0,0
43.77973508834839,5,0,0,0
43.79662203788757,5,0,0,0
43.81354212760925,5,0,0,0
43.8289840221405,5,0,0,0
43.844836711883545,5,0,0,0
43.860909938812256,5,0,0,0
43.87670826911926,5,0,0,0
43.892680644989014,5,0,0,0
43.90894174575806,5,0,0,0
43.92376708984375,5,0,0,0
43.94025945663452,5,0,0,0
43.95616269111633,5,0,0,0
43.972135066986084,5,0,0,0
43.9882128238678,5,0,0,0
44.00404119491577,5,0,0,0
44.0204803943634,5,0,0,0
44.036426067352295,5,0,0,0
44.052547216415405,5,0,0,0
44.068527936935425,5,0,0,0
44.08442664146423,5,0,0,0
44.099777936935425,5,0,0,0
44.11577916145325,5,0,0,0
44.131855726242065,5,0,0,0
44.1485378742218,5,0,0,0
44.16444683074951,5,0,0,0
44.180546045303345,5,0,0,0
44.1974139213562,5,0,0,0
44.21337103843689,5,0,0,0
44.22878646850586,5,0,0,0
44.245654821395874,5,0,0,0
44.261629581451416,5,0,0,0
44.2783477306366,5,0,0,0
44.29420876502991,5,0,0,0
44.30975103378296,5,0,0,0
44.32664895057678,5,0,0,0
44.34268116950989,5,0,0,0
44.359626054763794,5,0,0,0
44.376373529434204,5,0,0,0
44.391757011413574,5,0,0,0
44.40859508514404,5,0,0,0
44.42554569244385,5,0,0,0
44.44234371185303,5,0,0,0
44.45861530303955,5,0,0,0
44.473684787750244,5,0,0,0
44.49053478240967,5,0,0,0
44.506165981292725,5,0,0,0
44.52256894111633,5,0,0,0
44.54117131233215,5,0,0,0
44.557157039642334,5,0,0,0
44.57273459434509,5,0,0,0
44.58884024620056,5,0,0,0
44.60488963127136,5,0,0,0
44.620946645736694,5,0,0,0
44.63693571090698,5,0,0,0
44.653290033340454,5,0,0,0
44.66963052749634,5,0,0,0
44.686418533325195,5,0,0,0
44.708984375,5,0,0,0
44.7181191444397,5,0,0,0
44.73366856575012,5,0,0,0
44.750598192214966,5,0,0,0
44.76660227775574,5,0,0,0
44.783538818359375,5,0,0,0
44.79914450645447,5,0,0,0
44.815465450286865,5,0,0,0
44.83131194114685,5,0,0,0
44.846970319747925,5,0,0,0
44.8629937171936,5,0,0,0
44.878857135772705,5,0,0,0
44.89501881599426,5,0,0,0
44.9109787940979,5,0,0,0
44.926841020584106,5,0,0,0
44.94305109977722,5,0,0,0
44.958895444869995,5,0,0,0
44.975019216537476,5,0,0,0
44.990978956222534,5,0,0,0
45.00686478614807,5,0,0,0
45.02296996116638,5,0,0,0
45.03891110420227,5,0,0,0
45.05477714538574,5,0,0,0
45.07096767425537,5,0,0,0
45.087005615234375,5,0,0,0
45.103100299835205,5,0,0,0
45.11937165260315,5,0,0,0
45.135178565979004,5,0,0,0
45.15137791633606,5,0,0,0
45.167598485946655,5,0,0,0
45.18429517745972,5,0,0,0
45.19978475570679,5,0,0,0
45.21626329421997,5,0,0,0
45.231871604919434,5,0,0,0
45.24819827079773,5,0,0,0
45.26469564437866,5,0,0,0
45.28426003456116,5,0,0,0
45.30025291442871,5,0,0,0
45.316123962402344,5,0,0,0
45.33230662345886,5,0,0,0
45.3483464717865,5,0,0,0
45.36455535888672,5,0,0,0
45.37980651855469,5,0,0,0
45.39645791053772,5,0,0,0
45.412495851516724,5,0,0,0
45.42770957946777,5,0,0,0
45.44381380081177,5,0,0,0
45.460293769836426,5,0,0,0
45.47571158409119,5,0,0,0
45.491634130477905,5,0,0,0
45.50814771652222,5,0,0,0
45.52412128448486,5,0,0,0
45.54130554199219,5,0,0,0
45.55711364746094,5,0,0,0
45.57311677932739,5,0,0,0
45.589372873306274,5,0,0,0
45.60514688491821,5,0,0,0
45.62144351005554,5,0,0,0
45.63715744018555,5,0,0,0
45.653263092041016,5,0,0,0
45.66871380805969,5,0,0,0
45.685460567474365,5,0,0,0
45.70133852958679,5,0,0,0
45.7227840423584,3,0,0,0
45.734952211380005,3,0,0,0
45.75096082687378,3,0,0,0
45.7671115398407,3,0,0,0
45.783286571502686,3,0,0,0
45.79896402359009,3,0,0,0
45.81503915786743,3,0,0,0
45.8312246799469,3,0,0,0
45.84717416763306,3,0,0,0
45.863362312316895,3,0,0,0
45.879128217697144,3,0,0,0
45.89513874053955,3,0,0,0
45.91136431694031,3,0,0,0
45.92720580101013,3,0,0,0
45.94315266609192,3,0,0,0
45.95896601676941,3,0,0,0
45.975085973739624,3,0,0,0
45.99122166633606,3,0,0,0
46.00757098197937,3,0,0,0
46.02345561981201,3,0,0,0
46.03907608985901,3,0,0,0
46.0549738407135,3,0,0,0
46.07110619544983,3,0,0,0
46.08685350418091,3,0,0,0
46.10318994522095,3,0,0,0
46.118961811065674,3,0,0,0
46.13665437698364,3,0,0,0
46.153005599975586,3,0,0,0
46.169416666030884,3,0,0,0
46.18464374542236,3,0,0,0
46.200682401657104,3,0,0,0
46.21739935874939,3,0,0,0
46.233174085617065,3,0,0,0
46.248650550842285,3,0,0,0
46.26547956466675,3,0,0,0
46.28081130981445,3,0,0,0
46.29759955406189,3,0,0,0
46.31377148628235,3,0,0,0
46.33003330230713,3,0,0,0
46.34622049331665,3,0,0,0
46.36237168312073,3,0,0,0
46.37844753265381,3,0,0,0
46.393638134002686,3,0,0,0
46.410266399383545,3,0,0,0
46.42643094062805,3,0,0,0
46.44181418418884,3,0,0,0
46.45780563354492,3,0,0,0
46.473856925964355,3,0,0,0
46.48977303504944,3,0,0,0
46.50589728355408,3,0,0,0
46.522454500198364,3,0,0,0
46.5394868850708,3,0,0,0
46.55473566055298,3,0,0,0
46.571056842803955,3,0,0,0
46.58734607696533,3,0,0,0
46.60270881652832,3,0,0,0
46.61871886253357,3,0,0,0
46.63481044769287,3,0,0,0
46.65161395072937,3,0,0,0
46.66786026954651,3,0,0,0
46.68419575691223,3,0,0,0
46.700286865234375,3,0,0,0
46.72562623023987,2,0,0,0
46.73397159576416,2,0,0,0
46.74987554550171,2,0,0,0
46.76628088951111,2,0,0,0
46.781785011291504,2,0,0,0
46.79809021949768,2,0,0,0
46.814181089401245,2,0,0,0
46.83024549484253,2,0,0,0
46.84650230407715,2,0,0,0
46.86192321777344,2,0,0,0
46.87787675857544,2,0,0,0
46.893709659576416,2,0,0,0
46.9106867313385,2,0,0,0
46.9272575378418,2,0,0,0
46.94291019439697,2,0,0,0
46.95889735221863,2,0,0,0
46.97488808631897,2,0,0,0
46.99117302894592,2,0,0,0
47.007590770721436,2,0,0,0
47.02418065071106,2,0,0,0
47.04039740562439,2,0,0,0
47.05636143684387,2,0,0,0
47.07260227203369,2,0,0,0
47.08810615539551,2,0,0,0
47.103806257247925,2,0,0,0
47.12022304534912,2,0,0,0
47.136252641677856,2,0,0,0
47.15166735649109,2,0,0,0
47.168179988861084,2,0,0,0
47.18405795097351,2,0,0,0
47.20030474662781,2,0,0,0
47.216142416000366,2,0,0,0
47.23246097564697,2,0,0,0
47.24781084060669,2,0,0,0
47.26462244987488,2,0,0,0
47.28081464767456,2,0,0,0
47.29667139053345,2,0,0,0
47.31294512748718,2,0,0,0
47.329585552215576,2,0,0,0
47.34657621383667,2,0,0,0
47.3628613948822,2,0,0,0
47.37868332862854,2,0,0,0
47.394978046417236,2,0,0,0
47.41136884689331,2,0,0,0
47.42699432373047,2,0,0,0
47.44318604469299,2,0,0,0
47.4586546421051,2,0,0,0
47.47518754005432,2,0,0,0
47.49063801765442,2,0,0,0
47.506725788116455,2,0,0,0
47.5228168964386,2,0,0,0
47.54042458534241,2,0,0,0
47.55620217323303,2,0,0,0
47.57245922088623,2,0,0,0
47.58854079246521,2,0,0,0
47.60374116897583,2,0,0,0
47.62028479576111,2,0,0,0
47.636364221572876,2,0,0,0
47.652480602264404,2,0,0,0
47.66827964782715,2,0,0,0
47.687856674194336,2,0,0,0
47.70434355735779,2,0,0,0
47.732667207717896,5,0,0,0
47.748180627822876,5,0,0,0
47.7679123878479,5,0,0,0
47.783939361572266,5,0,0,0
47.80011463165283,5,0,0,0
47.816221714019775,5,0,0,0
47.8317449092865,5,0,0,0
47.847745180130005,5,0,0,0
47.864535331726074,5,0,0,0
47.879741191864014,5,0,0,0
47.89597296714783,5,0,0,0
47.91208028793335,5,0,0,0
47.92811846733093,5,0,0,0
47.94390296936035,5,0,0,0
47.96009922027588,5,0,0,0
47.97628998756409,5,0,0,0
47.992533445358276,5,0,0,0
48.00850868225098,5,0,0,0
48.023698806762695,5,0,0,0
48.039825677871704,5,0,0,0
48.055914640426636,5,0,0,0
48.07218098640442,5,0,0,0
48.08844828605652,5,0,0,0
48.10362887382507,5,0,0,0
48.11980867385864,5,0,0,0
48.13589930534363,5,0,0,0
48.152514696121216,5,0,0,0
48.1686315536499,5,0,0,0
48.184842348098755,5,0,0,0
48.200847864151,5,0,0,0
48.21693229675293,5,0,0,0
48.23287343978882,5,0,0,0
48.248900175094604,5,0,0,0
48.265058517456055,5,0,0,0
48.281198263168335,5,0,0,0
48.29710912704468,5,0,0,0
48.31271719932556,5,0,0,0
48.32868432998657,5,0,0,0
48.344818353652954,5,0,0,0
48.360838413238525,5,0,0,0
48.376747846603394,5,0,0,0
48.393022775650024,5,0,0,0
48.40908193588257,5,0,0,0
48.42517352104187,5,0,0,0
48.44130992889404,5,0,0,0
48.45734429359436,5,0,0,0
48.473060846328735,5,0,0,0
48.49038648605347,5,0,0,0
48.50649881362915,5,0,0,0
48.52232623100281,5,0,0,0
48.53948259353638,5,0,0,0
48.5551552772522,5,0,0,0
48.57106876373291,5,0,0,0
48.58741307258606,5,0,0,0
48.60295057296753,5,0,0,0
48.61889576911926,5,0,0,0
48.635133266448975,5,0,0,0
48.65089726448059,5,0,0,0
48.66690969467163,5,0,0,0
48.683440923690796,5,0,0,0
48.69950795173645,5,0,0,0
48.714683294296265,5,0,0,0
48.73874759674072,2,0,0,0
48.74684119224548,2,0,0,0
48.76338219642639,2,0,0,0
48.77948331832886,2,0,0,0
48.79480957984924,2,0,0,0
48.8109130859375,2,0,0,0
48.826940298080444,2,0,0,0
48.84341883659363,2,0,0,0
48.859458923339844,2,0,0,0
48.87556529045105,2,0,0,0
48.892415285110474,2,0,0,0
48.908509969711304,2,0,0,0
48.92327094078064,2,0,0,0
48.93964719772339,2,0,0,0
48.955827713012695,2,0,0,0
48.97164487838745,2,0,0,0
48.987704277038574,2,0,0,0
49.004605293273926,2,0,0,0
49.02162194252014,2,0,0,0
49.03773093223572,2,0,0,0
49.05459976196289,2,0,0,0
49.07073998451233,2,0,0,0
49.08747100830078,2,0,0,0
49.1036262512207,2,0,0,0
49.11981415748596,2,0,0,0
49.1359498500824,2,0,0,0
49.15182137489319,2,0,0,0
49.16807794570923,2,0,0,0
49.18386769294739,2,0,0,0
49.19974899291992,2,0,0,0
49.21644568443298,2,0,0,0
49.23222780227661,2,0,0,0
49.248058557510376,2,0,0,0
49.263835191726685,2,0,0,0
49.27974271774292,2,0,0,0
49.29660511016846,2,0,0,0
49.31252670288086,2,0,0,0
49.328657388687134,2,0,0,0
49.34580087661743,2,0,0,0
49.361698389053345,2,0,0,0
49.37814950942993,2,0,0,0
49.3937554359436,2,0,0,0
49.41010546684265,2,0,0,0
49.42569327354431,2,0,0,0
49.44198131561279,2,0,0,0
49.458575963974,2,0,0,0
49.473862648010254,2,0,0,0
49.49036502838135,2,0,0,0
49.50610065460205,2,0,0,0
49.52239441871643,2,0,0,0
49.53920650482178,2,0,0,0
49.55552911758423,2,0,0,0
49.57087540626526,2,0,0,0
49.587668895721436,2,0,0,0
49.60593247413635,2,0,0,0
49.622478008270264,2,0,0,0
49.63844537734985,2,0,0,0
49.654383420944214,2,0,0,0
49.66973853111267,2,0,0,0
49.686580657958984,2,0,0,0
49.7025146484375,2,0,0,0
49.718223094940186,2,0,0,0
49.742695331573486,1,0,0,0
49.75082778930664,1,0,0,0
49.767579317092896,1,0,0,0
49.78279638290405,1,0,0,0
49.79947876930237,1,0,0,0
49.81546139717102,1,0,0,0
49.831393241882324,1,0,0,0
49.84749627113342,1,0,0,0
49.8627815246582,1,0,0,0
49.87869954109192,1,0,0,0
49.895036697387695,1,0,0,0
49.91107225418091,1,0,0,0
49.92690110206604,1,0,0,0
49.94279623031616,1,0,0,0
49.959609031677246,1,0,0,0
49.97640776634216,1,0,0,0
49.992026805877686,1,0,0,0
50.00785493850708,1,0,0,0
50.02406048774719,1,0,0,0
50.03995966911316,1,0,0,0
50.05577993392944,1,0,0,0
50.072428703308105,1,0,0,0
50.088401556015015,1,0,0,0
50.103825092315674,1,0,0,0
50.12336802482605,1,0,0,0
50.138946294784546,1,0,0,0
50.15506601333618,1,0,0,0
50.17077445983887,1,0,0,0
50.200937271118164,1,1,1,0
50.20874381065369,1,1,1,0
50.22560214996338,1,1,1,0
50.242406368255615,1,1,1,0
50.25794863700867,1,1,1,0
50.27373790740967,1,1,1,0
50.28986573219299,1,1,1,0
50.3058443069458,1,1,1,0
50.32172250747681,1,1,1,0
50.33818554878235,1,1,1,0
50.354578733444214,1,0,0,0
50.37049865722656,1,0,0,0
50.386539459228516,1,0,0,0
50.401907444000244,1,0,0,0
50.41766810417175,1,0,0,0
50.43374752998352,1,0,0,0
50.45046830177307,1,0,0,0
50.46663808822632,1,0,0,0
50.48300123214722,1,0,0,0
50.49882459640503,1,0,0,0
50.51509952545166,1,0,0,0
50.5307993888855,1,0,0,0
50.54685735702515,1,0,0,0
50.56318926811218,1,0,0,0
50.57906889915466,1,0,0,0
50.59509563446045,1,0,0,0
50.61087918281555,1,0,0,0
50.626949310302734,1,0,0,0
50.64337682723999,1,0,0,0
50.659523010253906,1,0,0,0
50.67495346069336,1,0,0,0
50.690704584121704,1,0,0,0
50.70690155029297,1,0,0,0
50.72329545021057,1,0,0,0
50.73931670188904,1,0,0,0
50.75540542602539,1,0,0,0
50.77112913131714,1,0,0,0
50.7872428894043,1,0,0,0
50.803452014923096,1,0,0,0
50.81874895095825,1,0,0,0
50.83478355407715,1,0,0,0
50.85147142410278,1,0,0,0
50.86755895614624,1,0,0,0
50.88281607627869,1,0,0,0
50.89910554885864,1,0,0,0
50.93347930908203,5,1,1,0
50.94814443588257,5,1,1,0
50.964094400405884,5,1,1,0
50.979918479919434,5,1,1,0
50.99708414077759,5,1,1,0
51.01358699798584,5,1,1,0
51.03052115440369,5,0,0,0
51.04634475708008,5,0,0,0
51.062063217163086,5,0,0,0
51.077943325042725,5,0,0,0
51.09385800361633,5,0,0,0
51.10979437828064,5,0,0,0
51.12613248825073,5,0,0,0
51.1424674987793,5,0,0,0
51.158326387405396,5,0,0,0
51.174431562423706,5,0,0,0
51.19011569023132,5,0,0,0
51.2061653137207,5,0,0,0
51.222293853759766,5,0,0,0
51.2382116317749,5,0,0,0
51.25446319580078,5,0,0,0
51.27038812637329,5,0,0,0
51.28624629974365,5,0,0,0
51.30207324028015,5,0,0,0
51.3177592754364,5,0,0,0
51.33366847038269,5,0,0,0
51.35008001327515,5,0,0,0
51.366663217544556,5,0,0,0
51.38309693336487,5,0,0,0
51.398770809173584,5,0,0,0
51.41506266593933,5,0,0,0
51.43093776702881,5,0,0,0
51.447107553482056,5,0,0,0
51.463446378707886,5,0,0,0
51.47922325134277,5,0,0,0
51.49530792236328,5,0,0,0
51.5110137462616,5,0,0,0
51.52713966369629,5,0,0,0
51.5434148311615,5,0,0,0
51.559351205825806,5,0,0,0
51.575459241867065,5,0,0,0
51.591309547424316,5,0,0,0
51.607563734054565,5,0,0,0
51.62312436103821,5,0,0,0
51.6391396522522,5,0,0,0
51.65532732009888,5,0,0,0
51.67134070396423,5,0,0,0
51.68762969970703,5,0,0,0
51.70307970046997,5,0,0,0
51.71951723098755,5,0,0,0
51.73609137535095,5,0,0,0
51.75914001464844,5,0,0,0
51.77563810348511,5,0,0,0
51.79177236557007,5,0,0,0
51.80814599990845,5,0,0,0
51.824069023132324,5,0,0,0
51.84016680717468,5,0,0,0
51.856529235839844,5,0,0,0
51.87252593040466,5,0,0,0
51.88773989677429,5,0,0,0
51.90432953834534,5,0,0,0
51.91949725151062,5,0,0,0
51.941150426864624,3,0,0,0
51.95146036148071,3,0,0,0
51.96712136268616,3,0,0,0
51.983389139175415,3,0,0,0
51.99865531921387,3,0,0,0
52.01545691490173,3,0,0,0
52.030919790267944,3,0,0,0
52.047152280807495,3,0,0,0
52.06268358230591,3,0,0,0
52.079164028167725,3,0,0,0
52.09472727775574,3,0,0,0
52.11082220077515,3,0,0,0
52.12736392021179,3,0,0,0
52.1432626247406,3,0,0,0
52.15949296951294,3,0,0,0
52.175437450408936,3,0,0,0
52.19078779220581,3,0,0,0
52.207120418548584,3,0,0,0
52.222816944122314,3,0,0,0
52.238985776901245,3,0,0,0
52.25474739074707,3,0,0,0
52.27088022232056,3,0,0,0
52.287336587905884,3,0,0,0
52.30298209190369,3,0,0,0
52.31909441947937,3,0,0,0
52.33518195152283,3,0,0,0
52.351372480392456,3,0,0,0
52.367589235305786,3,0,0,0
52.38432455062866,3,0,0,0
52.40050745010376,3,0,0,0
52.41632342338562,3,0,0,0
52.43171763420105,3,0,0,0
52.44806957244873,3,0,0,0
52.46377491950989,3,0,0,0
52.48001575469971,3,0,0,0
52.4963743686676,3,0,0,0
52.512457609176636,3,0,0,0
52.529611587524414,3,0,0,0
52.54662299156189,3,0,0,0
52.56535482406616,3,0,0,0
52.58134317398071,3,0,0,0
52.597596406936646,3,0,0,0
52.61346077919006,3,0,0,0
52.6294949054718,3,0,0,0
52.644715547561646,3,0,0,0
52.66093444824219,3,0,0,0
52.67681956291199,3,0,0,0
52.69312882423401,3,0,0,0
52.70882749557495,3,0,0,0
52.725120544433594,3,0,0,0
52.74154496192932,3,0,0,0
52.757396936416626,3,0,0,0
52.77355074882507,3,0,0,0
52.78934979438782,3,0,0,0
52.805469036102295,3,0,0,0
52.820735692977905,3,0,0,0
52.83678579330444,3,0,0,0
52.852877378463745,3,0,0,0
52.86958980560303,3,0,0,0
52.88581657409668,3,0,0,0
52.902106523513794,3,0,0,0
52.91700291633606,3,0,0,0
52.933366537094116,3,0,0,0
52.95826697349548,1,0,0,0
52.96709966659546,1,0,0,0
52.98339366912842,1,0,0,0
52.99923610687256,1,0,0,0
53.01554751396179,1,0,0,0
53.03157830238342,1,0,0,0
53.04768085479736,1,0,0,0
53.06395649909973,1,0,0,0
53.08063864707947,1,0,0,0
53.09689807891846,1,0,0,0
53.11272048950195,1,0,0,0
53.12891411781311,1,0,0,0
53.145163774490356,1,0,0,0
53.16083097457886,1,0,0,0
53.17678713798523,1,0,0,0
53.19353270530701,1,0,0,0
53.20955991744995,1,0,0,0
53.22560477256775,1,0,0,0
53.241989612579346,1,0,0,0
53.25793743133545,1,0,0,0
53.27447009086609,1,0,0,0
53.28971719741821,1,0,0,0
53.30579853057861,1,0,0,0
53.32230186462402,1,0,0,0
53.33780646324158,1,0,0,0
53.35386776924133,1,0,0,0
53.37026238441467,1,0,0,0
53.386544704437256,1,0,0,0
53.40238094329834,1,0,0,0
53.41834616661072,1,0,0,0
53.433833360672,1,0,0,0
53.449934244155884,1,0,0,0
53.47386050224304,4,1,1,0
53.48233389854431,4,1,1,0
53.49909472465515,4,1,1,0
53.515442848205566,4,1,1,0
53.53274345397949,4,1,1,0
53.547685384750366,4,1,1,0
53.56429386138916,4,1,1,0
53.580236196517944,4,1,1,0
53.59581208229065,4,0,0,0
53.611775636672974,4,0,0,0
53.62773323059082,4,0,0,0
53.643768310546875,4,0,0,0
53.65981984138489,4,0,0,0
53.67645335197449,4,0,0,0
53.69266867637634,4,0,0,0
53.70868515968323,4,0,0,0
53.72475981712341,4,0,0,0
53.74164342880249,4,0,0,0
53.757761001586914,4,0,0,0
53.77405095100403,4,0,0,0
53.79029417037964,4,0,0,0
53.80607557296753,4,0,0,0
53.82238054275513,4,0,0,0
53.837730169296265,4,0,0,0
53.85415267944336,4,0,0,0
53.87054252624512,4,0,0,0
53.88615608215332,4,0,0,0
53.90232229232788,4,0,0,0
53.916685581207275,4,0,0,0
53.932920932769775,4,0,0,0
53.94935917854309,4,0,0,0
53.96523475646973,4,0,0,0
53.9814567565918,4,0,0,0
53.9973247051239,4,0,0,0
54.0136342048645,4,0,0,0
54.03002738952637,4,0,0,0
54.046274185180664,4,0,0,0
54.06222867965698,4,0,0,0
54.07853126525879,4,0,0,0
54.093706130981445,4,0,0,0
54.10985469818115,4,0,0,0
54.125787019729614,4,0,0,0
54.14679765701294,4,0,0,0
54.16366505622864,4,0,0,0
54.17996668815613,4,0,0,0
54.19999289512634,4,0,0,0
54.216604709625244,4,0,0,0
54.232013463974,4,0,0,0
54.24822783470154,4,0,0,0
54.26453709602356,4,0,0,0
54.28022909164429,4,0,0,0
54.29633378982544,4,0,0,0
54.31194067001343,4,0,0,0
54.327921628952026,4,0,0,0
54.34421682357788,4,0,0,0
54.35999035835266,4,0,0,0
54.37616014480591,4,0,0,0
54.39171075820923,4,0,0,0
54.407788038253784,4,0,0,0
54.42420029640198,4,0,0,0
54.440059423446655,4,0,0,0
54.456526041030884,4,0,0,0
54.478156328201294,3,0,0,0
54.48991537094116,3,0,0,0
54.50606393814087,3,0,0,0
54.52243089675903,3,0,0,0
54.53877091407776,3,0,0,0
54.554692029953,3,0,0,0
54.571009159088135,3,0,0,0
54.587433099746704,3,0,0,0
54.603516578674316,3,0,0,0
54.61963200569153,3,0,0,0
54.63594460487366,3,0,0,0
54.65177536010742,3,0,0,0
54.66790461540222,3,0,0,0
54.684534311294556,3,0,0,0
54.700610637664795,3,0,0,0
54.71692943572998,3,0,0,0
54.73284196853638,3,0,0,0
54.74905014038086,3,0,0,0
54.76485633850098,3,0,0,0
54.781015157699585,3,0,0,0
54.79739046096802,3,0,0,0
54.81336784362793,3,0,0,0
54.82938766479492,3,0,0,0
54.84506559371948,3,0,0,0
54.86117219924927,3,0,0,0
54.877394676208496,3,0,0,0
54.893531799316406,3,0,0,0
54.909507274627686,3,0,0,0
54.92422604560852,3,0,0,0
54.94223141670227,3,0,0,0
54.957905530929565,3,0,0,0
54.974233865737915,3,0,0,0
54.98979139328003,3,0,0,0
55.00630331039429,3,0,0,0
55.02214694023132,3,0,0,0
55.038041830062866,3,0,0,0
55.05417513847351,3,0,0,0
55.070271015167236,3,0,0,0
55.08662557601929,3,0,0,0
55.10259675979614,3,0,0,0
55.11817765235901,3,0,0,0
55.133883476257324,3,0,0,0
55.149945974349976,3,0,0,0
55.16660451889038,3,0,0,0
55.18353819847107,3,0,0,0
55.19951915740967,3,0,0,0
55.215068340301514,3,0,0,0
55.23109793663025,3,0,0,0
55.24711036682129,3,0,0,0
55.26338458061218,3,0,0,0
55.27937054634094,3,0,0,0
55.294734954833984,3,0,0,0
55.310949087142944,3,0,0,0
55.32690095901489,3,0,0,0
55.342817306518555,3,0,0,0
55.358869314193726,3,0,0,0
55.375223875045776,3,0,0,0
55.39108872413635,3,0,0,0
55.40700817108154,3,0,0,0
55.42283654212952,3,0,0,0
55.43882966041565,3,0,0,0
55.455108642578125,3,0,0,0
55.471264123916626,3,0,0,0
55.4959020614624,1,0,0,0
55.504592180252075,1,0,0,0
55.52156639099121,1,0,0,0
55.5393009185791,1,0,0,0
55.554826974868774,1,0,0,0
55.5715012550354,1,0,0,0
55.58750247955322,1,0,0,0
55.60273718833923,1,0,0,0
55.619630336761475,1,0,0,0
55.636587619781494,1,0,0,0
55.65362286567688,1,0,0,0
55.67059397697449,1,0,0,0
55.687426805496216,1,0,0,0
55.702905893325806,1,0,0,0
55.71881890296936,1,0,0,0
55.73493409156799,1,0,0,0
55.7513644695282,1,0,0,0
55.767088413238525,1,0,0,0
55.78367352485657,1,0,0,0
55.80041837692261,1,0,0,0
55.8161723613739,1,0,0,0
55.83254671096802,1,0,0,0
55.84833383560181,1,0,0,0
55.864559173583984,1,0,0,0
55.88151454925537,1,0,0,0
55.89756488800049,1,0,0,0
55.91392540931702,1,0,0,0
55.9299578666687,1,0,0,0
55.94590950012207,1,0,0,0
55.96247720718384,1,0,0,0
55.97827458381653,1,0,0,0
55.9937002658844,1,0,0,0
56.010542154312134,1,0,0,0
56.0266010761261,1,0,0,0
56.042742013931274,1,0,0,0
56.059582471847534,1,0,0,0
56.076202630996704,1,0,0,0
56.092196226119995,1,0,0,0
56.10824275016785,1,0,0,0
56.12429237365723,1,0,0,0
56.14015245437622,1,0,0,0
56.15636420249939,1,0,0,0
56.17225623130798,1,0,0,0
56.188212633132935,1,0,0,0
56.20425534248352,1,0,0,0
56.22012996673584,1,0,0,0
56.23656368255615,1,0,0,0
56.25351166725159,1,0,0,0
56.26865100860596,1,0,0,0
56.284770011901855,1,0,0,0
56.30072808265686,1,0,0,0
56.316771030426025,1,0,0,0
56.33273458480835,1,0,0,0
56.348901987075806,1,0,0,0
56.36473774909973,1,0,0,0
56.38094210624695,1,0,0,0
56.397446632385254,1,0,0,0
56.41348147392273,1,0,0,0
56.428691387176514,1,0,0,0
56.445555448532104,1,0,0,0
56.46152997016907,1,0,0,0
56.47667646408081,1,0,0,0
56.501123905181885,2,0,0,0
56.510289669036865,2,0,0,0
56.52635335922241,2,0,0,0
56.54176211357117,2,0,0,0
56.558796405792236,2,0,0,0
56.57568025588989,2,0,0,0
56.591835260391235,2,0,0,0
56.608550786972046,2,0,0,0
56.625057220458984,2,0,0,0
56.64167499542236,2,0,0,0
56.659241914749146,2,0,0,0
56.67565989494324,2,0,0,0
56.69196629524231,2,0,0,0
56.707746505737305,2,0,0,0
56.72377562522888,2,0,0,0
56.74035096168518,2,0,0,0
56.75625157356262,2,0,0,0
56.77198910713196,2,0,0,0
56.787954330444336,2,0,0,0
56.804378509521484,2,0,0,0
56.82013010978699,2,0,0,0
56.83639860153198,2,0,0,0
56.85210371017456,2,0,0,0
56.86824369430542,2,0,0,0
56.88373947143555,2,0,0,0
56.90064287185669,2,0,0,0
56.9175443649292,2,0,0,0
56.93329358100891,2,0,0,0
56.9492392539978,2,0,0,0
56.96534442901611,2,0,0,0
56.98136925697327,2,0,0,0
56.99724864959717,2,0,0,0
57.0130033493042,2,0,0,0
57.028950452804565,2,0,0,0
57.04517340660095,2,0,0,0
57.06121563911438,2,0,0,0
57.07713842391968,2,0,0,0
57.09288954734802,2,0,0,0
57.10898494720459,2,0,0,0
57.12522840499878,2,0,0,0
57.14140033721924,2,0,0,0
57.157241106033325,2,0,0,0
57.17316389083862,2,0,0,0
57.18935823440552,2,0,0,0
57.20545935630798,2,0,0,0
57.221211433410645,2,0,0,0
57.23695349693298,2,0,0,0
57.253376960754395,2,0,0,0
57.26933193206787,2,0,0,0
57.28477430343628,2,0,0,0
57.30162286758423,2,0,0,0
57.31769895553589,2,0,0,0
57.33405542373657,2,0,0,0
57.35027241706848,2,0,0,0
57.36569571495056,2,0,0,0
57.381709814071655,2,0,0,0
57.39789795875549,2,0,0,0
57.41420245170593,2,0,0,0
57.43033456802368,2,0,0,0
57.44570446014404,2,0,0,0
57.461843490600586,2,0,0,0
57.47835564613342,2,0,0,0
57.505717515945435,3,0,0,0
57.52040147781372,3,0,0,0
57.53764986991882,3,0,0,0
57.55366230010986,3,0,0,0
57.56987953186035,3,0,0,0
57.58602523803711,3,0,0,0
57.60175967216492,3,0,0,0
57.617875814437866,3,0,0,0
57.634400606155396,3,0,0,0
57.650468587875366,3,0,0,0
57.666428565979004,3,0,0,0
57.682276010513306,3,0,0,0
57.6981987953186,3,0,0,0
57.71365833282471,3,0,0,0
57.73060655593872,3,0,0,0
57.747501850128174,3,0,0,0
57.76290774345398,3,0,0,0
57.778961420059204,3,0,0,0
57.79545855522156,3,0,0,0
57.8116295337677,3,0,0,0
57.827735900878906,3,0,0,0
57.844428062438965,3,0,0,0
57.86060953140259,3,0,0,0
57.87671136856079,3,0,0,0
57.892701148986816,3,0,0,0
57.90867280960083,3,0,0,0
57.92421531677246,3,0,0,0
57.94027781486511,3,0,0,0
57.95628643035889,3,0,0,0
57.97223091125488,3,0,0,0
57.98828601837158,3,0,0,0
58.003844022750854,3,0,0,0
58.01993417739868,3,0,0,0
58.036015033721924,3,0,0,0
58.052048444747925,3,0,0,0
58.068135499954224,3,0,0,0
58.08385515213013,3,0,0,0
58.099926710128784,3,0,0,0
58.11602163314819,3,0,0,0
58.13201451301575,3,0,0,0
58.14831233024597,3,0,0,0
58.164581298828125,3,0,0,0
58.18083381652832,3,0,0,0
58.196887731552124,3,0,0,0
58.21344208717346,3,0,0,0
58.229310035705566,3,0,0,0
58.24478626251221,3,0,0,0
58.26071262359619,3,0,0,0
58.276833057403564,3,0,0,0
58.29563069343567,3,0,0,0
58.312251567840576,3,0,0,0
58.328267335891724,3,0,0,0
58.344775915145874,3,0,0,0
58.360694885253906,3,0,0,0
58.377333879470825,3,0,0,0
58.393417835235596,3,0,0,0
58.408650159835815,3,0,0,0
58.425445318222046,3,0,0,0
58.442115783691406,3,0,0,0
58.45810675621033,3,0,0,0
58.47417068481445,3,0,0,0
58.49032974243164,3,0,0,0
58.51363134384155,2,0,0,0
58.52190065383911,2,0,0,0
58.53943753242493,2,0,0,0
58.555248498916626,2,0,0,0
58.57159686088562,2,0,0,0
58.588417053222656,2,0,0,0
58.604092597961426,2,0,0,0
58.61962604522705,2,0,0,0
58.63651895523071,2,0,0,0
58.651813983917236,2,0,0,0
58.66765213012695,2,0,0,0
58.68369936943054,2,0,0,0
58.700260400772095,2,0,0,0
58.71652889251709,2,0,0,0
58.73194622993469,2,0,0,0
58.74794602394104,2,0,0,0
58.76637029647827,2,0,0,0
58.781885623931885,2,0,0,0
58.79814887046814,2,0,0,0
58.8143367767334,2,0,0,0
58.82981491088867,2,0,0,0
58.84582781791687,2,0,0,0
58.86215853691101,2,0,0,0
58.87823724746704,2,0,0,0
58.89433169364929,2,0,0,0
58.910019874572754,2,0,0,0
58.9251024723053,2,0,0,0
58.94122505187988,2,0,0,0
58.957289695739746,2,0,0,0
58.97343945503235,2,0,0,0
58.98882555961609,2,0,0,0
59.004844665527344,2,0,0,0
59.021219968795776,2,0,0,0
59.03724670410156,2,0,0,0
59.05350089073181,2,0,0,0
59.06928062438965,2,0,0,0
59.08564758300781,2,0,0,0
59.10197973251343,2,0,0,0
59.11862325668335,2,0,0,0
59.13420104980469,2,0,0,0
59.15060353279114,2,0,0,0
59.165684938430786,2,0,0,0
59.181926012039185,2,0,0,0
59.1985821723938,2,0,0,0
59.213707447052,2,0,0,0
59.23036980628967,2,0,0,0
59.24658417701721,2,0,0,0
59.26189875602722,2,0,0,0
59.278565883636475,2,0,0,0
59.294074058532715,2,0,0,0
59.310391426086426,2,0,0,0
59.32666993141174,2,0,0,0
59.342928886413574,2,0,0,0
59.35918879508972,2,0,0,0
59.375221729278564,2,0,0,0
59.390891790390015,2,0,0,0
59.407065629959106,2,0,0,0
59.423234939575195,2,0,0,0
59.439316511154175,2,0,0,0
59.45538592338562,2,0,0,0
59.47111248970032,2,0,0,0
59.487181663513184,2,0,0,0
59.50342845916748,2,0,0,0
59.52724838256836,4,0,0,0
59.53866481781006,4,0,0,0
59.55481147766113,4,0,0,0
59.57134246826172,4,0,0,0
59.587461709976196,4,0,0,0
59.6026725769043,4,0,0,0
59.61895942687988,4,0,0,0
59.6354033946991,4,0,0,0
59.65127968788147,4,0,0,0
59.6673002243042,4,0,0,0
59.682711362838745,4,0,0,0
59.698883056640625,4,0,0,0
59.71469283103943,4,0,0,0
59.731467485427856,4,0,0,0
59.747344970703125,4,0,0,0
59.76263928413391,4,0,0,0
59.779547691345215,4,0,0,0
59.795387506484985,4,0,0,0
59.81107306480408,4,0,0,0
59.82693815231323,4,0,0,0
59.84306883811951,4,0,0,0
59.85908102989197,4,0,0,0
59.87480807304382,4,0,0,0
59.89106035232544,4,0,0,0
59.90696740150452,4,0,0,0
59.92250847816467,4,0,0,0
59.93872785568237,4,0,0,0
59.95566487312317,4,0,0,0
59.971983432769775,4,0,0,0
59.98791694641113,4,0,0,0
60.00375986099243,4,0,0,0
60.019723653793335,4,0,0,0
60.03569412231445,4,0,0,0
60.05194044113159,4,0,0,0
60.06788444519043,4,0,0,0
60.083823442459106,4,0,0,0
60.09989333152771,4,0,0,0
60.11586809158325,4,0,0,0
60.132164478302,4,0,0,0
60.148125886917114,4,0,0,0
60.16418409347534,4,0,0,0
60.17971134185791,4,0,0,0
60.195743799209595,4,0,0,0
60.211710929870605,4,0,0,0
60.22776985168457,4,0,0,0
60.243829011917114,4,0,0,0
60.2599356174469,4,0,0,0
60.27596831321716,4,0,0,0
60.29228401184082,4,0,0,0