All stim.
[999, 1000]
Reward stim.
[999]
time,whichstim,iftouch,ifreward,ifout
0.010570526123046875,999,0,0,0
0.018709421157836914,999,0,0,0
0.03438520431518555,999,0,0,0
0.05054664611816406,999,0,0,0
0.06670355796813965,999,0,0,0
0.08278632164001465,999,0,0,0
0.09891819953918457,999,0,0,0
0.11506843566894531,999,0,0,0
0.13067245483398438,999,0,0,0
0.14660215377807617,999,0,0,0
0.16300511360168457,999,0,0,0
0.17900466918945312,999,0,0,0
0.19503355026245117,999,0,0,0
0.2105872631072998,999,0,0,0
0.22663164138793945,999,0,0,0
0.24299883842468262,999,0,0,0
0.25905776023864746,999,0,0,0
0.27426791191101074,999,0,0,0
0.2909977436065674,999,0,0,0
0.3070976734161377,999,0,0,0
0.3236870765686035,999,0,0,0
0.3397033214569092,999,0,0,0
0.35579824447631836,999,0,0,0
0.3714776039123535,999,0,0,0
0.38744044303894043,999,0,0,0
0.40410709381103516,999,0,0,0
0.4211287498474121,999,0,0,0
0.4371657371520996,999,0,0,0
0.45455074310302734,999,0,0,0
0.47206997871398926,999,0,0,0
0.4877505302429199,999,0,0,0
0.5069682598114014,999,0,0,0
0.5244767665863037,999,0,0,0
0.5410218238830566,999,0,0,0
0.5570006370544434,999,0,0,0
0.572432279586792,999,0,0,0
0.5884456634521484,999,0,0,0
0.6063666343688965,999,0,0,0
0.6237680912017822,999,0,0,0
0.638514518737793,999,0,0,0
0.654609203338623,999,0,0,0
0.6707456111907959,999,0,0,0
0.6864047050476074,999,0,0,0
0.7023861408233643,999,0,0,0
0.7189967632293701,999,0,0,0
0.7351324558258057,999,0,0,0
0.7507176399230957,999,0,0,0
0.7662665843963623,999,0,0,0
0.7823319435119629,999,0,0,0
0.7990164756774902,999,0,0,0
0.8142459392547607,999,0,0,0
0.8304510116577148,999,0,0,0
0.8468594551086426,999,0,0,0
0.8628301620483398,999,0,0,0
0.8784170150756836,999,0,0,0
0.8944535255432129,999,0,0,0
0.9105498790740967,999,0,0,0
0.9271373748779297,999,0,0,0
0.94411301612854,999,0,0,0
0.9608311653137207,999,0,0,0
0.9769048690795898,999,0,0,0
0.9930083751678467,999,0,0,0
1.0163180828094482,999,0,0,0
1.0244264602661133,999,0,0,0
1.0410914421081543,999,0,0,0
1.0564095973968506,999,0,0,0
1.0726556777954102,999,0,0,0
1.0886993408203125,999,0,0,0
1.105064868927002,999,0,0,0
1.1209721565246582,999,0,0,0
1.1370248794555664,999,0,0,0
1.152240514755249,999,0,0,0
1.1690647602081299,999,0,0,0
1.1851234436035156,999,0,0,0
1.201801061630249,999,0,0,0
1.2179858684539795,999,0,0,0
1.233314037322998,999,0,0,0
1.250105857849121,999,0,0,0
1.26716947555542,999,0,0,0
1.2834358215332031,999,0,0,0
1.299973726272583,999,0,0,0
1.3159534931182861,999,0,0,0
1.3319265842437744,999,0,0,0
1.3506953716278076,999,0,0,0
1.366332769393921,999,0,0,0
1.3827412128448486,999,0,0,0
1.3986015319824219,999,0,0,0
1.415114164352417,999,0,0,0
1.430732011795044,999,0,0,0
1.4470114707946777,999,0,0,0
1.462712287902832,999,0,0,0
1.4788434505462646,999,0,0,0
1.495121955871582,999,0,0,0
1.511634349822998,999,0,0,0
1.5277173519134521,999,0,0,0
1.5435478687286377,999,0,0,0
1.5598583221435547,999,0,0,0
1.5760407447814941,999,0,0,0
1.5918776988983154,999,0,0,0
1.6078763008117676,999,0,0,0
1.623610019683838,999,0,0,0
1.6397693157196045,999,0,0,0
1.6559324264526367,999,0,0,0
1.6717116832733154,999,0,0,0
1.68780517578125,999,0,0,0
1.7035744190216064,999,0,0,0
1.7196969985961914,999,0,0,0
1.7359371185302734,999,0,0,0
1.7520267963409424,999,0,0,0
1.7681307792663574,999,0,0,0
1.7849617004394531,999,0,0,0
1.8002362251281738,999,0,0,0
1.8165292739868164,999,0,0,0
1.8322556018829346,999,0,0,0
1.8483643531799316,999,0,0,0
1.8650977611541748,999,0,0,0
1.8821630477905273,999,0,0,0
1.8984475135803223,999,0,0,0
1.915123462677002,999,0,0,0
1.9312787055969238,999,0,0,0
1.9475715160369873,999,0,0,0
1.963407039642334,999,0,0,0
1.9793765544891357,999,0,0,0
1.9961020946502686,999,0,0,0
2.0224835872650146,1000,0,0,0
2.0306901931762695,1000,0,0,0
2.0464260578155518,1000,0,0,0
2.0626490116119385,1000,0,0,0
2.0784287452697754,1000,0,0,0
2.094658613204956,1000,0,0,0
2.1109790802001953,1000,0,0,0
2.1268324851989746,1000,0,0,0
2.1431667804718018,1000,0,0,0
2.159791946411133,1000,0,0,0
2.1773548126220703,1000,0,0,0
2.1941070556640625,1000,0,0,0
2.2096054553985596,1000,0,0,0
2.230556011199951,1000,0,0,0
2.246490001678467,1000,0,0,0
2.2628347873687744,1000,0,0,0
2.278881072998047,1000,0,0,0
2.2944681644439697,1000,0,0,0
2.310563087463379,1000,0,0,0
2.3267056941986084,1000,0,0,0
2.342411756515503,1000,0,0,0
2.3585288524627686,1000,0,0,0
2.3741888999938965,1000,0,0,0
2.3903965950012207,1000,0,0,0
2.4065475463867188,1000,0,0,0
2.422485113143921,1000,0,0,0
2.438641309738159,1000,0,0,0
2.4542453289031982,1000,0,0,0
2.4704275131225586,1000,0,0,0
2.4866669178009033,1000,0,0,0
2.502401828765869,1000,0,0,0
2.518860340118408,1000,0,0,0
2.5343942642211914,1000,0,0,0
2.5505521297454834,1000,0,0,0
2.566657781600952,1000,0,0,0
2.5825252532958984,1000,0,0,0
2.59893536567688,1000,0,0,0
2.6142373085021973,1000,0,0,0
2.63031005859375,1000,0,0,0
2.6463491916656494,1000,0,0,0
2.662238836288452,1000,0,0,0
2.679170608520508,1000,0,0,0
2.696059465408325,1000,0,0,0
2.712484121322632,1000,1,0,1
2.727318525314331,1000,1,0,1
2.743220806121826,1000,1,0,1
2.7592248916625977,1000,1,0,1
2.775203227996826,1000,1,0,1
2.7916696071624756,1000,0,0,1
2.807727813720703,1000,0,0,1
2.8234856128692627,1000,0,0,1
2.839707851409912,1000,0,0,1
2.8554396629333496,1000,0,0,1
2.871170997619629,1000,0,0,1
2.8878746032714844,1000,0,0,1
2.903639793395996,1000,0,0,1
2.9198272228240967,1000,0,0,1
2.935547113418579,1000,0,0,1
2.9516611099243164,1000,0,0,1
2.968003273010254,1000,0,0,1
2.984342336654663,1000,0,0,1
3.0010595321655273,1000,0,0,1
3.017167568206787,1000,0,0,1
3.032353401184082,1000,0,0,1
3.0485551357269287,1000,0,0,1
3.064556360244751,1000,0,0,1
3.0802621841430664,1000,0,0,1
3.097196102142334,1000,0,0,1
3.1131091117858887,1000,0,0,1
3.1287503242492676,1000,0,0,1
3.1448357105255127,1000,0,0,1
3.1606557369232178,1000,0,0,1
3.1768369674682617,1000,0,0,1
3.192244052886963,1000,0,0,1
3.2088634967803955,1000,0,0,1
3.225023031234741,1000,0,0,1
3.2408885955810547,1000,0,0,1
3.2569680213928223,1000,0,0,1
3.2725539207458496,1000,0,0,1
3.288348913192749,1000,0,0,1
3.30452823638916,1000,0,0,1
3.320268154144287,1000,0,0,1
3.3364369869232178,1000,0,0,1
3.352813959121704,1000,0,0,1
3.368541955947876,1000,0,0,1
3.3850162029266357,1000,0,0,1
3.4006869792938232,1000,0,0,1
3.416555881500244,1000,0,0,1
3.432645797729492,1000,0,0,1
3.4484188556671143,1000,0,0,1
3.464472532272339,1000,0,0,1
3.4812283515930176,1000,0,0,1
3.497422695159912,1000,0,0,1
3.513510227203369,1000,0,0,1
3.5293755531311035,1000,0,0,1
3.545436143875122,1000,0,0,1
3.561380624771118,1000,0,0,1
3.5775890350341797,1000,0,0,1
3.5937864780426025,1000,0,0,1
3.6098415851593018,1000,0,0,1
3.6259424686431885,1000,0,0,1
3.641589879989624,1000,0,0,1
3.6582179069519043,1000,0,0,1
3.6751880645751953,1000,0,0,1
3.692009687423706,1000,0,0,1
3.708085060119629,1000,0,0,1
3.7236526012420654,1000,0,0,1
3.7395687103271484,1000,0,0,1
3.7556850910186768,1000,0,0,1
3.771456480026245,1000,0,0,1
3.787832260131836,1000,0,0,1
3.8033950328826904,1000,0,0,1
3.820215940475464,1000,0,0,1
3.83726167678833,1000,0,0,1
3.854001045227051,1000,0,0,1
3.8694818019866943,1000,0,0,1
3.8856842517852783,1000,0,0,1
3.9013171195983887,1000,0,0,1
3.9174368381500244,1000,0,0,1
3.933980703353882,1000,0,0,1
3.9497363567352295,1000,0,0,1
3.9658660888671875,1000,0,0,1
3.9816129207611084,1000,0,0,1
3.997581720352173,1000,0,0,1
4.014178991317749,1000,0,0,1
4.029981374740601,1000,0,0,1
4.046185493469238,1000,0,0,1
4.062939405441284,1000,0,0,1
4.078986167907715,1000,0,0,1
4.0948166847229,1000,0,0,1
4.110345363616943,1000,0,0,1
4.1264402866363525,1000,0,0,1
4.142996788024902,1000,0,0,1
4.159094333648682,1000,0,0,1
4.174616813659668,1000,0,0,1
4.190656661987305,1000,0,0,1
4.2067999839782715,1000,0,0,1
4.22236704826355,1000,0,0,1
4.238313913345337,1000,0,0,1
4.2548277378082275,1000,0,0,1
4.270395755767822,1000,0,0,1
4.286339282989502,1000,0,0,1
4.302753925323486,1000,0,0,1
4.318736791610718,1000,0,0,1
4.335091590881348,1000,0,0,1
4.350474119186401,1000,0,0,1
4.366739749908447,1000,0,0,1
4.38252854347229,1000,0,0,1
4.398498773574829,1000,0,0,1
4.415019512176514,1000,0,0,1
4.430919885635376,1000,0,0,1
4.447079181671143,1000,0,0,1
4.462910175323486,1000,0,0,1
4.4792797565460205,1000,0,0,1
4.495314598083496,1000,0,0,1
4.512106895446777,1000,0,0,1
4.528182029724121,1000,0,0,1
4.5438878536224365,1000,0,0,1
4.560201406478882,1000,0,0,1
4.576443672180176,1000,0,0,1
4.592336893081665,1000,0,0,1
4.608449220657349,1000,0,0,1
4.624754428863525,1000,0,0,1
4.640934228897095,1000,0,0,1
4.656250715255737,1000,0,0,1
4.673014163970947,1000,0,0,1
4.688866138458252,1000,0,0,1
4.70435643196106,1000,0,0,1
4.720286130905151,1000,0,0,0
4.744193077087402,1000,0,0,0
4.752344846725464,1000,0,0,0
4.768327474594116,1000,0,0,0
4.784719944000244,1000,0,0,0
4.80098295211792,1000,0,0,0
4.816844463348389,1000,0,0,0
4.832558870315552,1000,0,0,0
4.8488147258758545,1000,0,0,0
4.864648818969727,1000,0,0,0
4.880373477935791,1000,0,0,0
4.897069692611694,1000,0,0,0
4.913784027099609,1000,0,0,0
4.929653644561768,1000,0,0,0
4.94543981552124,1000,0,0,0
4.961318254470825,1000,0,0,0
4.97747278213501,1000,0,0,0
4.993535995483398,1000,0,0,0
5.009519338607788,1000,0,0,0
5.024320840835571,1000,0,0,0
5.040245294570923,1000,0,0,0
5.056429624557495,1000,0,0,0
5.072216749191284,1000,0,0,0
5.088776111602783,1000,0,0,0
5.104721784591675,1000,0,0,0
5.120493412017822,1000,0,0,0
5.136301040649414,1000,0,0,0
5.153023719787598,1000,0,0,0
5.169067144393921,1000,0,0,0
5.184833526611328,1000,0,0,0
5.200621128082275,1000,0,0,0
5.216484546661377,1000,0,0,0
5.232182025909424,1000,0,0,0
5.248343229293823,1000,0,0,0
5.265108585357666,1000,0,0,0
5.280900955200195,1000,0,0,0
5.2970263957977295,1000,0,0,0
5.312891483306885,1000,0,0,0
5.328774690628052,1000,0,0,0
5.344624757766724,1000,0,0,0
5.360628366470337,1000,0,0,0
5.376811981201172,1000,0,0,0
5.396257638931274,1000,0,0,0
5.4130823612213135,1000,0,0,0
5.428274154663086,1000,0,0,0
5.44505500793457,1000,0,0,0
5.460952997207642,1000,0,0,0
5.476711988449097,1000,0,0,0
5.492462158203125,1000,0,0,0
5.508644104003906,1000,1,0,1
5.5244715213775635,1000,1,0,1
5.540754795074463,1000,1,0,1
5.5565102100372314,1000,0,0,1
5.572345018386841,1000,0,0,1
5.589134693145752,1000,0,0,1
5.605445623397827,1000,0,0,1
5.621281862258911,1000,0,0,1
5.6380932331085205,1000,0,0,1
5.654857158660889,1000,0,0,1
5.670733213424683,1000,0,0,1
5.686896324157715,1000,0,0,1
5.702627658843994,1000,0,0,1
5.718372106552124,1000,0,0,1
5.734966993331909,1000,0,0,1
5.750744581222534,1000,0,0,1
5.766303062438965,1000,0,0,1
5.783036947250366,1000,0,0,1
5.798749685287476,1000,0,0,1
5.814884424209595,1000,0,0,1
5.830764532089233,1000,0,0,1
5.8470070362091064,1000,0,0,1
5.86281943321228,1000,0,0,1
5.878586292266846,1000,0,0,1
5.894376039505005,1000,0,0,1
5.910236597061157,1000,0,0,1
5.926502466201782,1000,0,0,1
5.942313194274902,1000,0,0,1
5.959073305130005,1000,0,0,1
5.975913763046265,1000,0,0,1
5.991728782653809,1000,0,0,1
6.007915496826172,1000,0,0,1
6.023703098297119,1000,0,0,1
6.039616584777832,1000,0,0,1
6.055559158325195,1000,0,0,1
6.071756601333618,1000,0,0,1
6.0878517627716064,1000,0,0,1
6.103708505630493,1000,0,0,1
6.11958909034729,1000,0,0,1
6.135451793670654,1000,0,0,1
6.151354074478149,1000,0,0,1
6.167658567428589,1000,0,0,1
6.1836159229278564,1000,0,0,1
6.1996753215789795,1000,0,0,1
6.215871810913086,1000,0,0,1
6.231828451156616,1000,0,0,1
6.248166084289551,1000,0,0,1
6.264496564865112,1000,0,0,1
6.280463218688965,1000,0,0,1
6.297052383422852,1000,0,0,1
6.313029527664185,1000,0,0,1
6.328405141830444,1000,0,0,1
6.344527006149292,1000,0,0,1
6.360622406005859,1000,0,0,1
6.376436233520508,1000,0,0,1
6.392370223999023,1000,0,0,1
6.408902883529663,1000,0,0,1
6.424401760101318,1000,0,0,1
6.4404637813568115,1000,0,0,1
6.45708441734314,1000,0,0,1
6.473155498504639,1000,0,0,1
6.488637208938599,1000,0,0,1
6.504592418670654,1000,0,0,1
6.520553827285767,1000,0,0,1
6.537065029144287,1000,0,0,1
6.553132772445679,1000,0,0,1
6.568410634994507,1000,0,0,1
6.584276437759399,1000,0,0,1
6.600304841995239,1000,0,0,1
6.616993427276611,1000,0,0,1
6.633124589920044,1000,0,0,1
6.648350954055786,1000,0,0,1
6.665194034576416,1000,0,0,1
6.6823694705963135,1000,0,0,1
6.698977947235107,1000,0,0,1
6.715045690536499,1000,0,0,1
6.730356454849243,1000,0,0,1
6.746580362319946,1000,0,0,1
6.762763738632202,1000,0,0,1
6.77882981300354,1000,0,0,1
6.7950758934021,1000,0,0,1
6.811218023300171,1000,0,0,1
6.8279478549957275,1000,0,0,1
6.844173192977905,1000,0,0,1
6.85973334312439,1000,0,0,1
6.875823736190796,1000,0,0,1
6.8918774127960205,1000,0,0,1
6.907917022705078,1000,0,0,1
6.92410945892334,1000,0,0,1
6.939629316329956,1000,0,0,1
6.956183195114136,1000,0,0,1
6.971312999725342,1000,0,0,1
6.988018751144409,1000,0,0,1
7.004179000854492,1000,0,0,1
7.019972801208496,1000,0,0,1
7.036350250244141,1000,0,0,1
7.052692890167236,1000,0,0,1
7.068701982498169,1000,0,0,1
7.085168123245239,1000,0,0,1
7.100625038146973,1000,0,0,1
7.116865396499634,1000,0,0,1
7.132967710494995,1000,0,0,1
7.148516893386841,1000,0,0,1
7.164580821990967,1000,0,0,1
7.181112051010132,1000,0,0,1
7.19713282585144,1000,0,0,1
7.212414026260376,1000,0,0,1
7.228837966918945,1000,0,0,1
7.244865655899048,1000,0,0,1
7.260392665863037,1000,0,0,1
7.27634072303772,1000,0,0,1
7.292742729187012,1000,0,0,1
7.30919075012207,1000,0,0,1
7.326165199279785,1000,0,0,1
7.342658042907715,1000,0,0,1
7.358782052993774,1000,0,0,1
7.374756813049316,1000,0,0,1
7.3902599811553955,1000,0,0,1
7.407179355621338,1000,0,0,1
7.4231579303741455,1000,0,0,1
7.439346075057983,1000,0,0,1
7.45533013343811,1000,0,0,1
7.471863031387329,1000,0,0,1
7.487926006317139,1000,0,0,1
7.503947496414185,1000,0,0,1
7.519920825958252,1000,0,0,0
7.549875259399414,999,0,0,0
7.564011812210083,999,0,0,0
7.580011367797852,999,0,0,0
7.595965385437012,999,0,0,0
7.611765384674072,999,0,0,0
7.627499580383301,999,0,0,0
7.643623113632202,999,0,0,0
7.659385919570923,999,0,0,0
7.6751861572265625,999,0,0,0
7.69158148765564,999,0,0,0
7.707276344299316,999,0,0,0
7.723517417907715,999,0,0,0
7.7397191524505615,999,0,0,0
7.755507707595825,999,0,0,0
7.771948337554932,999,0,0,0
7.787704706192017,999,0,0,0
7.80400538444519,999,0,0,0
7.8200647830963135,999,0,0,0
7.835792064666748,999,0,0,0
7.851341247558594,999,0,0,0
7.868042945861816,999,0,0,0
7.883248805999756,999,0,0,0
7.900070667266846,999,0,0,0
7.915807247161865,999,0,0,0
7.931515693664551,999,0,0,0
7.947244644165039,999,0,0,0
7.963496446609497,999,0,0,0
7.9793641567230225,999,0,0,0
7.995160341262817,999,0,0,0
8.011798858642578,999,0,0,0
8.026649475097656,999,0,0,0
8.042309045791626,999,0,0,0
8.05912160873413,999,0,0,0
8.076007843017578,999,0,0,0
8.091172695159912,999,0,0,0
8.10804295539856,999,0,0,0
8.123579263687134,999,0,0,0
8.13962435722351,999,0,0,0
8.155456304550171,999,0,0,0
8.171182870864868,999,0,0,0
8.187906503677368,999,0,0,0
8.203166007995605,999,0,0,0
8.220033407211304,999,0,0,0
8.235808849334717,999,0,0,0
8.25160002708435,999,0,0,0
8.267393112182617,999,0,0,0
8.284204244613647,999,0,0,0
8.30152177810669,999,0,0,0
8.317260026931763,999,0,0,0
8.333553791046143,999,0,0,0
8.349336385726929,999,0,0,0
8.365453958511353,999,0,0,0
8.382012128829956,999,0,0,0
8.39808988571167,999,0,0,0
8.414172887802124,999,0,0,0
8.430888414382935,999,0,0,0
8.446609735488892,999,0,0,0
8.462360620498657,999,0,0,0
8.478155612945557,999,0,0,0
8.495126008987427,999,0,0,0
8.512032747268677,999,0,0,0
8.527765274047852,999,0,0,0
8.550668001174927,999,0,0,0
8.559524774551392,999,0,0,0
8.575615406036377,999,0,0,0
8.591358661651611,999,0,0,0
8.60715937614441,999,0,0,0
8.623894214630127,999,0,0,0
8.639643669128418,999,0,0,0
8.655816555023193,999,0,0,0
8.67156195640564,999,0,0,0
8.687246322631836,999,0,0,0
8.703723907470703,999,0,0,0
8.719588279724121,999,0,0,0
8.735863208770752,999,0,0,0
8.751778364181519,999,0,0,0
8.7676100730896,999,0,0,0
8.784112930297852,999,0,0,0
8.800859689712524,999,0,0,0
8.81704831123352,999,0,0,0
8.832763433456421,999,0,0,0
8.848532676696777,999,0,0,0
8.865112781524658,999,0,0,0
8.881778478622437,999,0,0,0
8.897627115249634,999,0,0,0
8.913387060165405,999,0,0,0
8.929231643676758,999,0,0,0
8.945853233337402,999,0,0,0
8.961666107177734,999,0,0,0
8.97745132446289,999,0,0,0
8.993239164352417,999,0,0,0
9.009227991104126,999,0,0,0
9.024776697158813,999,0,0,0
9.04068922996521,999,0,0,0
9.057115077972412,999,0,0,0
9.073857307434082,999,0,0,0
9.089885950088501,999,0,0,0
9.105926036834717,999,0,0,0
9.125929117202759,999,0,0,0
9.141585111618042,999,0,0,0
9.157525539398193,999,0,0,0
9.174191236495972,999,0,0,0
9.190918445587158,999,0,0,0
9.206705093383789,999,0,0,0
9.222441673278809,999,0,0,0
9.239137649536133,999,0,0,0
9.256025075912476,999,0,0,0
9.271883964538574,999,0,0,0
9.287463665008545,999,0,0,0
9.303228616714478,999,0,0,0
9.319483280181885,999,0,0,0
9.335292100906372,999,0,0,0
9.352038383483887,999,0,0,0
9.367569208145142,999,0,0,0
9.38325834274292,999,0,0,0
9.39948296546936,999,0,0,0
9.41521668434143,999,0,0,0
9.431981801986694,999,0,0,0
9.447577953338623,999,0,0,0
9.4632089138031,999,0,0,0
9.479362726211548,999,0,0,0
9.49613094329834,999,0,0,0
9.512272834777832,999,0,0,0
9.528838396072388,999,0,0,0
9.551892280578613,999,0,0,0
9.560637474060059,999,0,0,0
9.576456785202026,999,0,0,0
9.592161417007446,999,0,0,0
9.609128952026367,999,0,0,0
9.625972509384155,999,0,0,0
9.641683101654053,999,0,0,0
9.658141374588013,999,0,0,0
9.67492413520813,999,0,0,0
9.69018840789795,999,0,0,0
9.70706844329834,999,0,0,0
9.722909450531006,999,0,0,0
9.738476991653442,999,0,0,0
9.75423264503479,999,0,0,0
9.770545244216919,999,0,0,0
9.78627634048462,999,0,0,0
9.80296516418457,999,0,0,0
9.818613529205322,999,0,0,0
9.8342924118042,999,0,0,0
9.85049295425415,999,0,0,0
9.86661958694458,999,0,0,0
9.88230586051941,999,0,0,0
9.899097681045532,999,0,0,0
9.914748907089233,999,0,0,0
9.930925369262695,999,0,0,0
9.946430683135986,999,0,0,0
9.962395191192627,999,0,0,0
9.978447437286377,999,0,0,0
9.99467396736145,999,0,0,0
10.010543584823608,999,0,0,0
10.025419235229492,999,0,0,0
10.041267395019531,999,0,0,0
10.057907819747925,999,0,0,0
10.073747634887695,999,0,0,0
10.089691877365112,999,0,0,0
10.105840682983398,999,0,0,0
10.121565341949463,999,0,0,0
10.137668371200562,999,0,0,0
10.153404474258423,999,0,0,0
10.170088768005371,999,0,0,0
10.18677830696106,999,0,0,0
10.202444553375244,999,0,0,0
10.218693971633911,999,0,0,0
10.23448634147644,999,0,0,0
10.250425577163696,999,0,0,0
10.266934633255005,999,0,0,0
10.282685041427612,999,0,0,0
10.299093246459961,999,0,0,0
10.315984010696411,999,0,0,0
10.331929683685303,999,0,0,0
10.347613096237183,999,0,0,0
10.363296270370483,999,0,0,0
10.379583835601807,999,0,0,0
10.395372867584229,999,0,0,0
10.411261320114136,999,0,0,0
10.42793083190918,999,0,0,0
10.443635940551758,999,0,0,0
10.459998369216919,999,0,0,0
10.475768327713013,999,0,0,0
10.491660118103027,999,0,0,0
10.507285118103027,999,0,0,0
10.523865222930908,999,0,0,0
10.539319276809692,999,0,0,0
10.563333511352539,999,0,0,0
10.572232007980347,999,0,0,0
10.58894968032837,999,0,0,0
10.604709148406982,999,0,0,0
10.621037244796753,999,0,0,0
10.636825561523438,999,0,0,0
10.652660369873047,999,0,0,0
10.668260097503662,999,0,0,0
10.685986995697021,999,0,0,0
10.701838493347168,999,0,0,0
10.719341278076172,999,0,0,0
10.735973596572876,999,0,0,0
10.752243518829346,999,0,0,0
10.771553754806519,999,0,0,0
10.78788137435913,999,0,0,0
10.803637504577637,999,0,0,0
10.819747924804688,999,0,0,0
10.836119174957275,999,0,0,0
10.853220701217651,999,0,0,0
10.86956000328064,999,0,0,0
10.885469198226929,999,0,0,0
10.90164828300476,999,0,0,0
10.917917251586914,999,0,0,0
10.93366026878357,999,0,0,0
10.950037956237793,999,0,0,0
10.965725183486938,999,0,0,0
10.981799602508545,999,0,0,0
10.998023509979248,999,0,0,0
11.013643264770508,999,0,0,0
11.02884030342102,999,0,0,0
11.044424772262573,999,0,0,0
11.060517072677612,999,0,0,0
11.076642513275146,999,0,0,0
11.092758178710938,999,0,0,0
11.109047651290894,999,0,0,0
11.124544620513916,999,0,0,0
11.140651941299438,999,0,0,0
11.15648102760315,999,0,0,0
11.172530174255371,999,0,0,0
11.188769102096558,999,0,0,0
11.205103635787964,999,0,0,0
11.221278429031372,999,0,0,0
11.2375807762146,999,0,0,0
11.253715991973877,999,0,0,0
11.270003318786621,999,0,0,0
11.285442113876343,999,0,0,0
11.301469087600708,999,0,0,0
11.317809343338013,999,0,0,0
11.33332896232605,999,0,0,0
11.349581003189087,999,0,0,0
11.365436553955078,999,0,0,0
11.381377458572388,999,0,0,0
11.397725105285645,999,0,0,0
11.41376543045044,999,0,0,0
11.42993688583374,999,0,0,0
11.445758581161499,999,0,0,0
11.461609840393066,999,0,0,0
11.4780912399292,999,0,0,0
11.494905233383179,999,0,0,0
11.511006832122803,999,0,0,0
11.527194023132324,999,0,0,0
11.545548439025879,999,0,0,0
11.574825525283813,999,0,0,0
11.589235067367554,999,0,0,0
11.60527753829956,999,0,0,0
11.622033596038818,999,0,0,0
11.637962579727173,999,0,0,0
11.653732299804688,999,0,0,0
11.669719457626343,999,0,0,0
11.685928344726562,999,0,0,0
11.701698064804077,999,0,0,0
11.71756625175476,999,0,0,0
11.733326196670532,999,0,0,0
11.749266147613525,999,0,0,0
11.766046047210693,999,0,0,0
11.7818443775177,999,0,0,0
11.798124551773071,999,0,0,0
11.815013408660889,999,0,0,0
11.83094310760498,999,0,0,0
11.84647274017334,999,0,0,0
11.862245559692383,999,0,0,0
11.878158330917358,999,0,0,0
11.894212484359741,999,0,0,0
11.910144805908203,999,0,0,0
11.926375150680542,999,0,0,0
11.943159818649292,999,0,0,0
11.96010684967041,999,0,0,0
11.976757287979126,999,0,0,0
11.992552042007446,999,0,0,0
12.009066581726074,999,0,0,0
12.023886442184448,999,0,0,0
12.03987193107605,999,0,0,0
12.055450677871704,999,0,0,0
12.071381568908691,999,0,0,0
12.087402820587158,999,0,0,0
12.103233575820923,999,0,0,0
12.119559526443481,999,0,0,0
12.135477304458618,999,0,0,0
12.15136456489563,999,0,0,0
12.167994976043701,999,0,0,0
12.184032440185547,999,0,0,0
12.199293613433838,999,0,0,0
12.215843915939331,999,0,0,0
12.231908082962036,999,0,0,0
12.247744798660278,999,0,0,0
12.263896226882935,999,0,0,0
12.279145956039429,999,0,0,0
12.295763731002808,999,0,0,0
12.31183910369873,999,0,0,0
12.328140258789062,999,0,0,0
12.347308158874512,999,0,0,0
12.363956212997437,999,0,0,0
12.379316806793213,999,0,0,0
12.395818710327148,999,0,0,0
12.412006616592407,999,0,0,0
12.427574872970581,999,0,0,0
12.443743228912354,999,0,0,0
12.459358215332031,999,0,0,0
12.475433349609375,999,0,0,0
12.491680145263672,999,0,0,0
12.5081307888031,999,0,0,0
12.525051832199097,999,0,0,0
12.540738582611084,999,0,0,0
12.556767225265503,999,0,0,0
12.580101251602173,1000,0,0,0
12.58885645866394,1000,0,0,0
12.604861974716187,1000,0,0,0
12.620617866516113,1000,0,0,0
12.636833906173706,1000,0,0,0
12.652207851409912,1000,0,0,0
12.668311357498169,1000,0,0,0
12.685452938079834,1000,0,0,0
12.701836109161377,1000,0,0,0
12.717779159545898,1000,0,0,0
12.733813047409058,1000,0,0,0
12.749709606170654,1000,0,0,0
12.765750408172607,1000,0,0,0
12.782085180282593,1000,0,0,0
12.798131465911865,1000,0,0,0
12.814942359924316,1000,0,0,0
12.830527305603027,1000,0,0,0
12.846406698226929,1000,0,0,0
12.862788915634155,1000,0,0,0
12.878730773925781,1000,0,0,0
12.894928216934204,1000,0,0,0
12.910409450531006,1000,0,0,0
12.926507711410522,1000,0,0,0
12.943046569824219,1000,0,0,0
12.95907187461853,1000,0,0,0
12.97433853149414,1000,0,0,0
12.990945816040039,1000,0,0,0
13.006816148757935,1000,0,0,0
13.022457838058472,1000,0,0,0
13.038543939590454,1000,0,0,0
13.054818391799927,1000,0,0,0
13.070922613143921,1000,0,0,0
13.087067127227783,1000,0,0,0
13.102800130844116,1000,0,0,0
13.11842966079712,1000,0,0,0
13.134406089782715,1000,0,0,0
13.151102781295776,1000,0,0,0
13.16697096824646,1000,0,0,0
13.1825430393219,1000,0,0,0
13.198992013931274,1000,0,0,0
13.214700698852539,1000,1,0,1
13.230648040771484,1000,1,0,1
13.246644258499146,1000,1,0,1
13.262463331222534,1000,1,0,1
13.278983354568481,1000,1,0,1
13.294822216033936,1000,1,0,1
13.310754537582397,1000,1,0,1
13.326697587966919,1000,1,0,1
13.342761516571045,1000,0,0,1
13.359131813049316,1000,0,0,1
13.37613320350647,1000,0,0,1
13.393136024475098,1000,0,0,1
13.409560680389404,1000,0,0,1
13.425416231155396,1000,0,0,1
13.441340208053589,1000,0,0,1
13.45775580406189,1000,0,0,1
13.473582983016968,1000,0,0,1
13.490020513534546,1000,0,0,1
13.505794286727905,1000,0,0,1
13.521704196929932,1000,0,0,1
13.537418127059937,1000,0,0,1
13.553383111953735,1000,0,0,1
13.569884777069092,1000,0,0,1
13.585711479187012,1000,0,0,1
13.601799726486206,1000,0,0,1
13.617768287658691,1000,0,0,1
13.633742809295654,1000,0,0,1
13.649311304092407,1000,0,0,1
13.665236711502075,1000,0,0,1
13.681193828582764,1000,0,0,1
13.697198867797852,1000,0,0,1
13.713921546936035,1000,0,0,1
13.729405164718628,1000,0,0,1
13.745232105255127,1000,0,0,1
13.761183977127075,1000,0,0,1
13.77793574333191,1000,0,0,1
13.793815612792969,1000,0,0,1
13.809325456619263,1000,0,0,1
13.825173377990723,1000,0,0,1
13.842114925384521,1000,0,0,1
13.858863115310669,1000,0,0,1
13.87488079071045,1000,0,0,1
13.890466213226318,1000,0,0,1
13.90633225440979,1000,0,0,1
13.922445058822632,1000,0,0,1
13.938398361206055,1000,0,0,1
13.954578638076782,1000,0,0,1
13.970817565917969,1000,0,0,1
13.986840963363647,1000,0,0,1
14.002539873123169,1000,0,0,1
14.01843547821045,1000,0,0,1
14.034591674804688,1000,0,0,1
14.05060362815857,1000,0,0,1
14.066800594329834,1000,0,0,1
14.08232069015503,1000,0,0,1
14.098378896713257,1000,0,0,1
14.114582300186157,1000,0,0,1
14.130550861358643,1000,0,0,1
14.146766424179077,1000,0,0,1
14.162424325942993,1000,0,0,1
14.178762912750244,1000,0,0,1
14.195011854171753,1000,0,0,1
14.210990190505981,1000,0,0,1
14.226405143737793,1000,0,0,1
14.24319052696228,1000,0,0,1
14.259337186813354,1000,0,0,1
14.2757568359375,1000,0,0,1
14.29179310798645,1000,0,0,1
14.308285474777222,1000,0,0,1
14.32498025894165,1000,0,0,1
14.340523719787598,1000,0,0,1
14.356713056564331,1000,0,0,1
14.372750043869019,1000,0,0,1
14.388935327529907,1000,0,0,1
14.404237985610962,1000,0,0,1
14.421229362487793,1000,0,0,1
14.437361240386963,1000,0,0,1
14.453224182128906,1000,0,0,1
14.469720125198364,1000,0,0,1
14.486328840255737,1000,0,0,1
14.503235340118408,1000,0,0,1
14.519512176513672,1000,0,0,1
14.53612470626831,1000,0,0,1
14.552226781845093,1000,0,0,1
14.568525791168213,1000,0,0,1
14.584426641464233,1000,0,0,1
14.600677728652954,1000,0,0,1
14.619675636291504,1000,0,0,1
14.6352858543396,1000,0,0,1
14.651493310928345,1000,0,0,1
14.667887926101685,1000,0,0,1
14.685216665267944,1000,0,0,1
14.701607704162598,1000,0,0,1
14.717366218566895,1000,0,0,1
14.73428750038147,1000,0,0,1
14.750417470932007,1000,0,0,1
14.766425371170044,1000,0,0,1
14.782701015472412,1000,0,0,1
14.798256874084473,1000,0,0,1
14.814931869506836,1000,0,0,1
14.830433368682861,1000,0,0,1
14.847156763076782,1000,0,0,1
14.863499402999878,1000,0,0,1
14.879959344863892,1000,0,0,1
14.895830392837524,1000,0,0,1
14.912089347839355,1000,0,0,1
14.927995443344116,1000,0,0,1
14.943504333496094,1000,0,0,1
14.96009874343872,1000,0,0,1
14.976048469543457,1000,0,0,1
14.991362810134888,1000,0,0,1
15.008151054382324,1000,0,0,1
15.022829294204712,1000,0,0,1
15.038383722305298,1000,0,0,1
15.054413557052612,1000,0,0,1
15.070611953735352,1000,0,0,1
15.086493730545044,1000,0,0,1
15.102798223495483,1000,0,0,1
15.119038820266724,1000,0,0,1
15.135199069976807,1000,0,0,1
15.15048599243164,1000,0,0,1
15.16684865951538,1000,0,0,1
15.182866334915161,1000,0,0,1
15.199177026748657,1000,0,0,1
15.214988946914673,1000,0,0,0
15.245155572891235,1000,0,0,0
15.260514974594116,1000,0,0,0
15.27699613571167,1000,0,0,0
15.292510986328125,1000,0,0,0
15.309019804000854,1000,0,0,0
15.32435655593872,1000,0,0,0
15.340426921844482,1000,0,0,0
15.356588125228882,1000,0,0,0
15.373155355453491,1000,0,0,0
15.389276266098022,1000,0,0,0
15.406044960021973,1000,0,0,0
15.421299934387207,1000,0,0,0
15.43746280670166,1000,0,0,0
15.454145193099976,1000,0,0,0
15.470157146453857,1000,0,0,0
15.487088918685913,1000,0,0,0
15.504133462905884,1000,0,0,0
15.520429134368896,1000,0,0,0
15.536339044570923,1000,0,0,0
15.552448987960815,1000,0,0,0
15.568693399429321,1000,0,0,0
15.584800243377686,1000,0,0,0
15.600899696350098,1000,0,0,0
15.616492509841919,1000,0,0,0
15.63248324394226,1000,0,0,0
15.648621082305908,1000,0,0,0
15.66426706314087,1000,0,0,0
15.681185483932495,1000,0,0,0
15.698055982589722,1000,0,0,0
15.714121580123901,1000,0,0,0
15.730368614196777,1000,0,0,0
15.746952056884766,1000,0,0,0
15.763009548187256,1000,0,0,0
15.778136730194092,1000,0,0,0
15.794780254364014,1000,0,0,0
15.810753345489502,1000,0,0,0
15.826425790786743,1000,0,0,0
15.84248661994934,1000,0,0,0
15.85863471031189,1000,0,0,0
15.874246835708618,1000,0,0,0
15.89025592803955,1000,0,0,0
15.906876802444458,1000,0,0,0
15.922869682312012,1000,0,0,0
15.9390869140625,1000,0,0,0
15.955698728561401,1000,0,0,0
15.97178602218628,1000,0,0,0
15.988244771957397,1000,1,0,1
16.003374814987183,1000,1,0,1
16.02002739906311,1000,0,0,1
16.035970449447632,1000,0,0,1
16.052114009857178,1000,0,0,1
16.0676326751709,1000,0,0,1
16.083899974822998,1000,0,0,1
16.099643230438232,1000,0,0,1
16.11550521850586,1000,0,0,1
16.131702184677124,1000,0,0,1
16.147770404815674,1000,0,0,1
16.163806200027466,1000,0,0,1
16.180113554000854,1000,0,0,1
16.19582724571228,1000,0,0,1
16.211707592010498,1000,0,0,1
16.22783613204956,1000,0,0,1
16.243743419647217,1000,0,0,1
16.260032653808594,1000,0,0,1
16.275651454925537,1000,0,0,1
16.291671991348267,1000,0,0,1
16.307969093322754,1000,0,0,1
16.323934078216553,1000,0,0,1
16.340111255645752,1000,0,0,1
16.355648279190063,1000,0,0,1
16.371379375457764,1000,0,0,1
16.38735604286194,1000,0,0,1
16.4035325050354,1000,0,0,1
16.419745683670044,1000,0,0,1
16.43528938293457,1000,0,0,1
16.45137095451355,1000,0,0,1
16.46740698814392,1000,0,0,1
16.48423743247986,1000,0,0,1
16.50054144859314,1000,0,0,1
16.516895532608032,1000,0,0,1
16.53262710571289,1000,0,0,1
16.54887366294861,1000,0,0,1
16.564786434173584,1000,0,0,1
16.581111431121826,1000,0,0,1
16.59658455848694,1000,0,0,1
16.61305856704712,1000,0,0,1
16.629143238067627,1000,0,0,1
16.645095109939575,1000,0,0,1
16.66104817390442,1000,0,0,1
16.677258729934692,1000,0,0,1
16.693506240844727,1000,0,0,1
16.709731340408325,1000,0,0,1
16.725703477859497,1000,0,0,1
16.741352319717407,1000,0,0,1
16.757641077041626,1000,0,0,1
16.77367329597473,1000,0,0,1
16.789732694625854,1000,0,0,1
16.805644750595093,1000,0,0,1
16.821407318115234,1000,0,0,1
16.837646484375,1000,0,0,1
16.853598594665527,1000,0,0,1
16.869847774505615,1000,0,0,1
16.885546922683716,1000,0,0,1
16.90153670310974,1000,0,0,1
16.917980432510376,1000,0,0,1
16.93400239944458,1000,0,0,1
16.9492609500885,1000,0,0,1
16.965280294418335,1000,0,0,1
16.981554985046387,1000,0,0,1
16.99802279472351,1000,0,0,1
17.01375460624695,1000,0,0,1
17.02892255783081,1000,0,0,1
17.04487919807434,1000,0,0,1
17.061091423034668,1000,0,0,1
17.076564073562622,1000,0,0,1
17.09243631362915,1000,0,0,1
17.108629941940308,1000,0,0,1
17.124615907669067,1000,0,0,1
17.140830516815186,1000,0,0,1
17.15635895729065,1000,0,0,1
17.17305278778076,1000,0,0,1
17.18927025794983,1000,0,0,1
17.206185817718506,1000,0,0,1
17.222866773605347,1000,0,0,1
17.23898458480835,1000,0,0,1
17.25494623184204,1000,0,0,1
17.27124524116516,1000,0,0,1
17.287659645080566,1000,0,0,1
17.303356409072876,1000,0,0,1
17.319565534591675,1000,0,0,1
17.335449934005737,1000,0,0,1
17.351845741271973,1000,0,0,1
17.368220806121826,1000,0,0,1
17.3847496509552,1000,0,0,1
17.400824069976807,1000,0,0,1
17.416425943374634,1000,0,0,1
17.432549953460693,1000,0,0,1
17.448973417282104,1000,0,0,1
17.464714765548706,1000,0,0,1
17.48093056678772,1000,0,0,1
17.4967200756073,1000,0,0,1
17.51236343383789,1000,0,0,1
17.52880859375,1000,0,0,1
17.544870853424072,1000,0,0,1
17.561049222946167,1000,0,0,1
17.576829433441162,1000,0,0,1
17.59251880645752,1000,0,0,1
17.609053134918213,1000,0,0,1
17.62526249885559,1000,0,0,1
17.64133381843567,1000,0,0,1
17.65809726715088,1000,0,0,1
17.674129486083984,1000,0,0,1
17.689313650131226,1000,0,0,1
17.705263376235962,1000,0,0,1
17.721521854400635,1000,0,0,1
17.73723268508911,1000,0,0,1
17.754201650619507,1000,0,0,1
17.76940107345581,1000,0,0,1
17.785309076309204,1000,0,0,1
17.80146861076355,1000,0,0,1
17.81725239753723,1000,0,0,1
17.833749771118164,1000,0,0,1
17.84990882873535,1000,0,0,1
17.8657169342041,1000,0,0,1
17.881893634796143,1000,0,0,1
17.897387742996216,1000,0,0,1
17.914204835891724,1000,0,0,1
17.930806159973145,1000,0,0,1
17.946588039398193,1000,0,0,1
17.96292805671692,1000,0,0,1
17.97890019416809,1000,0,0,1
17.994271516799927,1000,0,0,0
18.025312900543213,999,0,0,0
18.038647890090942,999,0,0,0
18.054620027542114,999,0,0,0
18.070513010025024,999,0,0,0
18.086755990982056,999,0,0,0
18.10271716117859,999,0,0,0
18.11848735809326,999,0,0,0
18.134894609451294,999,0,0,0
18.150658130645752,999,0,0,0
18.16694474220276,999,0,0,0
18.18274736404419,999,0,0,0