time,whichstim,iftouch,ifreward,ifout
1550086315.8262324,9999,0,0,0
1550086315.8278856,9999,0,0,0
0.014832258224487305,3,0,0,0
0.028603076934814453,3,0,0,0
0.04438352584838867,3,0,0,0
0.060929059982299805,3,0,0,0
0.07747507095336914,3,0,0,0
0.09321451187133789,3,0,0,0
0.10976505279541016,3,0,0,0
0.12532901763916016,3,0,0,0
0.14184260368347168,3,0,0,0
0.15739941596984863,3,0,0,0
0.17204809188842773,3,0,0,0
0.18863129615783691,3,0,0,0
0.20421791076660156,3,0,0,0
0.2207469940185547,3,0,0,0
0.23626136779785156,3,0,0,0
0.2528207302093506,3,0,0,0
0.26839303970336914,3,0,0,0
0.2839975357055664,3,0,0,0
0.30061793327331543,3,0,0,0
0.31612157821655273,3,0,0,0
0.33266615867614746,3,0,0,0
0.3482670783996582,3,0,0,0
0.36487531661987305,3,0,0,0
0.3813900947570801,3,0,0,0
0.39789652824401855,3,0,0,0
0.41455674171447754,3,0,0,0
0.430156946182251,3,0,0,0
0.44677233695983887,3,0,0,0
0.46237897872924805,3,0,0,0
0.47795629501342773,3,0,0,0
0.4946780204772949,3,0,0,0
0.5102615356445312,3,0,0,0
0.526881217956543,3,0,0,0
0.5435714721679688,3,0,0,0
0.5591387748718262,3,0,0,0
0.5757756233215332,3,0,0,0
0.5913877487182617,3,0,0,0
0.6079368591308594,3,0,0,0
0.6247317790985107,3,0,0,0
0.6403088569641113,3,0,0,0
0.6569082736968994,3,0,0,0
0.6736035346984863,3,0,0,0
0.689157247543335,3,0,0,0
0.7057576179504395,3,0,0,0
0.7213680744171143,3,0,0,0
0.7378990650177002,3,0,0,0
0.7545924186706543,3,0,0,0
0.7711396217346191,3,0,0,0
0.7876472473144531,3,0,0,0
0.8033077716827393,3,0,0,0
0.8197767734527588,3,0,0,0
0.8352997303009033,3,0,0,0
0.8517847061157227,3,0,0,0
0.8673009872436523,3,0,0,0
0.8838722705841064,3,0,0,0
0.9004137516021729,3,0,0,0
0.9159774780273438,3,0,0,0
0.9325559139251709,3,0,0,0
0.9481141567230225,3,0,0,0
0.964789867401123,3,0,0,0
0.9803104400634766,3,0,0,0
0.9968929290771484,3,0,0,0
1.0334501266479492,1,0,0,0
1.0469958782196045,1,0,0,0
1.063615083694458,1,0,0,0
1.0791254043579102,1,0,0,0
1.0956995487213135,1,0,0,0
1.1112921237945557,1,0,0,0
1.1278257369995117,1,0,0,0
1.1435444355010986,1,0,0,0
1.1590566635131836,1,0,0,0
1.174654483795166,1,0,0,0
1.1901943683624268,1,0,0,0
1.206754207611084,1,0,0,0
1.2223188877105713,1,0,0,0
1.2388510704040527,1,0,0,0
1.2545478343963623,1,0,0,0
1.2700958251953125,1,0,0,0
1.2866771221160889,1,0,0,0
1.3022425174713135,1,0,0,0
1.3187792301177979,1,0,0,0
1.3343279361724854,1,0,0,0
1.350877285003662,1,0,0,0
1.3673841953277588,1,0,0,0
1.3831062316894531,1,0,0,0
1.3996500968933105,1,0,0,0
1.4151899814605713,1,0,0,0
1.4317600727081299,1,0,0,0
1.4472317695617676,1,0,0,0
1.463893175125122,1,0,0,0
1.4804272651672363,1,0,0,0
1.4960994720458984,1,0,0,0
1.5127387046813965,1,0,0,0
1.5283482074737549,1,0,0,0
1.544086217880249,1,0,0,0
1.5606842041015625,1,0,0,0
1.5762252807617188,1,0,0,0
1.5928804874420166,1,0,0,0
1.6094400882720947,1,0,0,0
1.6250128746032715,1,0,0,0
1.6416423320770264,1,0,0,0
1.6572201251983643,1,0,0,0
1.6738841533660889,1,0,0,0
1.690382957458496,1,0,0,0
1.7061381340026855,1,0,0,0
1.7227301597595215,1,0,0,0
1.7383396625518799,1,0,0,0
1.7539761066436768,1,0,0,0
1.770576000213623,1,0,0,0
1.7861008644104004,1,0,0,0
1.8026115894317627,1,0,0,0
1.8181350231170654,1,0,0,0
1.834808349609375,1,0,0,0
1.8503007888793945,1,0,0,0
1.8668959140777588,1,0,0,0
1.8835055828094482,1,0,0,0
1.8989806175231934,1,0,0,0
1.9156289100646973,1,0,0,0
1.9311714172363281,1,0,0,0
1.9477043151855469,1,0,0,0
1.9633595943450928,1,0,0,0
1.9798803329467773,1,0,0,0
1.9964454174041748,1,0,0,0
2.012026309967041,1,0,0,0
2.044773817062378,2,0,0,0
2.0583815574645996,2,0,0,0
2.074054479598999,2,0,0,0
2.0906596183776855,2,0,0,0
2.106212854385376,2,0,0,0
2.122769355773926,2,0,0,0
2.1383378505706787,2,0,0,0
2.153980016708374,2,0,0,0
2.1705846786499023,2,0,0,0
2.1861045360565186,2,0,0,0
2.2026352882385254,2,0,0,0
2.218149423599243,2,0,0,0
2.2348339557647705,2,0,0,0
2.250354528427124,2,0,0,0
2.266918897628784,2,0,0,0
2.283522844314575,2,0,0,0
2.298978805541992,2,0,0,0
2.315592050552368,2,0,0,0
2.331106662750244,2,0,0,0
2.347691774368286,2,0,0,0
2.3633575439453125,2,0,0,0
2.3799047470092773,2,0,0,0
2.3964500427246094,2,0,0,0
2.412019729614258,2,0,0,0
2.428593158721924,2,0,0,0
2.4441587924957275,2,0,0,0
2.4606881141662598,2,0,0,0
2.4762015342712402,2,0,0,0
2.492769956588745,2,0,0,0
2.5083820819854736,2,0,0,0
2.523984909057617,2,0,0,0
2.540632486343384,2,0,0,0
2.556145191192627,2,0,0,0
2.572700023651123,2,0,0,0
2.5883100032806396,2,0,0,0
2.60492205619812,2,0,0,0
2.6214609146118164,2,0,0,0
2.6369636058807373,2,0,0,0
2.6535868644714355,2,0,0,0
2.6691465377807617,2,0,0,0
2.685713529586792,2,0,0,0
2.7012693881988525,2,0,0,0
2.717745780944824,2,0,0,0
2.733361005783081,2,0,0,0
2.749871253967285,2,0,0,0
2.7664451599121094,2,0,0,0
2.783036231994629,2,0,0,0
2.799577236175537,2,0,0,0
2.8151633739471436,2,0,0,0
2.831777811050415,2,0,0,0
2.847321033477783,2,0,0,0
2.863119125366211,2,0,0,0
2.8796706199645996,2,0,0,0
2.895244836807251,2,0,0,0
2.9118432998657227,2,0,0,0
2.9274158477783203,2,0,0,0
2.943431854248047,2,0,0,0
2.958993911743164,2,0,0,0
2.9756343364715576,2,0,0,0
2.9912517070770264,2,0,0,0
3.0078179836273193,2,0,0,0
3.023621082305908,2,0,0,0
3.0564074516296387,1,0,0,0
3.0700128078460693,1,0,0,0
3.0865941047668457,1,0,0,0
3.1022040843963623,1,0,0,0
3.1187729835510254,1,0,0,0
3.134422540664673,1,0,0,0
3.15000319480896,1,0,0,0
3.16658616065979,1,0,0,0
3.181203603744507,1,0,0,0
3.1977295875549316,1,0,0,0
3.2133829593658447,1,0,0,0
3.229936122894287,1,0,0,0
3.2465457916259766,1,0,0,0
3.2621445655822754,1,0,0,0
3.278721332550049,1,0,0,0
3.2943432331085205,1,0,0,0
3.3099582195281982,1,0,0,0
3.3265912532806396,1,0,0,0
3.342215061187744,1,0,0,0
3.358816385269165,1,0,0,0
3.3744726181030273,1,0,0,0
3.390073299407959,1,0,0,0
3.406658887863159,1,0,0,0
3.4222896099090576,1,0,0,0
3.4388723373413086,1,0,0,0
3.455507755279541,1,0,0,0
3.471128225326538,1,0,0,0
3.4876928329467773,1,0,0,0
3.503507137298584,1,0,0,0
3.5191287994384766,1,0,0,0
3.5357067584991455,1,0,0,0
3.551318407058716,1,0,0,0
3.5678865909576416,1,0,0,0
3.584632635116577,1,0,0,0
3.6001851558685303,1,0,0,0
3.616781711578369,1,0,0,0
3.632399797439575,1,0,0,0
3.648939609527588,1,0,0,0
3.665677309036255,1,0,0,0
3.6812498569488525,1,0,0,0
3.697770833969116,1,0,0,0
3.7135400772094727,1,0,0,0
3.729055643081665,1,0,0,0
3.745720863342285,1,0,0,0
3.761324405670166,1,0,0,0
3.7788548469543457,1,0,0,0
3.794426918029785,1,0,0,0
3.810924530029297,1,0,0,0
3.827498197555542,1,0,0,0
3.8431506156921387,1,0,0,0
3.8596835136413574,1,0,0,0
3.8752291202545166,1,0,0,0
3.8917386531829834,1,0,0,0
3.90727162361145,1,0,0,0
3.9238994121551514,1,0,0,0
3.9403953552246094,1,0,0,0
3.9559578895568848,1,0,0,0
3.972520589828491,1,0,0,0
3.988065481185913,1,0,0,0
4.004724502563477,1,0,0,0
4.0202648639678955,1,0,0,0
4.036818981170654,1,0,0,0
4.066605806350708,2,0,0,0
4.080195665359497,2,0,0,0
4.096796751022339,2,0,0,0
4.112405300140381,2,0,0,0
4.127996444702148,2,0,0,0
4.144747257232666,2,0,0,0
4.160316705703735,2,0,0,0
4.175930738449097,2,0,0,0
4.192560195922852,2,0,0,0
4.2081139087677,2,0,0,0
4.224842548370361,2,0,0,0
4.240397691726685,2,0,0,0
4.2559943199157715,2,0,0,0
4.272623777389526,2,0,0,0
4.288182497024536,2,0,0,0
4.304935932159424,2,0,0,0
4.3215415477752686,2,0,0,0
4.3370680809021,2,0,0,0
4.353813171386719,2,0,0,0
4.369387149810791,2,0,0,0
4.3849687576293945,2,0,0,0
4.4016032218933105,2,0,0,0
4.417121887207031,2,0,0,0
4.433866739273071,2,0,0,0
4.4503703117370605,2,0,0,0
4.466922998428345,2,0,0,0
4.483472108840942,2,0,0,0
4.49992299079895,2,0,0,0
4.516406774520874,2,0,0,0
4.532947778701782,2,0,0,0
4.549515008926392,2,0,0,0
4.565001726150513,2,0,0,0
4.5816051959991455,2,0,0,0
4.597043752670288,2,0,0,0
4.61366605758667,2,0,0,0
4.629205703735352,2,0,0,0
4.645754337310791,2,0,0,0
4.661312818527222,2,0,0,0
4.677770376205444,2,0,0,0
4.693387508392334,2,0,0,0
4.709918260574341,2,0,0,0
4.726438999176025,2,0,0,0
4.7420384883880615,2,0,0,0
4.758586883544922,2,0,0,0
4.775162696838379,2,0,0,0
4.791736125946045,2,0,0,0
4.807233572006226,2,0,0,0
4.823905944824219,2,0,0,0
4.840416431427002,2,0,0,0
4.856015920639038,2,0,0,0
4.87262487411499,2,0,0,0
4.888176441192627,2,0,0,0
4.903983116149902,2,0,0,0
4.9206109046936035,2,0,0,0
4.936135292053223,2,0,0,0
4.9527974128723145,2,0,0,0
4.968775987625122,2,0,0,0
4.984477281570435,2,0,0,0
5.000067710876465,2,0,0,0
5.016035556793213,2,0,0,0
5.032502174377441,2,1,0,1
5.0484583377838135,2,1,0,1
5.064587831497192,2,1,0,1
5.080572128295898,2,1,0,1
5.096501350402832,2,1,0,1
5.112540006637573,2,0,0,1
5.128438711166382,2,0,0,1
5.1444597244262695,2,0,0,1
5.1603827476501465,2,0,0,1
5.176397085189819,2,0,0,1
5.192703008651733,2,0,0,1
5.208667278289795,2,0,0,1
5.2247655391693115,2,0,0,1
5.240851402282715,2,0,0,1
5.25686240196228,2,0,0,1
5.272011995315552,2,0,0,1
5.28808069229126,2,0,0,1
5.3042707443237305,2,0,0,1
5.320339679718018,2,0,0,1
5.336456537246704,2,0,0,1
5.352576017379761,2,0,0,1
5.368617534637451,2,0,0,1
5.384896755218506,2,0,0,1
5.401048421859741,2,0,0,1
5.417132377624512,2,0,0,1
5.433257579803467,2,0,0,1
5.449291229248047,2,0,0,1
5.465445280075073,2,0,0,1
5.481645822525024,2,0,0,1
5.497686386108398,2,0,0,1
5.513789176940918,2,0,0,1
5.529811143875122,2,0,0,1
5.545883893966675,2,0,0,1
5.562039613723755,2,0,0,1
5.578054189682007,2,0,0,1
5.594125509262085,2,0,0,1
5.610136032104492,2,0,0,1
5.626165866851807,2,0,0,1
5.642308712005615,2,0,0,1
5.6582958698272705,2,0,0,1
5.674358129501343,2,0,0,1
5.690314292907715,2,0,0,1
5.70635461807251,2,0,0,1
5.722503185272217,2,0,0,1
5.738492965698242,2,0,0,1
5.754592418670654,2,0,0,1
5.770647048950195,2,0,0,1
5.786653518676758,2,0,0,1
5.802668809890747,2,0,0,1
5.818634271621704,2,0,0,1
5.834656715393066,2,0,0,1
5.850687265396118,2,0,0,1
5.866647720336914,2,0,0,1
5.882618427276611,2,0,0,1
5.898580074310303,2,0,0,1
5.914597034454346,2,0,0,1
5.930612087249756,2,0,0,1
5.946561574935913,2,0,0,1
5.96252703666687,2,0,0,1
5.978494882583618,2,0,0,1
5.994521617889404,2,0,0,1
6.010456562042236,2,0,0,1
6.026484489440918,2,0,0,1
6.042436599731445,2,0,0,1
6.05839991569519,2,0,0,1
6.0744287967681885,2,0,0,1
6.090268850326538,2,0,0,1
6.106250286102295,2,0,0,1
6.122258424758911,2,0,0,1
6.138214826583862,2,0,0,1
6.154222011566162,2,0,0,1
6.170130491256714,2,0,0,1
6.1860573291778564,2,0,0,1
6.201959848403931,2,0,0,1
6.218836545944214,2,0,0,1
6.23480486869812,2,0,0,1
6.250683546066284,2,0,0,1
6.266560316085815,2,0,0,1
6.282416820526123,2,0,0,1
6.298292398452759,2,0,0,1
6.314240217208862,2,0,0,1
6.330116033554077,2,0,0,1
6.346048593521118,2,0,0,1
6.361961364746094,2,0,0,1
6.378833770751953,2,0,0,1
6.394837141036987,2,0,0,1
6.410725116729736,2,0,0,1
6.426582098007202,2,0,0,1
6.442457914352417,2,0,0,1
6.458312749862671,2,0,0,1
6.47422456741333,2,0,0,1
6.490052938461304,2,0,0,1
6.506930828094482,2,0,0,1
6.523876905441284,2,0,0,1
6.540750026702881,2,0,0,1
6.556564092636108,2,0,0,1
6.5724945068359375,2,0,0,1
6.588356971740723,2,0,0,1
6.604295015335083,2,0,0,1
6.620153427124023,2,0,0,1
6.6361165046691895,2,0,0,1
6.652024030685425,2,0,0,1
6.668906211853027,2,0,0,1
6.6858367919921875,2,0,0,1
6.701773405075073,2,0,0,1
6.717612266540527,2,0,0,1
6.7335731983184814,2,0,0,1
6.749417066574097,2,0,0,1
6.765333652496338,2,0,0,1
6.782235383987427,2,0,0,1
6.798106670379639,2,0,0,1
6.814105987548828,2,0,0,1
6.829990386962891,2,0,0,1
6.84692645072937,2,0,0,1
6.863891363143921,2,0,0,1
6.8807713985443115,2,0,0,1
6.896688461303711,2,0,0,1
6.91266131401062,2,0,0,1
6.928548812866211,2,0,0,1
6.944532871246338,2,0,0,1
6.960541009902954,2,0,0,1
6.976428270339966,2,0,0,1
6.992358446121216,2,0,0,1
7.008241891860962,2,0,0,1
7.0242321491241455,2,0,0,1
7.0401129722595215,2,0,0,0
7.067821264266968,3,0,0,0
7.081319570541382,3,0,0,0
7.097823619842529,3,0,0,0
7.113519668579102,3,0,0,0
7.129806995391846,3,0,0,0
7.145221471786499,3,0,0,0
7.161542654037476,3,0,0,0
7.1768670082092285,3,0,0,0
7.193286895751953,3,0,0,0
7.2095866203308105,3,0,0,0
7.224987030029297,3,0,0,0
7.24132513999939,3,0,0,0
7.257615804672241,3,0,0,0
7.273085355758667,3,0,0,0
7.289428949356079,3,0,0,0
7.305813312530518,3,0,0,0
7.3211891651153564,3,0,0,0
7.3375115394592285,3,0,0,0
7.3529627323150635,3,0,0,0
7.369393825531006,3,0,0,0
7.385793924331665,3,0,0,0
7.401217222213745,3,0,0,0
7.4176599979400635,3,0,0,0
7.433129072189331,3,0,0,0
7.449465274810791,3,0,0,0
7.466166019439697,3,1,0,1
7.481991767883301,3,1,0,1
7.498873233795166,3,1,0,1
7.515843629837036,3,1,0,1
7.5317769050598145,3,1,0,1
7.547643423080444,3,1,0,1
7.5636067390441895,3,1,0,1
7.579512596130371,3,1,0,1
7.595245838165283,3,0,0,1
7.611109256744385,3,0,0,1
7.626959562301636,3,0,0,1
7.6438889503479,3,0,0,1
7.660750389099121,3,0,0,1
7.676589727401733,3,0,0,1
7.6924755573272705,3,0,0,1
7.708325386047363,3,0,0,1
7.724311351776123,3,0,0,1
7.74015736579895,3,0,0,1
7.756090879440308,3,0,0,1
7.77197790145874,3,0,0,1
7.788821458816528,3,0,0,1
7.8047075271606445,3,0,0,1
7.820669174194336,3,0,0,1
7.836526870727539,3,0,0,1
7.852442741394043,3,0,0,1
7.868338584899902,3,0,0,1
7.884220838546753,3,0,0,1
7.900087356567383,3,0,0,1
7.916015625,3,0,0,1
7.932919979095459,3,0,0,1
7.94977879524231,3,0,0,1
7.965682029724121,3,0,0,1
7.981547832489014,3,0,0,1
7.9974024295806885,3,0,0,1
8.013379335403442,3,0,0,1
8.029268264770508,3,0,0,1
8.045175313949585,3,0,0,1
8.061061143875122,3,0,0,1
8.077903747558594,3,0,0,1
8.094880819320679,3,0,0,1
8.11177396774292,3,0,0,1
8.127639770507812,3,0,0,1
8.143612384796143,3,0,0,1
8.159466981887817,3,0,0,1
8.175422430038452,3,0,0,1
8.191306829452515,3,0,0,1
8.207217454910278,3,0,0,1
8.223188638687134,3,0,0,1
8.239041805267334,3,0,0,1
8.254960298538208,3,0,0,1
8.271852016448975,3,0,0,1
8.28769063949585,3,0,0,1
8.30364990234375,3,0,0,1
8.319498777389526,3,0,0,1
8.335418224334717,3,0,0,1
8.351373672485352,3,0,0,1
8.367239713668823,3,0,0,1
8.383259057998657,3,0,0,1
8.399125576019287,3,0,0,1
8.415068626403809,3,0,0,1
8.430971622467041,3,0,0,1
8.447858810424805,3,0,0,1
8.463845491409302,3,0,0,1
8.479748964309692,3,0,0,1
8.495685815811157,3,0,0,1
8.511625289916992,3,0,0,1
8.52748417854309,3,0,0,1
8.543522119522095,3,0,0,1
8.559362649917603,3,0,0,1
8.575294256210327,3,0,0,1
8.591220378875732,3,0,0,1
8.607104539871216,3,0,0,1
8.623099088668823,3,0,0,1
8.638959884643555,3,0,0,1
8.65589690208435,3,0,0,1
8.672764301300049,3,0,0,1
8.688613176345825,3,0,0,1
8.704561471939087,3,0,0,1
8.720422506332397,3,0,0,1
8.736359357833862,3,0,0,1
8.752303123474121,3,0,0,1
8.768196821212769,3,0,0,1
8.784236192703247,3,0,0,1
8.800130367279053,3,0,0,1
8.81609296798706,3,0,0,1
8.832032442092896,3,0,0,1
8.848902702331543,3,0,0,1
8.86587119102478,3,0,0,1
8.882788896560669,3,0,0,1
8.898670196533203,3,0,0,1
8.914657592773438,3,0,0,1
8.930614709854126,3,0,0,1
8.94651460647583,3,0,0,1
8.962436437606812,3,0,0,1
8.97834587097168,3,0,0,1
8.994324922561646,3,0,0,1
9.010224342346191,3,0,0,1
9.026199102401733,3,0,0,1
9.042131662368774,3,0,0,1
9.058030128479004,3,0,0,1
9.074042797088623,3,0,0,1
9.090838193893433,3,0,0,1
9.10670256614685,3,0,0,1
9.122609615325928,3,0,0,1
9.138476133346558,3,0,0,1
9.154422521591187,3,0,0,1
9.170304298400879,3,0,0,1
9.186490297317505,3,0,0,1
9.202401161193848,3,0,0,1
9.218298196792603,3,0,0,1
9.234269857406616,3,0,0,1
9.250168085098267,3,0,0,1
9.266139030456543,3,0,0,1
9.282080888748169,3,0,0,1
9.297991037368774,3,0,0,1
9.313962697982788,3,0,0,1
9.330863952636719,3,0,0,1
9.346765041351318,3,0,0,1
9.362708330154419,3,0,0,1
9.378618717193604,3,0,0,1
9.394595384597778,3,0,0,1
9.410553455352783,3,0,0,1
9.426438331604004,3,0,0,1
9.442361831665039,3,0,0,1
9.458268404006958,3,0,0,1
9.474254131317139,3,0,0,0
9.505490779876709,5,0,0,0
9.519027948379517,5,0,0,0
9.535435914993286,5,0,0,0
9.551790952682495,5,0,0,0
9.567102432250977,5,0,0,0
9.58362078666687,5,0,0,0
9.599937915802002,5,0,0,0
9.616289854049683,5,0,0,0
9.632683277130127,5,0,0,0
9.647967100143433,5,0,0,0
9.664374828338623,5,0,0,0
9.680685758590698,5,0,0,0
9.695974826812744,5,0,0,0
9.712327718734741,5,0,0,0
9.728617668151855,5,0,0,0
9.7449369430542,5,0,0,0
9.761231660842896,5,0,0,0
9.778491497039795,5,0,0,0
9.794886350631714,5,0,0,0
9.811186790466309,5,0,0,0
9.827483892440796,5,0,0,0
9.843848705291748,5,0,0,0
9.859134912490845,5,0,0,0
9.875526666641235,5,0,0,0
9.891852617263794,5,0,0,0
9.907188177108765,5,0,0,0
9.923513174057007,5,0,0,0
9.939831733703613,5,0,0,0
9.95518708229065,5,0,0,0
9.9715096950531,5,0,0,0
9.987833738327026,5,0,0,0
10.003223896026611,5,0,0,0
10.01952338218689,5,0,0,0
10.035902261734009,5,0,0,0
10.052234172821045,5,0,0,0
10.068052768707275,5,0,0,0
10.084449768066406,5,0,0,0
10.10077977180481,5,0,0,0
10.116131067276001,5,0,0,0
10.132497310638428,5,0,0,0
10.148869037628174,5,0,0,0
10.165278434753418,5,0,0,0
10.180718660354614,5,0,0,0
10.19602108001709,5,0,0,0
10.212343692779541,5,0,0,0
10.228672504425049,5,0,0,0
10.244060754776001,5,0,0,0
10.260313987731934,5,0,0,0
10.276695251464844,5,0,0,0
10.292067289352417,5,0,0,0
10.308380126953125,5,0,0,0
10.324790477752686,5,0,0,0
10.340112924575806,5,0,0,0
10.356482744216919,5,0,0,0
10.372854709625244,5,0,0,0
10.388217210769653,5,0,0,0
10.404630184173584,5,0,0,0
10.419967412948608,5,0,0,0
10.43633484840393,5,0,0,0
10.452688694000244,5,0,0,0
10.468049764633179,5,0,0,0
10.48443865776062,5,0,0,0
10.512127161026001,3,0,0,0
10.525445938110352,3,0,0,0
10.543683290481567,3,1,0,1
10.559506177902222,3,1,0,1
10.575490474700928,3,1,0,1
10.591310262680054,3,1,0,1
10.607186317443848,3,1,0,1
10.623380661010742,3,0,0,1
10.639180898666382,3,0,0,1
10.655140161514282,3,0,0,1
10.671083211898804,3,0,0,1
10.687928438186646,3,0,0,1
10.704904079437256,3,0,0,1
10.721783876419067,3,0,0,1
10.73763370513916,3,0,0,1
10.753621816635132,3,0,0,1
10.769455909729004,3,0,0,1
10.785377979278564,3,0,0,1
10.801295280456543,3,0,0,1
10.817179203033447,3,0,0,1
10.83323049545288,3,0,0,1
10.849109172821045,3,0,0,1
10.865074157714844,3,0,0,1
10.881011724472046,3,0,0,1
10.897918462753296,3,0,0,1
10.913954019546509,3,0,0,1
10.930859088897705,3,0,0,1
10.946764707565308,3,0,0,1
10.962689876556396,3,0,0,1
10.978573322296143,3,0,0,1
10.994597673416138,3,0,0,1
11.010561227798462,3,0,0,1
11.02646017074585,3,0,0,1
11.042398452758789,3,0,0,1
11.058300018310547,3,0,0,1
11.074326038360596,3,0,0,1
11.090218782424927,3,0,0,1
11.106176137924194,3,0,0,1
11.122143983840942,3,0,0,1
11.138039350509644,3,0,0,1
11.154068231582642,3,0,0,1
11.17092752456665,3,0,0,1
11.187810897827148,3,0,0,1
11.20374345779419,3,0,0,1
11.219585180282593,3,0,0,1
11.235473394393921,3,0,0,1
11.25140643119812,3,0,0,1
11.267268419265747,3,0,0,1
11.28325629234314,3,0,0,1
11.299128770828247,3,0,0,1
11.315075159072876,3,0,0,1
11.331131219863892,3,0,0,1
11.346990585327148,3,0,0,1
11.362998485565186,3,0,0,1
11.379875183105469,3,0,0,1
11.396794557571411,3,0,0,1
11.4126615524292,3,0,0,1
11.428509712219238,3,0,0,1
11.44443655014038,3,0,0,1
11.46029019355774,3,0,0,1
11.476191282272339,3,0,0,1
11.492110013961792,3,0,0,1
11.507977962493896,3,0,0,1
11.524919748306274,3,0,0,1
11.541798114776611,3,0,0,1
11.557657480239868,3,0,0,1
11.573647499084473,3,0,0,1
11.58950138092041,3,0,0,1
11.605481386184692,3,0,0,1
11.621394634246826,3,0,0,1
11.637261629104614,3,0,0,1
11.65322232246399,3,0,0,1
11.669044494628906,3,0,0,1
11.685924768447876,3,0,0,1
11.702859163284302,3,0,0,1
11.718694686889648,3,0,0,1
11.734631299972534,3,0,0,1
11.750576734542847,3,0,0,1
11.76647686958313,3,0,0,1
11.783415079116821,3,0,0,1
11.799286842346191,3,0,0,1
11.815274715423584,3,0,0,1
11.83122181892395,3,0,0,1
11.84709644317627,3,0,0,1
11.863090753555298,3,0,0,1
11.878962755203247,3,0,0,1
11.89592456817627,3,0,0,1
11.912826776504517,3,0,0,1
11.928712606430054,3,0,0,1
11.94469666481018,3,0,0,1
11.960652589797974,3,0,0,1
11.976543188095093,3,0,0,1
11.992492914199829,3,0,0,1
12.008386611938477,3,0,0,1
12.024373769760132,3,0,0,1
12.040266275405884,3,0,0,1
12.056235551834106,3,0,0,1
12.073081016540527,3,0,0,1
12.089897871017456,3,0,0,1
12.106809139251709,3,0,0,1
12.122686386108398,3,0,0,1
12.138554811477661,3,0,0,1
12.154519319534302,3,0,0,1
12.170377731323242,3,0,0,1
12.18631100654602,3,0,0,1
12.202182531356812,3,0,0,1
12.218013763427734,3,0,0,1
12.233986616134644,3,0,0,1
12.250875473022461,3,0,0,1
12.267750263214111,3,0,0,1
12.283788919448853,3,0,0,1
12.299646139144897,3,0,0,1
12.31556224822998,3,0,0,1
12.331480503082275,3,0,0,1
12.347351789474487,3,0,0,1
12.363290548324585,3,0,0,1
12.379171371459961,3,0,0,1
12.395075559616089,3,0,0,1
12.411936044692993,3,0,0,1
12.428802967071533,3,0,0,1
12.444738626480103,3,0,0,1
12.460669040679932,3,0,0,1
12.476519346237183,3,0,0,1
12.492415189743042,3,0,0,1
12.508318185806274,3,0,0,1
12.524252653121948,3,0,0,1
12.540109157562256,3,0,0,1
12.556014060974121,3,0,0,0
12.584537744522095,5,0,0,0
12.597915410995483,5,0,0,0
12.614335775375366,5,0,0,0
12.630696535110474,5,0,0,0
12.646015405654907,5,0,0,0
12.662344455718994,5,0,0,0
12.678656101226807,5,0,0,0
12.694188117980957,5,0,0,0
12.710550785064697,5,0,0,0
12.726827144622803,5,0,0,0
12.742181301116943,5,0,0,0
12.758451223373413,5,0,0,0
12.775795221328735,5,0,0,0
12.791111946105957,5,0,0,0
12.80743145942688,5,0,0,0
12.823861360549927,5,0,0,0
12.84018349647522,5,0,0,0
12.856534957885742,5,0,0,0
12.8729248046875,5,0,0,0
12.889259099960327,5,0,0,0
12.90569281578064,5,0,0,0
12.921032905578613,5,0,0,0
12.937337398529053,5,0,0,0
12.953682661056519,5,0,0,0
12.968993663787842,5,0,0,0
12.985443830490112,5,0,0,0
13.001759052276611,5,0,0,0
13.017075777053833,5,0,0,0
13.03345537185669,5,0,0,0
13.049763679504395,5,0,0,0
13.065093517303467,5,0,0,0
13.0814208984375,5,0,0,0
13.09777545928955,5,0,0,0
13.113158464431763,5,0,0,0
13.12964916229248,5,0,0,0
13.144982814788818,5,0,0,0
13.16131067276001,5,0,0,0
13.176647424697876,5,0,0,0
13.191979885101318,5,0,0,0
13.208261489868164,5,0,0,0
13.224656820297241,5,0,0,0
13.239964962005615,5,0,0,0
13.256324291229248,5,0,0,0
13.272658824920654,5,0,0,0
13.287988662719727,5,0,0,0
13.304399251937866,5,0,0,0
13.32069706916809,5,0,0,0
13.336000680923462,5,0,0,0
13.352385997772217,5,0,0,0
13.36873483657837,5,0,0,0
13.384196281433105,5,0,0,0
13.40059232711792,5,0,0,0
13.41689920425415,5,0,0,0
13.433253049850464,5,0,0,0
13.44959306716919,5,0,0,0
13.465936422348022,5,0,0,0
13.48229694366455,5,0,0,0
13.498619318008423,5,0,0,0
13.51399827003479,5,0,0,0
13.530311584472656,5,0,0,0
13.546637058258057,5,0,0,0
13.561983346939087,5,0,0,0
13.589606761932373,3,0,0,0
13.603000402450562,3,0,0,0
13.619315147399902,3,0,0,0
13.635671138763428,3,0,0,0
13.65097951889038,3,0,0,0
13.667272090911865,3,0,0,0
13.68363094329834,3,0,0,0
13.699922323226929,3,0,0,0
13.716241359710693,3,0,0,0
13.732731342315674,3,0,0,0
13.748053312301636,3,0,0,0
13.764419794082642,3,0,0,0
13.781749486923218,3,0,0,0
13.797098398208618,3,0,0,0
13.813472509384155,3,0,0,0
13.829780578613281,3,0,0,0
13.84513783454895,3,0,0,0
13.861469030380249,3,0,0,0
13.877792596817017,3,0,0,0
13.893199920654297,3,0,0,0
13.909525871276855,3,0,0,0
13.925883054733276,3,0,0,0
13.942201614379883,3,0,0,0
13.958475828170776,3,0,0,0
13.974833250045776,3,0,0,0
13.990127086639404,3,0,0,0
14.006467342376709,3,0,0,0
14.022782802581787,3,0,0,0
14.038137435913086,3,0,0,0
14.054501295089722,3,0,0,0
14.070805788040161,3,0,0,0
14.08612585067749,3,0,0,0
14.102468729019165,3,0,0,0
14.118758201599121,3,0,0,0
14.134170055389404,3,0,0,0
14.150451421737671,3,0,0,0
14.166834592819214,3,0,0,0
14.181200742721558,3,0,0,0
14.197532176971436,3,0,0,0
14.212979793548584,3,0,0,0
14.229297161102295,3,0,0,0
14.245664596557617,3,0,0,0
14.26101040840149,3,0,0,0
14.277352809906006,3,0,0,0
14.293791055679321,3,0,0,0
14.309093236923218,3,0,0,0
14.325646162033081,3,0,0,0
14.340953588485718,3,0,0,0
14.357267618179321,3,0,0,0
14.373612403869629,3,0,0,0
14.389889001846313,3,0,0,0
14.40623950958252,3,0,0,0
14.42258596420288,3,0,0,0
14.438934326171875,3,0,0,0
14.455350399017334,3,0,0,0
14.471676111221313,3,0,0,0
14.487000465393066,3,0,0,0
14.50339126586914,3,0,0,0
14.519712686538696,3,0,0,0
14.53507685661316,3,0,0,0
14.551427364349365,3,0,0,0
14.567739248275757,3,0,0,0
14.60054063796997,4,0,0,0
14.613900661468506,4,0,0,0
14.63021445274353,4,0,0,0
14.646560907363892,4,0,0,0
14.661977052688599,4,0,0,0
14.678284883499146,4,0,0,0
14.694692373275757,4,0,0,0
14.710025072097778,4,0,0,0
14.726390838623047,4,0,0,0
14.742754459381104,4,0,0,0
14.758084058761597,4,0,0,0
14.77558159828186,4,0,0,0
14.791900396347046,4,0,0,0
14.808208703994751,4,0,0,0
14.824637413024902,4,0,0,0
14.840954065322876,4,0,0,0
14.857252836227417,4,0,0,0
14.873598575592041,4,0,0,0
14.889887809753418,4,0,0,0
14.90626835823059,4,0,0,0
14.922633647918701,4,0,0,0
14.938931941986084,4,0,0,0
14.955277442932129,4,0,0,0
14.971588134765625,4,0,0,0
14.987870931625366,4,0,0,0
15.00428295135498,4,0,0,0
15.020647525787354,4,0,0,0
15.036337852478027,4,0,0,0
15.0526864528656,4,0,0,0
15.067986011505127,4,0,0,0
15.084410190582275,4,0,0,0
15.100738286972046,4,0,0,0
15.116073608398438,4,0,0,0
15.132402896881104,4,0,0,0
15.148705959320068,4,0,0,0
15.164119005203247,4,0,0,0
15.179432153701782,4,0,0,0
15.196213483810425,4,1,0,1
15.212131261825562,4,1,0,1
15.227994918823242,4,1,0,1
15.244925498962402,4,1,0,1
15.261844396591187,4,0,0,1
15.277646780014038,4,0,0,1
15.29360055923462,4,0,0,1
15.309462070465088,4,0,0,1
15.325378179550171,4,0,0,1
15.34128451347351,4,0,0,1
15.357126474380493,4,0,0,1
15.373101234436035,4,0,0,1
15.388949632644653,4,0,0,1
15.405871868133545,4,0,0,1
15.422813415527344,4,0,0,1
15.438677549362183,4,0,0,1
15.454664468765259,4,0,0,1
15.47061014175415,4,0,0,1
15.486495018005371,4,0,0,1
15.5024254322052,4,0,0,1
15.518319368362427,4,0,0,1
15.534441232681274,4,0,0,1
15.55031418800354,4,0,0,1
15.566237688064575,4,0,0,1
15.582148551940918,4,0,0,1
15.598008871078491,4,0,0,1
15.613984107971191,4,0,0,1
15.630872964859009,4,0,0,1
15.647746086120605,4,0,0,1
15.663719892501831,4,0,0,1
15.679576635360718,4,0,0,1
15.695516347885132,4,0,0,1
15.71142029762268,4,0,0,1
15.727283954620361,4,0,0,1
15.743266344070435,4,0,0,1
15.75913953781128,4,0,0,1
15.77509069442749,4,0,0,1
15.791016101837158,4,0,0,1
15.807900667190552,4,0,0,1
15.824092864990234,4,0,0,1
15.840914964675903,4,0,0,1
15.857824802398682,4,0,0,1
15.873846769332886,4,0,0,1
15.889710426330566,4,0,0,1
15.905659914016724,4,0,0,1
15.921568393707275,4,0,0,1
15.937454462051392,4,0,0,1
15.953455924987793,4,0,0,1
15.969346761703491,4,0,0,1
15.985305070877075,4,0,0,1
16.001201629638672,4,0,0,1
16.017094135284424,4,0,0,1
16.033127069473267,4,0,0,1
16.048961877822876,4,0,0,1
16.06589961051941,4,0,0,1
16.08278465270996,4,0,0,1
16.098646879196167,4,0,0,1
16.114641904830933,4,0,0,1
16.13059687614441,4,0,0,1
16.14649271965027,4,0,0,1
16.162426710128784,4,0,0,1
16.178333282470703,4,0,0,1
16.194342136383057,4,0,0,1
16.210246562957764,4,0,0,1
16.226194381713867,4,0,0,1
16.242103815078735,4,0,0,1
16.25800395011902,4,0,0,1
16.274015426635742,4,0,0,1
16.290889739990234,4,0,0,1
16.30779767036438,4,0,0,1
16.323773860931396,4,0,0,1
16.339650630950928,4,0,0,1
16.35558795928955,4,0,0,1
16.37149667739868,4,0,0,1
16.387393951416016,4,0,0,1
16.40334916114807,4,0,0,1
16.419238328933716,4,0,0,1
16.435264110565186,4,0,0,1
16.451169967651367,4,0,0,1
16.467058181762695,4,0,0,1
16.483048915863037,4,0,0,1
16.499908924102783,4,0,0,1
16.516820669174194,4,0,0,1
16.532807111740112,4,0,0,1
16.54863452911377,4,0,0,1
16.56454300880432,4,0,0,1
16.580413341522217,4,0,0,1
16.596280097961426,4,0,0,1
16.612176656723022,4,0,0,1
16.62803888320923,4,0,0,1
16.64396047592163,4,0,0,1
16.66081738471985,4,0,0,1
16.676681756973267,4,0,0,1
16.692585706710815,4,0,0,1
16.70845675468445,4,0,0,1
16.724387168884277,4,0,0,1
16.740225076675415,4,0,0,1
16.756150245666504,4,0,0,1
16.772064685821533,4,0,0,1
16.78893256187439,4,0,0,1
16.805875301361084,4,0,0,1
16.82278609275818,4,0,0,1
16.838690757751465,4,0,0,1
16.854660749435425,4,0,0,1
16.87059497833252,4,0,0,1
16.886502981185913,4,0,0,1
16.902454614639282,4,0,0,1
16.918339490890503,4,0,0,1
16.93431282043457,4,0,0,1
16.950188636779785,4,0,0,1
16.96613311767578,4,0,0,1
16.982014656066895,4,0,0,1
16.998841047286987,4,0,0,1
17.014792442321777,4,0,0,1
17.0307035446167,4,0,0,1
17.046578884124756,4,0,0,1
17.062517166137695,4,0,0,1
17.078410863876343,4,0,0,1
17.09439778327942,4,0,0,1
17.110301733016968,4,0,0,1
17.126240730285645,4,0,0,1
17.14217519760132,4,0,0,1
17.158057928085327,4,0,0,1
17.17404866218567,4,0,0,1
17.1909236907959,4,0,0,1
17.20780873298645,4,0,0,0
17.237361907958984,2,0,0,0
17.250823497772217,2,0,0,0
17.266123056411743,2,0,0,0
17.282470226287842,2,0,0,0
17.298766613006592,2,0,0,0
17.314181327819824,2,0,0,0
17.33046317100525,2,0,0,0
17.34681224822998,2,0,0,0
17.362160682678223,2,0,0,0
17.378469944000244,2,0,0,0
17.394904613494873,2,0,0,0
17.41129469871521,2,0,0,0
17.427690029144287,2,0,0,0
17.443206787109375,2,0,0,0
17.459627389907837,2,0,0,0
17.475109338760376,2,0,0,0
17.491507530212402,2,0,0,0
17.507937908172607,2,0,0,0
17.524436712265015,2,0,0,0
17.54086208343506,2,0,0,0
17.55632257461548,2,0,0,0
17.572749614715576,2,0,0,0
17.588152647018433,2,0,0,0
17.60461401939392,2,0,0,0
17.62001323699951,2,0,0,0
17.63651156425476,2,0,0,0
17.651975393295288,2,0,0,0
17.66841411590576,2,0,0,0
17.684926748275757,2,0,0,0
17.70149874687195,2,0,0,0
17.71695876121521,2,0,0,0
17.733479261398315,2,0,0,0
17.7499418258667,2,0,0,0
17.76645302772522,2,0,0,0
17.78297448158264,2,0,0,0
17.79945206642151,2,0,0,0
17.815011024475098,2,0,0,0
17.831491231918335,2,0,0,0
17.84697127342224,2,0,0,0
17.863502264022827,2,0,0,0
17.879974842071533,2,0,0,0
17.896480560302734,2,0,0,0
17.912005186080933,2,0,0,0
17.928659677505493,2,0,0,0
17.944236755371094,2,0,0,0
17.960704803466797,2,0,0,0
17.97619605064392,2,0,0,0
17.99266290664673,2,0,0,0
18.008132457733154,2,0,0,0
18.02467656135559,2,0,0,0
18.040148735046387,2,0,0,0
18.056636095046997,2,0,0,0
18.072163105010986,2,0,0,0
18.088611841201782,2,0,0,0
18.104182243347168,2,0,0,0
18.12067174911499,2,0,0,0
18.136094570159912,2,0,0,0
18.15260648727417,2,0,0,0
18.168084859848022,2,0,0,0
18.183671712875366,2,0,0,0
18.199119567871094,2,0,0,0
18.215685606002808,2,0,0,0
18.248130083084106,1,0,0,0
18.261762857437134,1,0,0,0
18.277207851409912,1,0,0,0
18.293708562850952,1,0,0,0
18.309181928634644,1,0,0,0
18.325684785842896,1,0,0,0
18.341187000274658,1,0,0,0
18.35764479637146,1,0,0,0
18.37325119972229,1,0,0,0
18.389724731445312,1,0,0,0
18.40522861480713,1,0,0,0
18.421700477600098,1,0,0,0
18.437111377716064,1,0,0,0
18.45361351966858,1,0,0,0
18.46903967857361,1,0,0,0
18.485599040985107,1,0,0,0
18.501102209091187,1,0,0,0
18.517587900161743,1,0,0,0
18.533153295516968,1,0,0,0
18.549634218215942,1,0,0,0
18.56515073776245,1,0,0,0
18.581634759902954,1,0,0,0
18.597102165222168,1,0,0,0
18.613629817962646,1,0,0,0
18.629116535186768,1,0,0,0
18.645653009414673,1,0,0,0
18.661144733428955,1,0,0,0
18.677595853805542,1,0,0,0
18.693174362182617,1,0,0,0
18.709650993347168,1,0,0,0
19.29879927635193,3,1,1,0
19.312490940093994,3,0,0,0
19.32794690132141,3,0,0,0
19.344521045684814,3,0,0,0
19.359979152679443,3,0,0,0
19.376513481140137,3,0,0,0
19.39203143119812,3,0,0,0
19.40851140022278,3,0,0,0
19.424076795578003,3,0,0,0
19.44062852859497,3,0,0,0
19.4560329914093,3,0,0,0
19.472543954849243,3,0,0,0
19.4880108833313,3,0,0,0
19.504608631134033,3,0,0,0
19.520045280456543,3,0,0,0
19.536537408828735,3,0,0,0
19.55201268196106,3,0,0,0
19.568486213684082,3,0,0,0
19.584036350250244,3,0,0,0
19.60056734085083,3,0,0,0
19.615997552871704,3,0,0,0
19.632511854171753,3,0,0,0
19.648003339767456,3,0,0,0
19.66459608078003,3,0,0,0
19.680043697357178,3,0,0,0
19.696568727493286,3,0,0,0
19.712066650390625,3,0,0,0
19.745559692382812,1,0,0,0
19.759074687957764,1,0,0,0
19.776650190353394,1,0,0,0
19.792158365249634,1,0,0,0
19.808629512786865,1,0,0,0
19.824170112609863,1,0,0,0
19.840710163116455,1,0,0,0
19.856141805648804,1,0,0,0
19.872682094573975,1,0,0,0
19.888150930404663,1,0,0,0
19.904739379882812,1,0,0,0
19.9201877117157,1,0,0,0
19.936667919158936,1,0,0,0
19.952168703079224,1,0,0,0
19.968586444854736,1,0,0,0
19.98413610458374,1,0,0,0
20.000675916671753,1,0,0,0
20.016122341156006,1,0,0,0
20.032598733901978,1,0,0,0
20.048091173171997,1,0,0,0
20.064655542373657,1,0,0,0
20.08009147644043,1,0,0,0
20.09662103652954,1,0,0,0
20.112135887145996,1,0,0,0
20.12861156463623,1,0,0,0
20.14414095878601,1,0,0,0
20.16067409515381,1,0,0,0
20.17510676383972,1,0,0,0
20.19159197807312,1,0,0,0
20.20708918571472,1,0,0,0
20.223617553710938,1,0,0,0
20.239087104797363,1,0,0,0
20.25565528869629,1,0,0,0
20.27116560935974,1,0,0,0
20.287672996520996,1,0,0,0
20.303251266479492,1,0,0,0
20.319688081741333,1,0,0,0
20.335157871246338,1,0,0,0
20.35163378715515,1,0,0,0
20.367108583450317,1,0,0,0
20.38367247581482,1,0,0,0
20.922778606414795,5,1,1,0
20.93635630607605,5,0,0,0
20.952813625335693,5,0,0,0
20.968257188796997,5,0,0,0
20.98474884033203,5,0,0,0
21.00019407272339,5,0,0,0
21.01666259765625,5,0,0,0
21.03218722343445,5,0,0,0
21.04865312576294,5,0,0,0
21.064191341400146,5,0,0,0
21.080878734588623,5,0,0,0
21.097365617752075,5,0,0,0
21.113335132598877,5,0,0,0
21.129821062088013,5,0,0,0
21.145358562469482,5,0,0,0
21.161051750183105,5,0,0,0
21.176643133163452,5,0,0,0
21.19229245185852,5,0,0,0
21.20885682106018,5,0,0,0
21.224499702453613,5,0,0,0
21.240089893341064,5,0,0,0
21.256687879562378,5,0,0,0
21.272327661514282,5,0,0,0
21.288915157318115,5,0,0,0
21.305557012557983,5,0,0,0
21.321184635162354,5,0,0,0
21.337790489196777,5,0,0,0
21.353424787521362,5,0,0,0
21.36978554725647,5,0,0,0
21.38516640663147,5,0,0,0
21.415720462799072,4,0,0,0
21.429119110107422,4,0,0,0
21.445517778396606,4,0,0,0
21.461844205856323,4,0,0,0
21.477169275283813,4,0,0,0
21.493550777435303,4,0,0,0
21.50988221168518,4,0,0,0
21.5262451171875,4,0,0,0
21.54275345802307,4,0,0,0
21.558086156845093,4,0,0,0
21.574524402618408,4,0,0,0
21.590831756591797,4,0,0,0
21.606139183044434,4,0,0,0
21.622520685195923,4,0,0,0
21.638824224472046,4,0,0,0
21.65435028076172,4,0,0,0
21.670692443847656,4,0,0,0
21.68597912788391,4,0,0,0
21.702285528182983,4,0,0,0
21.71856188774109,4,0,0,0
21.734912157058716,4,0,0,0
21.75120186805725,4,0,0,0
21.767495155334473,4,0,0,0
21.784895658493042,4,0,0,0
21.80118465423584,4,0,0,0
21.8175208568573,4,0,0,0
21.833870887756348,4,0,0,0
21.85017991065979,4,0,0,0
21.86656904220581,4,0,0,0
21.88292956352234,4,0,0,0
21.899219512939453,4,0,0,0
21.915623903274536,4,0,0,0
21.931925058364868,4,0,0,0
21.948224544525146,4,0,0,0
21.964609622955322,4,0,0,0
21.980942249298096,4,0,0,0
21.997260808944702,4,0,0,0
22.013604164123535,4,0,0,0
22.028961181640625,4,0,0,0
22.04536271095276,4,0,0,0
22.06167984008789,4,0,0,0
22.077021598815918,4,0,0,0
22.093429565429688,4,0,0,0
22.10975456237793,4,0,0,0
22.125092267990112,4,0,0,0
22.14157199859619,4,0,0,0
22.15788221359253,4,0,0,0
22.17327356338501,4,0,0,0
22.189604997634888,4,0,0,0
22.204952478408813,4,0,0,0
22.2212872505188,4,0,0,0
22.23761534690857,4,0,0,0
22.253034591674805,4,0,0,0
22.26936936378479,4,0,0,0
22.28572726249695,4,0,0,0
22.301071643829346,4,0,0,0
22.317384958267212,4,0,0,0
22.333791971206665,4,0,0,0
22.349100589752197,4,0,0,0
22.365508317947388,4,0,0,0
22.381015300750732,4,0,0,0
22.39735746383667,4,0,0,0
22.42788553237915,2,0,0,0
22.441354990005493,2,0,0,0
22.45768713951111,2,0,0,0
22.473111629486084,2,0,0,0
22.489428520202637,2,0,0,0
22.505812406539917,2,0,0,0
22.521185159683228,2,0,0,0
22.53751516342163,2,0,0,0
22.55298399925232,2,0,0,0
22.569308280944824,2,0,0,0
22.585698127746582,2,0,0,0
22.601038217544556,2,0,0,0
22.61736297607422,2,0,0,0
22.633705377578735,2,0,0,0
22.649003982543945,2,0,0,0
22.665438175201416,2,0,0,0
22.681785345077515,2,0,0,0
22.69712233543396,2,0,0,0
22.71351408958435,2,0,0,0
22.729841947555542,2,0,0,0
22.745217084884644,2,0,0,0
22.76156449317932,2,0,0,0
22.778908491134644,2,0,0,0
22.79530906677246,2,0,0,0
22.81161618232727,2,0,0,0
22.82693886756897,2,0,0,0
22.84370470046997,2,1,0,1
22.85948872566223,2,1,0,1
22.875394344329834,2,1,0,1
22.89130973815918,2,1,0,1
22.907122135162354,2,1,0,1
22.923169136047363,2,0,0,1
22.93895387649536,2,0,0,1
22.955892086029053,2,0,0,1
22.972819328308105,2,0,0,1
22.98867154121399,2,0,0,1
23.0046124458313,2,0,0,1
23.02046227455139,2,0,0,1
23.036378860473633,2,0,0,1
23.05227756500244,2,0,0,1
23.068133115768433,2,0,0,1
23.084078788757324,2,0,0,1
23.100923776626587,2,0,0,1
23.117764472961426,2,0,0,1
23.13375234603882,2,0,0,1
23.149620294570923,2,0,0,1
23.165553331375122,2,0,0,1
23.180458784103394,2,0,0,1
23.19638729095459,2,0,0,1
23.212307453155518,2,0,0,1
23.22812581062317,2,0,0,1
23.244058847427368,2,0,0,1
23.260887622833252,2,0,0,1
23.277737379074097,2,0,0,1
23.29369807243347,2,0,0,1
23.309515237808228,2,0,0,1
23.325405597686768,2,0,0,1
23.341292142868042,2,0,0,1
23.35714840888977,2,0,0,1
23.37314772605896,2,0,0,1
23.38901114463806,2,0,0,1
23.405935525894165,2,0,0,1
23.422804594039917,2,0,0,1
23.43868112564087,2,0,0,1
23.45470929145813,2,0,0,1
23.470664739608765,2,0,0,1
23.486568212509155,2,0,0,1
23.502482414245605,2,0,0,1
23.518375635147095,2,0,0,1
23.53436541557312,2,0,0,1
23.550249099731445,2,0,0,1
23.566199779510498,2,0,0,1
23.582127332687378,2,0,0,1
23.59799361228943,2,0,0,1
23.61402130126953,2,0,0,1
23.63089346885681,2,0,0,1
23.64777159690857,2,0,0,1
23.66374135017395,2,0,0,1
23.67961573600769,2,0,0,1
23.695560455322266,2,0,0,1
23.711488008499146,2,0,0,1
23.72736358642578,2,0,0,1
23.74362802505493,2,0,0,1
23.759453058242798,2,0,0,1
23.7753963470459,2,0,0,1
23.791269540786743,2,0,0,1
23.807154178619385,2,0,0,1
23.823137521743774,2,0,0,1
23.839008808135986,2,0,0,1
23.85497522354126,2,0,0,1
23.87185549736023,2,0,0,1
23.887775897979736,2,0,0,1
23.903734922409058,2,0,0,1
23.919612169265747,2,0,0,1
23.93554711341858,2,0,0,1
23.951459407806396,2,0,0,1
23.967347145080566,2,0,0,1
23.983327865600586,2,0,0,1
23.99920916557312,2,0,0,1
24.015167713165283,2,0,0,1
24.03105902671814,2,0,0,1
24.046959400177002,2,0,0,1
24.06295347213745,2,0,0,1
24.07987332344055,2,0,0,1
24.095739603042603,2,0,0,1
24.11162757873535,2,0,0,1
24.127485513687134,2,0,0,1
24.143585443496704,2,0,0,1
24.15942692756653,2,0,0,1
24.17534327507019,2,0,0,1
24.19123077392578,2,0,0,1
24.20709776878357,2,0,0,1
24.22310185432434,2,0,0,1
24.238969087600708,2,0,0,1
24.255932569503784,2,0,0,1
24.272874116897583,2,0,0,1
24.289766311645508,2,0,0,1
24.305685997009277,2,0,0,1
24.32161521911621,2,0,0,1
24.337493419647217,2,0,0,1
24.35349202156067,2,0,0,1
24.36937403678894,2,0,0,1
24.38531994819641,2,0,0,1
24.401246070861816,2,0,0,1
24.417126417160034,2,0,0,1
24.4331476688385,2,0,0,1
24.449058771133423,2,0,0,1
24.465004205703735,2,0,0,1
24.481906175613403,2,0,0,1
24.498767852783203,2,0,0,1
24.51474666595459,2,0,0,1
24.530664205551147,2,0,0,1
24.54657220840454,2,0,0,1
24.562507152557373,2,0,0,1
24.57839584350586,2,0,0,1
24.594365119934082,2,0,0,1
24.610252141952515,2,0,0,1
24.626209497451782,2,0,0,1
24.642106771469116,2,0,0,1
24.65893816947937,2,0,0,1
24.67588472366333,2,0,0,1
24.692816257476807,2,0,0,1
24.70864200592041,2,0,0,1
24.724562883377075,2,0,0,1
24.74040389060974,2,0,0,1
24.7563533782959,2,0,0,1
24.772266387939453,2,0,0,1
24.788134336471558,2,0,0,1
24.804083585739136,2,0,0,1
24.819945335388184,2,0,0,1
24.836872816085815,2,0,0,1
24.853826999664307,2,0,0,0
24.883370399475098,2,0,0,0
24.896689891815186,2,0,0,0
24.91202688217163,2,0,0,0
24.928349018096924,2,0,0,0
24.94473910331726,2,0,0,0
24.960036277770996,2,0,0,0
24.976402759552002,2,0,0,0
24.992753505706787,2,0,0,0
25.0080623626709,2,0,0,0
25.02450728416443,2,0,0,0
25.04082727432251,2,0,0,0
25.056129455566406,2,0,0,0
25.072471380233765,2,0,0,0
25.088781356811523,2,0,0,0
25.104198694229126,2,0,0,0
25.120585918426514,2,0,0,0
25.13686513900757,2,0,0,0
25.15321135520935,2,0,0,0
25.169498682022095,2,0,0,0
25.185869693756104,2,0,0,0
25.20284342765808,2,1,0,1
25.218716859817505,2,1,0,1
25.23468041419983,2,1,0,1
25.250644207000732,2,1,0,1
25.266557931900024,2,1,0,1
25.28250479698181,2,1,0,1
25.298429489135742,2,1,0,1
25.314461946487427,2,0,0,1
25.330291271209717,2,0,0,1
25.346235752105713,2,0,0,1
25.362199783325195,2,0,0,1
25.378074884414673,2,0,0,1
25.394039154052734,2,0,0,1
25.41092014312744,2,0,0,1
25.427815437316895,2,0,0,1
25.44383668899536,2,0,0,1
25.459705352783203,2,0,0,1
25.47565197944641,2,0,0,1
25.491541147232056,2,0,0,1
25.50740647315979,2,0,0,1
25.523415565490723,2,0,0,1
25.539294004440308,2,0,0,1
25.555262804031372,2,0,0,1
25.571183919906616,2,0,0,1
25.58710551261902,2,0,0,1
25.603071689605713,2,0,0,1
25.618971347808838,2,0,0,1
25.635947227478027,2,0,0,1
25.652875185012817,2,0,0,1
25.669739484786987,2,0,0,1
25.685656309127808,2,0,0,1
25.70155906677246,2,0,0,1
25.71742868423462,2,0,0,1
25.733407735824585,2,0,0,1
25.749428272247314,2,0,0,1
25.76537847518921,2,0,0,1
25.782261610031128,2,0,0,1
25.798206567764282,2,0,0,1
25.814162969589233,2,0,0,1
25.830015659332275,2,0,0,1
25.846932888031006,2,0,0,1
25.863870859146118,2,0,0,1
25.880737781524658,2,0,0,1
25.896647214889526,2,0,0,1
25.912601947784424,2,0,0,1
25.928496837615967,2,0,0,1
25.9444739818573,2,0,0,1
25.960368156433105,2,0,0,1
25.97631001472473,2,0,0,1
25.992258310317993,2,0,0,1
26.008119583129883,2,0,0,1
26.02405595779419,2,0,0,1
26.040886402130127,2,0,0,1
26.0577712059021,2,0,0,1
26.07371163368225,2,0,0,1
26.089570999145508,2,0,0,1
26.105525255203247,2,0,0,1
26.121907711029053,2,0,0,1
26.13873267173767,2,0,0,1
26.15467619895935,2,0,0,1
26.170617818832397,2,0,0,1
26.186484336853027,2,0,0,1
26.202396392822266,2,0,0,1
26.218258380889893,2,0,0,1
26.23420214653015,2,0,0,1
26.250070095062256,2,0,0,1
26.265989065170288,2,0,0,1
26.282899379730225,2,0,0,1
26.299760341644287,2,0,0,1
26.315701007843018,2,0,0,1
26.331590175628662,2,0,0,1
26.34745168685913,2,0,0,1
26.363434076309204,2,0,0,1
26.37929129600525,2,0,0,1
26.395212411880493,2,0,0,1
26.41109299659729,2,0,0,1
26.42695140838623,2,0,0,1
26.443886518478394,2,0,0,1
26.46074151992798,2,0,0,1
26.476592540740967,2,0,0,1
26.492484092712402,2,0,0,1
26.508333683013916,2,0,0,1
26.52431845664978,2,0,0,1
26.540152311325073,2,0,0,1
26.55604863166809,2,0,0,1
26.571964502334595,2,0,0,1
26.588829278945923,2,0,0,1
26.604766368865967,2,0,0,1
26.620710849761963,2,0,0,1
26.636560440063477,2,0,0,1
26.65247344970703,2,0,0,1
26.66834282875061,2,0,0,1
26.684322357177734,2,0,0,1
26.700196743011475,2,0,0,1
26.71613574028015,2,0,0,1
26.732040643692017,2,0,0,1
26.748903274536133,2,0,0,1
26.765857696533203,2,0,0,1
26.782753705978394,2,0,0,1
26.798665523529053,2,0,0,1
26.81459403038025,2,0,0,1
26.830549955368042,2,0,0,1
26.84642505645752,2,0,0,1
26.86237621307373,2,0,0,1
26.87827754020691,2,0,0,1
26.894267559051514,2,0,0,1
26.910136938095093,2,0,0,1
26.926068544387817,2,0,0,1
26.941978454589844,2,0,0,1
26.958845615386963,2,0,0,1
26.974787950515747,2,0,0,1
26.990692615509033,2,0,0,1
27.00654363632202,2,0,0,1
27.022435665130615,2,0,0,1
27.0383083820343,2,0,0,1
27.054280996322632,2,0,0,1
27.07017159461975,2,0,0,1
27.086127996444702,2,0,0,1
27.10293936729431,2,0,0,1
27.119815587997437,2,0,0,1
27.135727882385254,2,0,0,1
27.151627779006958,2,0,0,1
27.167513370513916,2,0,0,1
27.18251919746399,2,0,0,1
27.19839882850647,2,0,0,1
27.214365482330322,2,0,0,0
27.24506640434265,4,0,0,0
27.258434534072876,4,0,0,0
27.274883270263672,4,0,0,0
27.291192531585693,4,0,0,0
27.30750608444214,4,0,0,0
27.323901176452637,4,0,0,0
27.340200662612915,4,0,0,0
27.35653805732727,4,0,0,0
27.372896671295166,4,0,0,0
27.389233589172363,4,0,0,0
27.40563154220581,4,0,0,0
27.421027183532715,4,0,0,0
27.43733501434326,4,0,0,0
27.453693628311157,4,0,0,0
27.46900224685669,4,0,0,0
27.48537826538086,4,0,0,0
27.50170087814331,4,0,0,0
27.516992330551147,4,0,0,0
27.533374547958374,4,0,0,0
27.549710512161255,4,0,0,0
27.565091609954834,4,0,0,0
27.581411838531494,4,0,0,0
27.59802532196045,4,1,0,1
27.612980127334595,4,1,0,1
27.6298508644104,4,1,0,1
27.645777702331543,4,1,0,1
27.66167688369751,4,1,0,1
27.677589416503906,4,0,0,1
27.693483591079712,4,0,0,1
27.70934224128723,4,0,0,1
27.72527050971985,4,0,0,1
27.74114179611206,4,0,0,1
27.756993055343628,4,0,0,1
27.773882627487183,4,0,0,1
27.79072141647339,4,0,0,1
27.80660629272461,4,0,0,1
27.822500467300415,4,0,0,1
27.83836555480957,4,0,0,1
27.85431170463562,4,0,0,1
27.870197534561157,4,0,0,1
27.88613486289978,4,0,0,1
27.90208864212036,4,0,0,1
27.918896913528442,4,0,0,1
27.93586301803589,4,0,0,1
27.9517560005188,4,0,0,1
27.967618703842163,4,0,0,1
27.983604907989502,4,0,0,1
27.999488353729248,4,0,0,1
28.01541233062744,4,0,0,1
28.031317710876465,4,0,0,1
28.047203302383423,4,0,0,1
28.063194751739502,4,0,0,1
28.079067945480347,4,0,0,1
28.095012187957764,4,0,0,1
28.111931085586548,4,0,0,1
28.12878680229187,4,0,0,1
28.14477801322937,4,0,0,1
28.160680294036865,4,0,0,1
28.176594257354736,4,0,0,1
28.192538499832153,4,0,0,1
28.20842480659485,4,0,0,1
28.22440814971924,4,0,0,1
28.24028444290161,4,0,0,1
28.256242036819458,4,0,0,1
28.272144079208374,4,0,0,1
28.288009643554688,4,0,0,1
28.304094791412354,4,0,0,1
28.319956302642822,4,0,0,1
28.33687400817871,4,0,0,1
28.35390281677246,4,0,0,1
28.370779991149902,4,0,0,1
28.38669180870056,4,0,0,1
28.40264582633972,4,0,0,1
28.418546438217163,4,0,0,1
28.434550046920776,4,0,0,1
28.45044183731079,4,0,0,1
28.46641993522644,4,0,0,1
28.482366800308228,4,0,0,1
28.498246669769287,4,0,0,1
28.514238595962524,4,0,0,1
28.5301034450531,4,0,0,1
28.54604148864746,4,0,0,1
28.561973571777344,4,0,0,1
28.578855991363525,4,0,0,1
28.59422206878662,4,0,0,1
28.61008358001709,4,0,0,1
28.626055002212524,4,0,0,1
28.642058849334717,4,0,0,1
28.658000230789185,4,0,0,1
28.674091339111328,4,0,0,1
28.69009256362915,4,0,0,1
28.70618987083435,4,0,0,1
28.722313404083252,4,0,0,1
28.73833394050598,4,0,0,1
28.754512548446655,4,0,0,1
28.770527601242065,4,0,0,1
28.78655767440796,4,0,0,1
28.8026340007782,4,0,0,1
28.81863784790039,4,0,0,1
28.834778308868408,4,0,0,1
28.84995198249817,4,0,0,1
28.86604404449463,4,0,0,1
28.88212537765503,4,0,0,1
28.898099660873413,4,0,0,1
28.9143168926239,4,0,0,1
28.930282831192017,4,0,0,1
28.946337938308716,4,0,0,1
28.96248197555542,4,0,0,1
28.978532552719116,4,0,0,1
28.994605541229248,4,0,0,1
29.01065945625305,4,0,0,1
29.02668333053589,4,0,0,1
29.042818784713745,4,0,0,1
29.058809995651245,4,0,0,1
29.07398819923401,4,0,0,1
29.090034246444702,4,0,0,1
29.106011390686035,4,0,0,1
29.122098684310913,4,0,0,1
29.1380877494812,4,0,0,1
29.15414834022522,4,0,0,1
29.170103311538696,4,0,0,1
29.1861789226532,4,0,0,1
29.20224928855896,4,0,0,1
29.218266010284424,4,0,0,1
29.23449993133545,4,0,0,1
29.25057888031006,4,0,0,1
29.26653742790222,4,0,0,1
29.282679080963135,4,0,0,1
29.298731565475464,4,0,0,1
29.314846992492676,4,0,0,1
29.330865144729614,4,0,0,1
29.3468759059906,4,0,0,1
29.36297607421875,4,0,0,1
29.378989219665527,4,0,0,1
29.395174026489258,4,0,0,1
29.41129779815674,4,0,0,1
29.4272518157959,4,0,0,1
29.44336986541748,4,0,0,1
29.459375381469727,4,0,0,1
29.475390911102295,4,0,0,1
29.4914608001709,4,0,0,1
29.507517337799072,4,0,0,1
29.523645877838135,4,0,0,1
29.539586782455444,4,0,0,1
29.555652856826782,4,0,0,1
29.57175374031067,4,0,0,1
29.587660789489746,4,0,0,1
29.60362410545349,4,0,0,0
29.634357929229736,4,0,0,0
29.647714853286743,4,0,0,0
29.663241147994995,4,0,0,0
29.679596424102783,4,0,0,0
29.694978713989258,4,0,0,0
29.71131134033203,4,0,0,0
29.727631092071533,4,0,0,0
29.743168830871582,4,0,0,0
29.759521484375,4,0,0,0
29.77693247795105,4,0,0,0
29.793349027633667,4,0,0,0
29.80965757369995,4,0,0,0
29.8250150680542,4,0,0,0
29.841326236724854,4,0,0,0
29.857635736465454,4,0,0,0
29.873125076293945,4,0,0,0
29.889416456222534,4,0,0,0
29.905794382095337,4,0,0,0
29.92112112045288,4,0,0,0
29.937437772750854,4,0,0,0
29.953895568847656,4,0,0,0
29.970197200775146,4,0,0,0
29.986637830734253,4,0,0,0
30.002105712890625,4,0,0,0
30.018500566482544,4,0,0,0
30.03398609161377,4,0,0,0
30.050328493118286,4,0,0,0
30.066774606704712,4,0,0,0
30.082271814346313,4,0,0,0
30.098650455474854,4,0,0,0
30.114100217819214,4,0,0,0
30.130463361740112,4,0,0,0
30.14686918258667,4,0,0,0
30.163272619247437,4,0,0,0
30.178675174713135,4,0,0,0
30.19413733482361,4,0,0,0
30.210453510284424,4,0,0,0
30.226863384246826,4,0,0,0
30.24332618713379,4,0,0,0
30.2596914768219,4,0,0,0
30.275140047073364,4,0,0,0
30.291515588760376,4,0,0,0
30.307875156402588,4,0,0,0
30.324374437332153,4,0,0,0
30.340766429901123,4,0,0,0
30.356175422668457,4,0,0,0
30.37261986732483,4,0,0,0
30.38800024986267,4,0,0,0
30.404455423355103,4,0,0,0
30.42084789276123,4,0,0,0
30.436283826828003,4,0,0,0
30.452697277069092,4,0,0,0
30.46803593635559,4,0,0,0
30.484548330307007,4,0,0,0
30.50091814994812,4,0,0,0
30.51734495162964,4,0,0,0
30.533870697021484,4,0,0,0
30.55027723312378,4,0,0,0
30.56673312187195,4,0,0,0
30.58226203918457,4,0,0,0
30.598655700683594,4,0,0,0
30.614163875579834,4,0,0,0
30.645021677017212,4,0,0,0
30.65848135948181,4,0,0,0
30.67490029335022,4,0,0,0
30.691293954849243,4,0,0,0
30.70769953727722,4,0,0,0
30.723188877105713,4,0,0,0
30.73955512046814,4,0,0,0
30.75496792793274,4,0,0,0
30.772348165512085,4,0,0,0
30.788695335388184,4,0,0,0
30.804197549819946,4,0,0,0
30.820631504058838,4,0,0,0
30.835983753204346,4,0,0,0
30.852442264556885,4,0,0,0
30.868855237960815,4,0,0,0
30.884368419647217,4,0,0,0
30.90077257156372,4,0,0,0
30.916204690933228,4,0,0,0
30.932658910751343,4,0,0,0
30.948041439056396,4,0,0,0
30.964531421661377,4,0,0,0
30.980872631072998,4,0,0,0
30.997302055358887,4,0,0,0
31.01388931274414,4,0,0,0
31.03034496307373,4,0,0,0
31.046834468841553,4,0,0,0
31.062340021133423,4,0,0,0
31.078792572021484,4,0,0,0
31.094287872314453,4,0,0,0
31.110699892044067,4,0,0,0
31.12656259536743,4,0,0,0
31.142029285430908,4,0,0,0
31.158618211746216,4,0,0,0
31.173084020614624,4,0,0,0
31.189537525177002,4,0,0,0
31.205037117004395,4,0,0,0
31.22148561477661,4,0,0,0
31.236940383911133,4,0,0,0
31.25377345085144,4,1,0,1
31.269556283950806,4,1,0,1
31.285466194152832,4,1,0,1
31.301408290863037,4,0,0,1
31.31720995903015,4,0,0,1
31.333215713500977,4,0,0,1
31.349061727523804,4,0,0,1
31.365000009536743,4,0,0,1
31.381883144378662,4,0,0,1
31.398735523223877,4,0,0,1
31.41470241546631,4,0,0,1
31.43062663078308,4,0,0,1
31.446513175964355,4,0,0,1
31.462440490722656,4,0,0,1
31.478313446044922,4,0,0,1
31.49427580833435,4,0,0,1
31.510141849517822,4,0,0,1
31.52607774734497,4,0,0,1
31.54200530052185,4,0,0,1
31.55885601043701,4,0,0,1
31.574825048446655,4,0,0,1
31.590803861618042,4,0,0,1
31.606616020202637,4,0,0,1
31.622549772262573,4,0,0,1
31.63843584060669,4,0,0,1
31.6543972492218,4,0,0,1
31.670265674591064,4,0,0,1
31.686187744140625,4,0,0,1
31.702062606811523,4,0,0,1
31.718909978866577,4,0,0,1
31.735862970352173,4,0,0,1
31.751723766326904,4,0,0,1
31.767578840255737,4,0,0,1
31.784605741500854,4,0,0,1
31.800581693649292,4,0,0,1
31.816476583480835,4,0,0,1
31.832428693771362,4,0,0,1
31.848300218582153,4,0,0,1
31.86432647705078,4,0,0,1
31.8802011013031,4,0,0,1
31.896151542663574,4,0,0,1
31.91210675239563,4,0,0,1
31.92798686027527,4,0,0,1
31.94398832321167,4,0,0,1
31.96085286140442,4,0,0,1
31.976752519607544,4,0,0,1
31.99269199371338,4,0,0,1
32.00859522819519,4,0,0,1
32.02460432052612,4,0,0,1
32.04056453704834,4,0,0,1
32.05646109580994,4,0,0,1
32.07237672805786,4,0,0,1
32.08828163146973,4,0,0,1
32.10426998138428,4,0,0,1
32.12014698982239,4,0,0,1
32.13612365722656,4,0,0,1
32.15199327468872,4,0,0,1
32.16883587837219,4,0,0,1
32.184799671173096,4,0,0,1
32.20069885253906,4,0,0,1
32.216604471206665,4,0,0,1
32.23255133628845,4,0,0,1
32.24844479560852,4,0,0,1
32.26446533203125,4,0,0,1
32.28036308288574,4,0,0,1
32.296303033828735,4,0,0,1
32.312204360961914,4,0,0,1
32.32807421684265,4,0,0,1
32.34404373168945,4,0,0,1
32.35995173454285,4,0,0,1
32.37700700759888,4,0,0,1
32.39300584793091,4,0,0,1
32.40991711616516,4,0,0,1
32.426838397979736,4,0,0,1
32.44281005859375,4,0,0,1
32.458670139312744,4,0,0,1
32.474584341049194,4,0,0,1
32.490437507629395,4,0,0,1
32.50636100769043,4,0,0,1
32.52225971221924,4,0,0,1
32.538188457489014,4,0,0,1
32.55412435531616,4,0,0,1
32.570008993148804,4,0,0,1
32.5869300365448,4,0,0,1
32.60388422012329,4,0,0,1
32.620755672454834,4,0,0,1
32.63660907745361,4,0,0,1
32.652504682540894,4,0,0,1
32.66832876205444,4,0,0,1
32.6842565536499,4,0,0,1
32.700111627578735,4,0,0,1
32.71602392196655,4,0,0,1
32.73293685913086,4,0,0,1
32.749791860580444,4,0,0,1
32.76572132110596,4,0,0,1
32.782613039016724,4,0,0,1
32.79850387573242,4,0,0,1
32.81448173522949,4,0,0,1
32.83036732673645,4,0,0,1
32.84631085395813,4,0,0,1
32.862210750579834,4,0,0,1
32.87805104255676,4,0,0,1
32.89398646354675,4,0,0,1
32.91088581085205,4,0,0,1
32.926743268966675,4,0,0,1
32.94267153739929,4,0,0,1
32.95856595039368,4,0,0,1
32.97453594207764,4,0,0,1
32.9904248714447,4,0,0,1
33.006380796432495,4,0,0,1
33.0223171710968,4,0,0,1
33.038196325302124,4,0,0,1
33.05415344238281,4,0,0,1
33.07000184059143,4,0,0,1
33.08697271347046,4,0,0,1
33.103904724121094,4,0,0,1
33.120757818222046,4,0,0,1
33.13665223121643,4,0,0,1
33.152581453323364,4,0,0,1
33.168474197387695,4,0,0,1
33.1834716796875,4,0,0,1
33.199350357055664,4,0,0,1
33.21529841423035,4,0,0,1
33.23120307922363,4,0,0,1
33.24708271026611,4,0,0,1
33.26311445236206,4,0,0,0
33.29639029502869,1,0,0,0
33.30979323387146,1,0,0,0
33.325138568878174,1,0,0,0
33.34143877029419,1,0,0,0
33.357759952545166,1,0,0,0
33.3732054233551,1,0,0,0
33.38952302932739,1,0,0,0
33.40588188171387,1,0,0,0
33.42223358154297,1,0,0,0
33.43855857849121,1,0,0,0
33.45399045944214,1,0,0,0
33.470303773880005,1,0,0,0
33.48666477203369,1,0,0,0
33.502025842666626,1,0,0,0
33.518346548080444,1,0,0,0
33.53483557701111,1,0,0,0
33.55019426345825,1,0,0,0
33.566561222076416,1,0,0,0
33.58292102813721,1,0,0,0
33.599241495132446,1,0,0,0
33.6156907081604,1,0,0,0
33.63103222846985,1,0,0,0
33.647350788116455,1,0,0,0
33.66380262374878,1,0,0,0
33.679160356521606,1,0,0,0
33.69561576843262,1,0,0,0
33.71096062660217,1,0,0,0
33.727285385131836,1,0,0,0
33.74367547035217,1,0,0,0
33.759023666381836,1,0,0,0
33.77642250061035,1,0,0,0
33.79275345802307,1,0,0,0
33.80804944038391,1,0,0,0
36.45717096328735,1,1,1,0
36.47104811668396,1,1,1,0
36.486483573913574,1,1,1,0
36.50203204154968,1,1,1,0
36.518383502960205,1,1,1,0
36.534796476364136,1,1,1,0
36.55021357536316,1,1,1,0
36.566770792007446,1,1,1,0
36.58214282989502,1,1,1,0
36.59848356246948,1,1,1,0
36.61399507522583,1,1,1,0
36.63032865524292,1,1,1,0
36.646711111068726,1,1,1,0
36.66209602355957,1,1,1,0
36.67844843864441,1,1,1,0
36.69486474990845,1,1,1,0
36.71018433570862,1,1,1,0
36.72657775878906,1,1,1,0
36.74195623397827,1,1,1,0
36.758288621902466,1,1,1,0
36.775731563568115,1,1,1,0
36.791098833084106,1,1,1,0
36.80743408203125,1,1,1,0
36.82386612892151,1,1,1,0
36.840198040008545,1,1,1,0
36.85656189918518,1,1,1,0
36.87291693687439,1,1,1,0
36.88919234275818,1,1,1,0
36.90562868118286,1,1,1,0
36.92194700241089,1,1,1,0
36.93832087516785,1,1,1,0
36.95472598075867,1,1,1,0
36.97001647949219,1,1,1,0
36.986515522003174,1,1,1,0
37.00287747383118,1,1,1,0
37.0191924571991,1,1,1,0
37.0355806350708,1,1,1,0
37.05191206932068,1,1,1,0
37.06819820404053,1,1,1,0
37.08459401130676,1,1,1,0
37.10088920593262,1,1,1,0
37.117385149002075,1,1,1,0
37.13382530212402,1,1,1,0
37.14916515350342,1,1,1,0
37.16566872596741,1,1,1,0
37.17999458312988,1,1,1,0
37.19634819030762,1,1,1,0
37.21267127990723,1,1,1,0
37.22796154022217,1,1,1,0
37.244385957717896,1,1,1,0
37.26075768470764,1,1,1,0
37.27606725692749,1,1,1,0
37.292380809783936,1,1,1,0
37.308674573898315,1,1,1,0
37.32406449317932,1,1,1,0
37.34036707878113,1,1,1,0
37.35672187805176,1,1,1,0
37.37203240394592,1,1,1,0
37.38829970359802,1,1,1,0
37.404640674591064,1,1,1,0
37.42092227935791,1,1,1,0
37.437230587005615,1,1,1,0
37.46490144729614,3,1,1,0
37.47826671600342,3,1,1,0
37.49473595619202,3,1,1,0
37.51004099845886,3,1,1,0
37.52641749382019,3,1,1,0
37.542848348617554,3,1,1,0
37.558186292648315,3,1,1,0
37.574620962142944,3,1,1,0
37.590129137039185,3,1,1,0
37.60651350021362,3,1,1,0
37.62288308143616,3,1,1,0
37.63818335533142,3,1,1,0
37.65469169616699,3,1,1,0
37.669997692108154,3,1,1,0
37.686389207839966,3,1,1,0
37.70276427268982,3,1,1,0
37.718064308166504,3,1,1,0
37.73447346687317,3,1,1,0
37.750813007354736,3,1,1,0
37.766250133514404,3,1,1,0
37.78357219696045,3,1,1,0
37.79992079734802,3,1,1,0
37.8162899017334,3,1,1,0
37.83268070220947,3,1,1,0
37.84797930717468,3,1,1,0
37.864102363586426,3,1,1,0
37.88044762611389,3,1,1,0
37.89681553840637,3,1,1,0
37.91223621368408,3,1,1,0
37.928566455841064,3,1,1,0
37.94473719596863,3,1,1,0
37.96005201339722,3,1,1,0
37.976418256759644,3,1,1,0
37.99278020858765,3,1,1,0
38.00808000564575,3,1,1,0
38.024577617645264,3,1,1,0
38.040921211242676,3,1,1,0
38.05721688270569,3,1,1,0
38.07362174987793,3,1,1,0
38.088963747024536,3,1,1,0
38.10541605949402,3,1,1,0
38.12174034118652,3,1,1,0
38.13703513145447,3,1,1,0
38.15342426300049,3,1,1,0
38.169761657714844,3,1,1,0
38.18548917770386,3,1,1,0
38.201841592788696,3,1,1,0
38.21714496612549,3,1,1,0
38.233540534973145,3,1,1,0
38.24987077713013,3,1,1,0
38.26651978492737,3,1,1,0
38.28290104866028,3,1,1,0
38.29919123649597,3,1,1,0
38.315632820129395,3,0,0,0
38.33192324638367,3,0,0,0
38.34820890426636,3,0,0,0
38.36479616165161,3,0,0,0
38.38011455535889,3,0,0,0
38.396450996398926,3,0,0,0
38.412824392318726,3,0,0,0
38.42814230918884,3,0,0,0
38.444571018218994,3,0,0,0
38.477779388427734,1,0,0,0
38.49125695228577,1,0,0,0
38.507537603378296,1,0,0,0
38.52294707298279,1,0,0,0
38.53924107551575,1,0,0,0
38.5556538105011,1,0,0,0
38.57094669342041,1,0,0,0
38.58723449707031,1,0,0,0
38.60351634025574,1,0,0,0
38.61980891227722,1,0,0,0
38.6351375579834,1,0,0,0
38.65142273902893,1,0,0,0
38.667720556259155,1,0,0,0
38.96077370643616,3,1,1,0
38.97418761253357,3,0,0,0
38.990569829940796,3,0,0,0
39.00684881210327,3,0,0,0
39.02218198776245,3,0,0,0
39.038509368896484,3,0,0,0
39.05489778518677,3,0,0,0
39.071204662323,3,0,0,0
39.087939739227295,3,0,0,0
39.10439944267273,3,0,0,0
39.120728969573975,3,0,0,0
39.13599896430969,3,0,0,0
39.15231680870056,3,0,0,0
39.16866874694824,3,0,0,0
39.18409013748169,3,0,0,0
39.20039749145508,3,0,0,0
39.21676516532898,3,0,0,0
39.232128381729126,3,0,0,0
39.24845051765442,3,0,0,0
39.26487421989441,3,0,0,0
39.28117084503174,3,0,0,0
39.297486782073975,3,0,0,0
39.313891887664795,3,0,0,0
39.3302059173584,3,0,0,0
39.34655952453613,3,0,0,0
39.36291456222534,3,0,0,0
39.37922239303589,3,0,0,0
39.395609855651855,3,0,0,0
39.41191029548645,3,0,0,0
39.42821502685547,3,0,0,0
39.44459080696106,3,0,0,0
39.460893392562866,3,0,0,0
39.47722768783569,3,0,0,0
39.493587493896484,3,0,0,0
39.508949279785156,3,0,0,0
39.52532196044922,3,0,0,0
39.54167294502258,3,0,0,0
39.55699038505554,3,0,0,0
39.57337307929993,3,0,0,0
39.58970880508423,3,0,0,0
39.60505819320679,3,0,0,0
39.62136793136597,3,0,0,0
39.637670040130615,3,0,0,0
39.653101205825806,3,0,0,0
39.669408321380615,3,0,0,0
39.69703793525696,3,0,0,0
39.71043014526367,3,0,0,0
39.726810693740845,3,0,0,0
39.742218255996704,3,0,0,0
39.75854229927063,3,0,0,0
39.774946212768555,3,0,0,0
39.791255235672,3,0,0,0
39.80758595466614,3,0,0,0
39.82305645942688,3,0,0,0
39.83937931060791,3,0,0,0
39.85577464103699,3,0,0,0
39.87110090255737,3,0,0,0
39.88743281364441,3,0,0,0
39.90385127067566,3,0,0,0
39.91913866996765,3,0,0,0
39.93552613258362,3,0,0,0
39.951844692230225,3,0,0,0
39.967145681381226,3,0,0,0
39.98353052139282,3,0,0,0
39.9994432926178,3,1,0,1
40.01539444923401,3,1,0,1
40.03128242492676,3,1,0,1
40.047163009643555,3,1,0,1
40.06316137313843,3,1,0,1
40.07907462120056,3,0,0,1
40.09495306015015,3,0,0,1
40.111836194992065,3,0,0,1
40.12768244743347,3,0,0,1
40.143675088882446,3,0,0,1
40.15955448150635,3,0,0,1
40.175495862960815,3,0,0,1
40.19141483306885,3,0,0,1
40.2073028087616,3,0,0,1
40.223297357559204,3,0,0,1
40.239190101623535,3,0,0,1
40.25514626502991,3,0,0,1
40.27104067802429,3,0,0,1
40.28792405128479,3,0,0,1
40.303956031799316,3,0,0,1
40.32083201408386,3,0,0,1
40.33677864074707,3,0,0,1
40.352715492248535,3,0,0,1
40.368629455566406,3,0,0,1
40.38489508628845,3,0,0,1
40.401816844940186,3,0,0,1
40.41770148277283,3,0,0,1
40.4337100982666,3,0,0,1
40.44959354400635,3,0,0,1
40.46558094024658,3,0,0,1
40.48148322105408,3,0,0,1
40.497366428375244,3,0,0,1
40.51336121559143,3,0,0,1
40.529245376586914,3,0,0,1
40.54519319534302,3,0,0,1
40.561079025268555,3,0,0,1
40.576958656311035,3,0,0,1
40.59298062324524,3,0,0,1
40.60981726646423,3,0,0,1
40.625757932662964,3,0,0,1
40.64166188240051,3,0,0,1
40.65754055976868,3,0,0,1
40.67355537414551,3,0,0,1
40.68942666053772,3,0,0,1
40.705392599105835,3,0,0,1
40.7213032245636,3,0,0,1
40.73719549179077,3,0,0,1
40.75321865081787,3,0,0,1
40.76927351951599,3,0,0,1
40.785218954086304,3,0,0,1
40.80112862586975,3,0,0,1
40.81702494621277,3,0,0,1
40.8330602645874,3,0,0,1
40.849937915802,3,0,0,1
40.86687922477722,3,0,0,1
40.883968114852905,3,0,0,1
40.900883436203,3,0,0,1
40.91776776313782,3,0,0,1
40.93374061584473,3,0,0,1
40.94961476325989,3,0,0,1
40.965529680252075,3,0,0,1
40.981411933898926,3,0,0,1
40.99730634689331,3,0,0,1
41.013251304626465,3,0,0,1
41.0291314125061,3,0,0,1
41.045029401779175,3,0,0,1
41.06188678741455,3,0,0,1
41.078723669052124,3,0,0,1
41.09464406967163,3,0,0,1
41.11055636405945,3,0,0,1
41.126434326171875,3,0,0,1
41.14236569404602,3,0,0,1
41.15824890136719,3,0,0,1
41.17419934272766,3,0,0,1
41.190062284469604,3,0,0,1
41.20596718788147,3,0,0,1
41.22285795211792,3,0,0,1
41.23877763748169,3,0,0,1
41.254743576049805,3,0,0,1
41.270684480667114,3,0,0,1
41.28659439086914,3,0,0,1
41.30253005027771,3,0,0,1
41.318413496017456,3,0,0,1
41.334343671798706,3,0,0,1
41.3502140045166,3,0,0,1
41.36612606048584,3,0,0,1
41.3820321559906,3,0,0,1
41.398897886276245,3,0,0,1
41.41586709022522,3,0,0,1
41.43175935745239,3,0,0,1
41.4476261138916,3,0,0,1
41.463598012924194,3,0,0,1
41.479464530944824,3,0,0,1
41.49542593955994,3,0,0,1
41.511314153671265,3,0,0,1
41.52715706825256,3,0,0,1
41.543158769607544,3,0,0,1
41.55903887748718,3,0,0,1
41.57499313354492,3,0,0,1
41.5918927192688,3,0,0,1
41.6087543964386,3,0,0,1
41.62472939491272,3,0,0,1
41.640679121017456,3,0,0,1
41.656572580337524,3,0,0,1
41.67251682281494,3,0,0,1
41.68838834762573,3,0,0,1
41.70431923866272,3,0,0,1
41.72021150588989,3,0,0,1
41.73613691329956,3,0,0,1
41.75208067893982,3,0,0,1
41.76795053482056,3,0,0,1
41.78490114212036,3,0,0,1
41.801804304122925,3,0,0,1
41.81769680976868,3,0,0,1
41.83367943763733,3,0,0,1
41.849562883377075,3,0,0,1
41.8655321598053,3,0,0,1
41.8814435005188,3,0,0,1
41.897331953048706,3,0,0,1
41.91335129737854,3,0,0,1
41.92921829223633,3,0,0,1
41.94518303871155,3,0,0,1
41.961060762405396,3,0,0,1
41.977914810180664,3,0,0,1
41.99487352371216,3,0,0,1
42.01170110702515,3,0,0,0
42.041462421417236,4,0,0,0
42.05484199523926,4,0,0,0
42.07014513015747,4,0,0,0
42.086496353149414,4,0,0,0
42.10284352302551,4,0,0,0
42.11812472343445,4,0,0,0
42.134525537490845,4,0,0,0
42.1508047580719,4,0,0,0
42.166069746017456,4,0,0,0
42.18139600753784,4,0,0,0
42.197694063186646,4,0,0,0
42.213157176971436,4,0,0,0
42.22948122024536,4,0,0,0
42.24584770202637,4,0,0,0
42.26118993759155,4,0,0,0
42.27751541137695,4,0,0,0
42.29308032989502,4,0,0,0
42.309391021728516,4,0,0,0
42.325445890426636,4,1,0,1
42.341320514678955,4,1,0,1
42.35720491409302,4,1,0,1
42.37315082550049,4,1,0,1
42.38902306556702,4,1,0,1
42.40580177307129,4,0,0,1
42.4217164516449,4,0,0,1
42.43758702278137,4,0,0,1
42.453553199768066,4,0,0,1
42.469398975372314,4,0,0,1
42.48532056808472,4,0,0,1
42.50119423866272,4,0,0,1
42.51706862449646,4,0,0,1
42.53306460380554,4,0,0,1
42.54992890357971,4,0,0,1
42.56683802604675,4,0,0,1
42.58282279968262,4,0,0,1
42.59869122505188,4,0,0,1
42.61464023590088,4,0,0,1
42.63059616088867,4,0,0,1
42.646469831466675,4,0,0,1
42.662394762039185,4,0,0,1
42.6782603263855,4,0,0,1
42.69419074058533,4,0,0,1
42.710036516189575,4,0,0,1
42.72692275047302,4,0,0,1
42.743876695632935,4,0,0,1
42.760711669921875,4,0,0,1
42.77657675743103,4,0,0,1
42.79249548912048,4,0,0,1
42.80840444564819,4,0,0,1
42.824344873428345,4,0,0,1
42.84022617340088,4,0,0,1
42.856162309646606,4,0,0,1
42.87208271026611,4,0,0,1
42.88794565200806,4,0,0,1
42.90493035316467,4,0,0,1
42.92185926437378,4,0,0,1
42.937705993652344,4,0,0,1
42.95371699333191,4,0,0,1
42.9695942401886,4,0,0,1
42.98552346229553,4,0,0,1
43.00143361091614,4,0,0,1
43.01732850074768,4,0,0,1
43.033350706100464,4,0,0,1
43.04924917221069,4,0,0,1
43.06521987915039,4,0,0,1
43.08110952377319,4,0,0,1
43.097010374069214,4,0,0,1
43.11302661895752,4,0,0,1
43.1299192905426,4,0,0,1
43.14686846733093,4,0,0,1
43.16385054588318,4,0,0,1
43.1796932220459,4,0,0,1
43.19562649726868,4,0,0,1
43.211493492126465,4,0,0,1
43.227360248565674,4,0,0,1
43.24334120750427,4,0,0,1
43.2591598033905,4,0,0,1
43.27507948875427,4,0,0,1
43.29193687438965,4,0,0,1
43.30881881713867,4,0,0,1
43.32474160194397,4,0,0,1
43.34066414833069,4,0,0,1
43.356518030166626,4,0,0,1
43.37240147590637,4,0,0,1
43.38828730583191,4,0,0,1
43.40426778793335,4,0,0,1
43.420292139053345,4,0,0,1
43.436328649520874,4,0,0,1
43.45231056213379,4,0,0,1
43.468265533447266,4,0,0,1
43.4842746257782,4,0,0,1
43.500155448913574,4,0,0,1
43.516077280044556,4,0,0,1
43.53199291229248,4,0,0,1
43.54885792732239,4,0,0,1
43.56484079360962,4,0,0,1
43.58071255683899,4,0,0,1
43.596628189086914,4,0,0,1
43.61247134208679,4,0,0,1
43.62831091880798,4,0,0,1
43.6442391872406,4,0,0,1
43.660093545913696,4,0,0,1
43.67597198486328,4,0,0,1
43.69282913208008,4,0,0,1
43.70864796638489,4,0,0,1
43.72458863258362,4,0,0,1
43.74045705795288,4,0,0,1
43.75638389587402,4,0,0,1
43.77229976654053,4,0,0,1
43.788163900375366,4,0,0,1
43.80411219596863,4,0,0,1
43.819977045059204,4,0,0,1
43.83690905570984,4,0,0,1
43.85387706756592,4,0,0,1
43.870821475982666,4,0,0,1
43.886696100234985,4,0,0,1
43.902642488479614,4,0,0,1
43.9185004234314,4,0,0,1
43.93445420265198,4,0,0,1
43.95033645629883,4,0,0,1
43.966285943984985,4,0,0,1
43.98218035697937,4,0,0,1
43.997967004776,4,0,0,1
44.013967990875244,4,0,0,1
44.03081226348877,4,0,0,1
44.04670476913452,4,0,0,1
44.062633991241455,4,0,0,1
44.07851958274841,4,0,0,1
44.09446907043457,4,0,0,1
44.11034083366394,4,0,0,1
44.12627935409546,4,0,0,1
44.14257574081421,4,0,0,1
44.15841889381409,4,0,0,1
44.174363136291504,4,0,0,1
44.19023561477661,4,0,0,1
44.20621109008789,4,0,0,1
44.22209358215332,4,0,0,1
44.237956047058105,4,0,0,1
44.254903078079224,4,0,0,1
44.27179455757141,4,0,0,1
44.28766489028931,4,0,0,1
44.30366230010986,4,0,0,1
44.31952428817749,4,0,0,1
44.33546590805054,4,0,0,0
44.366050720214844,2,0,0,0
44.3793842792511,2,0,0,0
44.395792961120605,2,0,0,0
44.41110348701477,2,0,0,0
44.42737627029419,2,0,0,0
44.44381546974182,2,0,0,0
44.45911169052124,2,0,0,0
44.47550392150879,2,0,0,0
44.491817235946655,2,0,0,0
44.50710678100586,2,0,0,0
44.523492097854614,2,0,0,0
44.53898000717163,2,0,0,0
44.555354833602905,2,0,0,0
44.57166409492493,2,0,0,0
44.58793783187866,2,0,0,0
44.60438656806946,2,0,0,0
44.62071228027344,2,0,0,0
44.637014389038086,2,1,0,1
44.652013540267944,2,1,0,1
44.668882846832275,2,1,0,1
44.68589663505554,2,1,0,1
44.70282697677612,2,1,0,1
44.718791007995605,2,0,0,1
44.73474955558777,2,0,0,1
44.75074553489685,2,0,0,1
44.76669955253601,2,0,0,1
44.78368663787842,2,0,0,1
44.7996461391449,2,0,0,1
44.81566548347473,2,0,0,1
44.83167266845703,2,0,0,1
44.84762954711914,2,0,0,1
44.86371970176697,2,0,0,1
44.87966179847717,2,0,0,1
44.895673751831055,2,0,0,1
44.91164588928223,2,0,0,1
44.92759394645691,2,0,0,1
44.94376993179321,2,0,0,1
44.959694623947144,2,0,0,1
44.97582697868347,2,0,0,1
44.991772413253784,2,0,0,1
45.00768446922302,2,0,0,1
45.02376317977905,2,0,0,1
45.03971338272095,2,0,0,1
45.055718660354614,2,0,0,1
45.07171106338501,2,0,0,1
45.087663412094116,2,0,0,1
45.10305452346802,2,0,0,1
45.11994218826294,2,0,0,1
45.13596200942993,2,0,0,1
45.15292954444885,2,0,0,1
45.16987347602844,2,0,0,1
45.186891317367554,2,0,0,1
45.20300579071045,2,0,0,1
45.21896433830261,2,0,0,1
45.23497986793518,2,0,0,1
45.2509663105011,2,0,0,1
45.26696419715881,2,0,0,1
45.28304052352905,2,0,0,1
45.29900026321411,2,0,0,1
45.31506156921387,2,0,0,1
45.33101272583008,2,0,0,1
45.346983194351196,2,0,0,1
45.3630690574646,2,0,0,1
45.37901973724365,2,0,0,1
45.39505314826965,2,0,0,1
45.411033153533936,2,0,0,1
45.42698860168457,2,0,0,1
45.44307327270508,2,0,0,1
45.4590539932251,2,0,0,1
45.47508692741394,2,0,0,1
45.49103140830994,2,0,0,1
45.50700569152832,2,0,0,1
45.523108959198,2,0,0,1
45.53908181190491,2,0,0,1
45.55511522293091,2,0,0,1
45.57109212875366,2,0,0,1
45.587058544158936,2,0,0,1
45.60314345359802,2,0,0,1
45.6191029548645,2,0,0,1
45.635143995285034,2,0,0,1
45.651137351989746,2,0,0,1
45.66712260246277,2,0,0,1
45.68316292762756,2,0,0,1
45.69926691055298,2,0,0,1
45.71553611755371,2,0,0,1
45.7316689491272,2,0,0,1
45.74772787094116,2,0,0,1
45.76390290260315,2,0,0,1
45.78099179267883,2,0,0,1
45.79700422286987,2,0,0,1
45.813145875930786,2,0,0,1
45.829246520996094,2,0,0,1
45.84545087814331,2,0,0,1
45.86154294013977,2,0,0,1
45.877548933029175,2,0,0,1
45.89380717277527,2,0,0,1
45.90992784500122,2,0,0,1
45.92614221572876,2,0,0,1
45.942188024520874,2,0,0,1
45.95828104019165,2,0,0,1
45.97451710700989,2,0,0,1
45.990644693374634,2,0,0,1
46.00660943984985,2,0,0,1
46.02270483970642,2,0,0,1
46.03867959976196,2,0,0,1
46.05482745170593,2,0,0,1
46.070871114730835,2,0,0,1
46.08685874938965,2,0,0,1
46.102028608322144,2,0,0,1
46.118035554885864,2,0,0,1
46.13422107696533,2,0,0,1
46.15019178390503,2,0,0,1
46.166344165802,2,0,0,1
46.181418657302856,2,0,0,1
46.19746947288513,2,0,0,1
46.21367931365967,2,0,0,1
46.22971534729004,2,0,0,1
46.24582028388977,2,0,0,1
46.261868476867676,2,0,0,1
46.27713203430176,2,0,0,1
46.29334831237793,2,0,0,1
46.309317111968994,2,0,0,1
46.32543110847473,2,0,0,1
46.3414843082428,2,0,0,1
46.357484340667725,2,0,0,1
46.373642683029175,2,0,0,1
46.3896369934082,2,0,0,1
46.405722856521606,2,0,0,1
46.42179775238037,2,0,0,1
46.437832832336426,2,0,0,1
46.452940225601196,2,0,0,1
46.46997690200806,2,0,0,1
46.48609733581543,2,0,0,1
46.50225496292114,2,0,0,1
46.5183219909668,2,0,0,1
46.53445100784302,2,0,0,1
46.550463914871216,2,0,0,1
46.56664323806763,2,0,0,1
46.58280873298645,2,0,0,1
46.59886050224304,2,0,0,1
46.61417007446289,2,0,0,1
46.630189180374146,2,0,0,1
46.64620280265808,2,0,0,0
46.677382707595825,4,0,0,0
46.69165921211243,4,0,0,0
46.70776057243347,4,0,0,0
46.723053216934204,4,0,0,0
46.73908734321594,4,0,0,0
46.75535988807678,4,0,0,0
46.77275252342224,4,0,0,0
46.78841519355774,4,0,0,0
46.804096698760986,4,0,0,0
46.82018446922302,4,0,0,0
46.83632016181946,4,0,0,0
46.852436542510986,4,0,0,0
46.868566274642944,4,0,0,0
46.884910345077515,4,0,0,0
46.90109133720398,4,0,0,0
46.917214155197144,4,0,0,0
46.933422803878784,4,0,0,0
46.94946265220642,4,0,0,0
46.96575117111206,4,0,0,0
46.981027364730835,4,0,0,0
46.99718451499939,4,0,0,0
47.01339864730835,4,0,0,0
47.02948474884033,4,0,0,0
47.04570484161377,4,0,0,0
47.06187582015991,4,0,0,0
47.0788996219635,4,0,0,0
47.09515905380249,4,0,0,0
47.113773584365845,4,1,0,1
47.1276159286499,4,1,0,1
47.1436607837677,4,1,0,1
47.15966272354126,4,0,0,1
47.17561340332031,4,0,0,1
47.191566705703735,4,0,0,1
47.20753741264343,4,0,0,1
47.223602533340454,4,0,0,1
47.23949480056763,4,0,0,1
47.25543808937073,4,0,0,1
47.27138900756836,4,0,0,1
47.28732180595398,4,0,0,1
47.30338478088379,4,0,0,1
47.31928515434265,4,0,0,1
47.33527398109436,4,0,0,1
47.35122346878052,4,0,0,1
47.367210388183594,4,0,0,1
47.3832790851593,4,0,0,1
47.39923024177551,4,0,0,1
47.41527843475342,4,0,0,1
47.43117380142212,4,0,0,1
47.44709587097168,4,0,0,1
47.46314549446106,4,0,0,1
47.47908973693848,4,0,0,1
47.49507784843445,4,0,0,1
47.51107430458069,4,0,0,1
47.52701807022095,4,0,0,1
47.543048620224,4,0,0,1
47.55897545814514,4,0,0,1
47.5759596824646,4,0,0,1
47.59287762641907,4,0,0,1
47.60982322692871,4,0,0,1
47.62583303451538,4,0,0,1
47.64184880256653,4,0,0,1
47.657795429229736,4,0,0,1
47.673850297927856,4,0,0,1
47.689786434173584,4,0,0,1
47.705737590789795,4,0,0,1
47.72167158126831,4,0,0,1
47.73755955696106,4,0,0,1
47.753642082214355,4,0,0,1
47.76958727836609,4,0,0,1
47.785597801208496,4,0,0,1
47.801557540893555,4,0,0,1
47.81755208969116,4,0,0,1
47.83365178108215,4,0,0,1
47.849586963653564,4,0,0,1
47.865609645843506,4,0,0,1
47.88157343864441,4,0,0,1
47.89751172065735,4,0,0,1
47.9135468006134,4,0,0,1
47.92951965332031,4,0,0,1
47.94544005393982,4,0,0,1
47.961403608322144,4,0,0,1
47.97735595703125,4,0,0,1
47.99343824386597,4,0,0,1
48.009405851364136,4,0,0,1
48.02546000480652,4,0,0,1
48.04140782356262,4,0,0,1
48.05730867385864,4,0,0,1
48.07334637641907,4,0,0,1
48.08926963806152,4,0,0,1
48.10526490211487,4,0,0,1
48.1210720539093,4,0,0,1
48.13696789741516,4,0,0,1
48.152973651885986,4,0,0,1
48.169840812683105,4,0,0,1
48.18578124046326,4,0,0,1
48.201685190200806,4,0,0,1
48.21756720542908,4,0,0,1
48.23355507850647,4,0,0,1
48.24942994117737,4,0,0,1
48.26539945602417,4,0,0,1
48.281280517578125,4,0,0,1
48.29718065261841,4,0,0,1
48.31321167945862,4,0,0,1
48.32910370826721,4,0,0,1
48.34507131576538,4,0,0,1
48.36097860336304,4,0,0,1
48.37787842750549,4,0,0,1
48.39486122131348,4,0,0,1
48.410746335983276,4,0,0,1
48.426615953445435,4,0,0,1
48.44251203536987,4,0,0,1
48.45837116241455,4,0,0,1
48.47432780265808,4,0,0,1
48.49020338058472,4,0,0,1
48.50613284111023,4,0,0,1
48.522016525268555,4,0,0,1
48.53887367248535,4,0,0,1
48.55578279495239,4,0,0,1
48.571656942367554,4,0,0,1
48.587475061416626,4,0,0,1
48.603434801101685,4,0,0,1
48.61928391456604,4,0,0,1
48.63523840904236,4,0,0,1
48.65109395980835,4,0,0,1
48.66696524620056,4,0,0,1
48.68295955657959,4,0,0,1
48.699806451797485,4,0,0,1
48.71569013595581,4,0,0,1
48.73156523704529,4,0,0,1
48.74742102622986,4,0,0,1
48.76340579986572,4,0,0,1
48.77927327156067,4,0,0,1
48.795204162597656,4,0,0,1
48.81106114387512,4,0,0,1
48.82793378829956,4,0,0,1
48.84488916397095,4,0,0,1
48.861751079559326,4,0,0,1
48.87760949134827,4,0,0,1
48.89360022544861,4,0,0,1
48.909449100494385,4,0,0,1
48.925421476364136,4,0,0,1
48.94133019447327,4,0,0,1
48.957181453704834,4,0,0,1
48.97314715385437,4,0,0,1
48.98900103569031,4,0,0,1
49.0059449672699,4,0,0,1
49.02282667160034,4,0,0,1
49.038687229156494,4,0,0,1
49.054609298706055,4,0,0,1
49.07045602798462,4,0,0,1
49.086405754089355,4,0,0,1
49.102291107177734,4,0,0,1
49.11812424659729,4,0,0,0
49.14890193939209,4,0,0,0
49.16238975524902,4,0,0,0
49.17789578437805,4,0,0,0
49.194334983825684,4,0,0,0
49.21006536483765,4,0,0,0
49.226473808288574,4,0,0,0
49.24285817146301,4,0,0,0
49.25815963745117,4,0,0,0
49.27457094192505,4,0,0,0
49.290889739990234,4,0,0,0
49.30718374252319,4,0,0,0
49.32356023788452,4,0,0,0
49.33985614776611,4,0,0,0
49.3552520275116,4,0,0,0
49.37154221534729,4,0,0,0
49.38785672187805,4,0,0,0
49.40333938598633,4,0,0,0
49.419649600982666,4,0,0,0
49.435868978500366,4,1,0,1
49.45176911354065,4,1,0,1
49.46764087677002,4,1,0,1
49.48359990119934,4,1,0,1
49.49945831298828,4,1,0,1
49.51545715332031,4,0,0,1
49.531352043151855,4,0,0,1
49.54729986190796,4,0,0,1
49.563406229019165,4,0,0,1
49.57934045791626,4,0,0,1
49.59617519378662,4,0,0,1
49.61204934120178,4,0,0,1
49.62799882888794,4,0,0,1
49.64407968521118,4,0,0,1
49.66018867492676,4,0,0,1
49.6762809753418,4,0,0,1
49.692315340042114,4,0,0,1
49.708335161209106,4,0,0,1
49.72448539733887,4,0,0,1
49.740588665008545,4,0,0,1
49.75653123855591,4,0,0,1
49.77259278297424,4,0,0,1
49.788601875305176,4,0,0,1
49.80466175079346,4,0,0,1
49.820642948150635,4,0,0,1
49.83663821220398,4,0,0,1
49.85262131690979,4,0,0,1
49.86860489845276,4,0,0,1
49.88484072685242,4,0,0,1
49.90082573890686,4,0,0,1
49.91680669784546,4,0,0,1
49.93291425704956,4,0,0,1
49.94900393486023,4,0,0,1
49.96528244018555,4,0,0,1
49.98121476173401,4,0,0,1
49.99726605415344,4,0,0,1
50.01346158981323,4,0,0,1
50.02949380874634,4,0,0,1
50.045594930648804,4,0,0,1
50.06161332130432,4,0,0,1
50.077632904052734,4,0,0,1
50.093849420547485,4,0,0,1
50.10990357398987,4,0,0,1
50.12604260444641,4,0,0,1
50.1420361995697,4,0,0,1
50.158034563064575,4,0,0,1
50.17412185668945,4,0,0,1
50.19008684158325,4,0,0,1
50.20616054534912,4,0,0,1
50.22226643562317,4,0,0,1
50.23826789855957,4,0,0,1
50.254363775253296,4,0,0,1
50.2705774307251,4,0,0,1
50.286500215530396,4,0,0,1
50.30256700515747,4,0,0,1
50.31850552558899,4,0,0,1
50.33462333679199,4,0,0,1
50.35069489479065,4,0,0,1
50.365994453430176,4,0,0,1
50.38213014602661,4,0,0,1
50.39815545082092,4,0,0,1
50.41444206237793,4,0,0,1
50.43057465553284,4,0,0,1
50.44657349586487,4,0,0,1
50.46268010139465,4,0,0,1
50.478675365448,4,0,0,1
50.49483823776245,4,0,0,1
50.510921001434326,4,0,0,1
50.52790689468384,4,0,0,1
50.54407811164856,4,0,0,1
50.56014323234558,4,0,0,1
50.5762140750885,4,0,0,1
50.59226965904236,4,0,0,1
50.60835361480713,4,0,0,1
50.62461614608765,4,0,0,1
50.64072012901306,4,0,0,1
50.6567165851593,4,0,0,1
50.672906160354614,4,0,0,1
50.68899440765381,4,0,0,1
50.70524287223816,4,0,0,1
50.721755504608154,4,0,0,1
50.73781681060791,4,0,0,1
50.753042459487915,4,0,0,1
50.76904249191284,4,0,0,1
50.785707235336304,4,0,0,1
50.801817417144775,4,0,0,1
50.81789708137512,4,0,0,1
50.8341760635376,4,0,0,1
50.85031580924988,4,0,0,1
50.86626744270325,4,0,0,1
50.8822238445282,4,0,0,1
50.898144006729126,4,0,0,1
50.91415596008301,4,0,0,1
50.93009662628174,4,0,0,1
50.94614839553833,4,0,0,1
50.962111949920654,4,0,0,1
50.978100299835205,4,0,0,1
50.99424982070923,4,0,0,1
51.010114431381226,4,0,0,1
51.02602553367615,4,0,0,1
51.042927503585815,4,0,0,1
51.05981183052063,4,0,0,1
51.075777530670166,4,0,0,1
51.0916965007782,4,0,0,1
51.107582569122314,4,0,0,1
51.12352633476257,4,0,0,1
51.13940215110779,4,0,0,1
51.155383348464966,4,0,0,1
51.17127275466919,4,0,0,1
51.18714094161987,4,0,0,1
51.203145265579224,4,0,0,1
51.218987226486206,4,0,0,1
51.2359185218811,4,0,0,1
51.25280833244324,4,0,0,1
51.26862812042236,4,0,0,1
51.284578800201416,4,0,0,1
51.30044460296631,4,0,0,1
51.31639266014099,4,0,0,1
51.332294940948486,4,0,0,1
51.348183155059814,4,0,0,1
51.36413764953613,4,0,0,1
51.380014181137085,4,0,0,1
51.39597034454346,4,0,0,1
51.4129114151001,4,0,0,1
51.42976951599121,4,0,0,1
51.44571018218994,4,0,0,0
51.473315715789795,5,0,0,0
51.486632108688354,5,0,0,0
51.50198292732239,5,0,0,0
51.51828932762146,5,0,0,0
51.53476667404175,5,0,0,0
51.55007767677307,5,0,0,0
51.56642389297485,5,0,0,0
51.58277130126953,5,0,0,0
51.59805941581726,5,0,0,0
51.6144905090332,5,0,0,0
51.63081121444702,5,0,0,0
51.6461136341095,5,0,0,0
51.66243505477905,5,0,0,0
51.67872357368469,5,0,0,0
51.694114685058594,5,0,0,0
51.710384368896484,5,0,0,0
51.726706743240356,5,0,0,0
51.74202752113342,5,0,0,0
51.758342266082764,5,0,0,0
51.77579188346863,5,0,0,0
51.79109764099121,5,0,0,0
51.807411670684814,5,0,0,0
51.82384729385376,5,0,0,0
51.83915376663208,5,0,0,0
51.855538845062256,5,0,0,0
51.871866941452026,5,0,0,0
51.88817358016968,5,0,0,0
51.904616355895996,5,0,0,0
51.9209406375885,5,0,0,0
51.937238693237305,5,0,0,0
51.95355677604675,5,0,0,0
51.96985054016113,5,0,0,0
51.98519420623779,5,0,0,0
52.00146985054016,5,0,0,0
52.01775598526001,5,0,0,0
52.03316783905029,5,0,0,0
52.049480676651,5,0,0,0
52.06580352783203,5,0,0,0
52.08109784126282,5,0,0,0
52.09738111495972,5,0,0,0
52.113715171813965,5,0,0,0
52.129019021987915,5,0,0,0
52.1454222202301,5,0,0,0
52.16171741485596,5,0,0,0
52.176151752471924,5,0,0,0
52.19242191314697,5,0,0,0
52.208717584609985,5,0,0,0
52.2242226600647,5,0,0,0
52.24059581756592,5,0,0,0
52.256882429122925,5,0,0,0
52.27321720123291,5,0,0,0
52.289504528045654,5,0,0,0
52.30501341819763,5,0,0,0
52.32127928733826,5,0,0,0
52.33753728866577,5,0,0,0
52.352946519851685,5,0,0,0
52.369248390197754,5,0,0,0
52.38564896583557,5,0,0,0
52.400962352752686,5,0,0,0
52.41726875305176,5,0,0,0
52.433573961257935,5,0,0,0
52.449896574020386,5,0,0,0
52.477543592453,3,0,0,0
52.491055727005005,3,0,0,0
52.507408142089844,3,0,0,0
52.52385926246643,3,0,0,0
52.53915214538574,3,0,0,0
52.55558681488037,3,0,0,0
52.57189130783081,3,0,0,0
52.58819007873535,3,0,0,0
52.60448884963989,3,0,0,0
52.62075734138489,3,0,0,0
52.63602542877197,3,0,0,0
52.652360677719116,3,0,0,0
52.66864728927612,3,0,0,0
52.68404674530029,3,0,0,0
52.70035362243652,3,0,0,0
52.71671986579895,3,0,0,0
52.73202657699585,3,0,0,0
52.74833869934082,3,0,0,0
52.76473069190979,3,0,0,0
52.78103423118591,3,0,0,0
52.79730677604675,3,0,0,0
52.813660860061646,3,0,0,0
52.828981161117554,3,0,0,0
52.84535884857178,3,0,0,0
52.86186599731445,3,0,0,0
52.87716484069824,3,0,0,0
52.893529415130615,3,0,0,0
52.90983557701111,3,0,0,0
52.92516326904297,3,0,0,0
52.94147610664368,3,0,0,0
52.957794189453125,3,0,0,0
52.97325921058655,3,0,0,0
52.98959517478943,3,0,0,0
53.00494885444641,3,0,0,0
53.021238565444946,3,0,0,0
53.03750681877136,3,0,0,0
53.053879261016846,3,0,0,0
53.07020831108093,3,0,0,0
53.08718991279602,3,1,0,1
53.103307485580444,3,1,0,1
53.119277000427246,3,1,0,1
53.13526773452759,3,1,0,1
53.15129852294922,3,1,0,1
53.16732048988342,3,0,0,1
53.18247127532959,3,0,0,1
53.1983699798584,3,0,0,1
53.2143988609314,3,0,0,1
53.23040151596069,3,0,0,1
53.24645233154297,3,0,0,1
53.26267862319946,3,0,0,1
53.27867865562439,3,0,0,1
53.29477643966675,3,0,0,1
53.31080508232117,3,0,0,1
53.326863288879395,3,0,0,1
53.342129945755005,3,0,0,1
53.358123540878296,3,0,0,1
53.37426519393921,3,0,0,1
53.39026069641113,3,0,0,1
53.40630912780762,3,0,0,1
53.4223997592926,3,0,0,1
53.43837785720825,3,0,0,1
53.45448446273804,3,0,0,1
53.47043323516846,3,0,0,1
53.48643183708191,3,0,0,1
53.50265407562256,3,0,0,1
53.518707036972046,3,0,0,1
53.53476691246033,3,0,0,1
53.55079412460327,3,0,0,1
53.56681537628174,3,0,0,1
53.5821213722229,3,0,0,1
53.598068952560425,3,0,0,1
53.614189863204956,3,0,0,1
53.63016438484192,3,0,0,1
53.64619541168213,3,0,0,1
53.66226053237915,3,0,0,1
53.678234815597534,3,0,0,1
53.69432520866394,3,0,0,1
53.71031665802002,3,0,0,1
53.72638988494873,3,0,0,1
53.74257564544678,3,0,0,1
53.75863814353943,3,0,0,1
53.77478551864624,3,0,0,1
53.79081964492798,3,0,0,1
53.80686593055725,3,0,0,1
53.82314324378967,3,0,0,1
53.839197397232056,3,0,0,1
53.85529613494873,3,0,0,1
53.87135100364685,3,0,0,1
53.88739514350891,3,0,0,1
53.9036762714386,3,0,0,1
53.919761657714844,3,0,0,1
53.93587899208069,3,0,0,1
53.95202922821045,3,0,0,1
53.968116760253906,3,0,0,1
53.98422694206238,3,0,0,1
54.000243186950684,3,0,0,1
54.01634502410889,3,0,0,1
54.03261947631836,3,0,0,1
54.048670053482056,3,0,0,1
54.064823150634766,3,0,0,1
54.08079385757446,3,0,0,1
54.09676790237427,3,0,0,1
54.1129035949707,3,0,0,1
54.12977147102356,3,0,0,1
54.145686626434326,3,0,0,1
54.16157078742981,3,0,0,1
54.177467823028564,3,0,0,1
54.19350481033325,3,0,0,1
54.209407567977905,3,0,0,1
54.225385904312134,3,0,0,1
54.241286754608154,3,0,0,1
54.257707834243774,3,0,0,1
54.27369546890259,3,0,0,1
54.28958177566528,3,0,0,1
54.30566477775574,3,0,0,1
54.32157874107361,3,0,0,1
54.33745050430298,3,0,0,1
54.35347032546997,3,0,0,1
54.369356870651245,3,0,0,1
54.38528919219971,3,0,0,1
54.40119433403015,3,0,0,1
54.41706418991089,3,0,0,1
54.4330849647522,3,0,0,1
54.44894742965698,3,0,0,1
54.465946197509766,3,0,0,1
54.48279142379761,3,0,0,1
54.49863958358765,3,0,0,1
54.51456356048584,3,0,0,1
54.53041124343872,3,0,0,1
54.546363830566406,3,0,0,1
54.56225109100342,3,0,0,1
54.578155755996704,3,0,0,1
54.59413433074951,3,0,0,1
54.610010862350464,3,0,0,1
54.625959157943726,3,0,0,1
54.642887353897095,3,0,0,1
54.65976595878601,3,0,0,1
54.675729513168335,3,0,0,1
54.691643953323364,3,0,0,1
54.70755434036255,3,0,0,1
54.7235541343689,3,0,0,1
54.73945212364197,3,0,0,1
54.75543284416199,3,0,0,1
54.77133297920227,3,0,0,1
54.78725004196167,3,0,0,1
54.80327343940735,3,0,0,1
54.81916165351868,3,0,0,1
54.8351411819458,3,0,0,1
54.851027965545654,3,0,0,1
54.86791014671326,3,0,0,1
54.88486671447754,3,0,0,1
54.90171670913696,3,0,0,1
54.917582273483276,3,0,0,1
54.93355393409729,3,0,0,1
54.949371099472046,3,0,0,1
54.96526026725769,3,0,0,1
54.98112463951111,3,0,0,1
54.99698543548584,3,0,0,1
55.01297211647034,3,0,0,1
55.029825925827026,3,0,0,1
55.04575300216675,3,0,0,1
55.06162905693054,3,0,0,1
55.07748746871948,3,0,0,1
55.09344696998596,3,0,0,0
55.12389850616455,2,0,0,0
55.13722491264343,2,0,0,0
55.153571367263794,2,0,0,0
55.16897630691528,2,0,0,0
55.18555021286011,2,0,0,0
55.2019407749176,2,0,0,0
55.21835279464722,2,0,0,0
55.234785318374634,2,0,0,0
55.24997162818909,2,0,0,0
55.26631188392639,2,0,0,0
55.28271961212158,2,0,0,0
55.297964334487915,2,0,0,0
55.314534187316895,2,0,0,0
55.330785274505615,2,0,0,0
55.346271276474,2,0,0,0
55.36265325546265,2,0,0,0
55.37887001037598,2,0,0,0
55.39543652534485,2,0,0,0
55.4116997718811,2,0,0,0
55.426984786987305,2,0,0,0
55.44334697723389,2,0,0,0
55.45964574813843,2,0,0,0
55.47511672973633,2,0,0,0
55.49138927459717,2,0,0,0
55.507659673690796,2,0,0,0
55.52311658859253,2,0,0,0
55.539448499679565,2,0,0,0
55.55577349662781,2,0,0,0
55.57102394104004,2,0,0,0
55.5871958732605,2,0,0,0
55.60381722450256,2,0,0,0
55.61940932273865,2,0,0,0
55.63501191139221,2,0,0,0
55.65150570869446,2,0,0,0
55.667059898376465,2,0,0,0
55.6836519241333,2,0,0,0
55.69915771484375,2,0,0,0
55.715837478637695,2,0,0,0
55.73134660720825,2,0,0,0
55.747897148132324,2,0,0,0
55.76461696624756,2,0,0,0
55.781079053878784,2,0,0,0
55.797605991363525,2,0,0,0
55.81325817108154,2,0,0,0
55.82979464530945,2,0,0,0
55.845383644104004,2,0,0,0
55.861902713775635,2,0,0,0
55.87843894958496,2,0,0,0
55.89404249191284,2,0,0,0
55.910685539245605,2,0,0,0
55.92613697052002,2,0,0,0
55.9426748752594,2,0,0,0
55.95820116996765,2,0,0,0
55.97485089302063,2,0,0,0
55.99036383628845,2,0,0,0
56.00691628456116,2,0,0,0
56.02343702316284,2,0,0,0
56.03895545005798,2,0,0,0
56.05555295944214,2,0,0,0
56.071088552474976,2,0,0,0
56.08758544921875,2,0,0,0
56.10323786735535,2,0,0,0
56.13696074485779,1,0,0,0
56.150771141052246,1,0,0,0
56.16625738143921,1,0,0,0
56.181774854660034,1,0,0,0
56.19729661941528,1,0,0,0
56.213871002197266,1,0,0,0
56.23042893409729,1,0,0,0
56.245975732803345,1,0,0,0
56.26257038116455,1,0,0,0
56.278088331222534,1,0,0,0
56.294764280319214,1,0,0,0
56.31028127670288,1,0,0,0
56.326849699020386,1,0,0,0
56.34243965148926,1,0,0,0
56.358930349349976,1,0,0,0
56.37557578086853,1,0,0,0
56.391135692596436,1,0,0,0
56.407623052597046,1,0,0,0
56.42327618598938,1,0,0,0
56.43979811668396,1,0,0,0
56.455334424972534,1,0,0,0
56.47186517715454,1,0,0,0
56.487340688705444,1,0,0,0
56.50298237800598,1,0,0,0
56.51953125,1,0,0,0
56.53513216972351,1,0,0,0
56.55168628692627,1,0,0,0
56.56719493865967,1,0,0,0
56.583826780319214,1,0,0,0
56.599408864974976,1,0,0,0
56.61499309539795,1,0,0,0
56.631545305252075,1,0,0,0
56.647055864334106,1,0,0,0
56.663573026657104,1,0,0,0
56.67911648750305,1,0,0,0
56.69575572013855,1,0,0,0
56.71129512786865,1,0,0,0
56.72780251502991,1,0,0,0
56.743462562561035,1,0,0,0
56.75900864601135,1,0,0,0
56.77661657333374,1,0,0,0
56.792206048965454,1,0,0,0
56.808714628219604,1,0,0,0
56.824429512023926,1,0,0,0
56.839983224868774,1,0,0,0
56.856531620025635,1,0,0,0
56.872074127197266,1,0,0,0
56.888545989990234,1,0,0,0
56.904223918914795,1,0,0,0
56.920783042907715,1,0,0,0
56.936283111572266,1,0,0,0
56.9528591632843,1,0,0,0
56.96835899353027,1,0,0,0
56.98399233818054,1,0,0,0
57.00063967704773,1,0,0,0
57.01628565788269,1,0,0,0
57.032843589782715,1,0,0,0
57.048346281051636,1,0,0,0
57.064034938812256,1,0,0,0
58.37059140205383,5,1,1,0
1550086374.221244,9999,0,0,0