All stim.
[996, 997, 998, 999, 1000]
Reward stim.
[996, 997, 998]
time,whichstim,iftouch,ifreward,ifout
0.011390447616577148,1000,0,0,0
0.020617008209228516,1000,0,0,0
0.0367281436920166,1000,0,0,0
0.0518953800201416,1000,0,0,0
0.06815886497497559,1000,0,0,0
0.08403539657592773,1000,0,0,0
0.09984683990478516,1000,0,0,0
0.11673164367675781,1000,0,0,0
0.1335129737854004,1000,0,0,0
0.1491382122039795,1000,0,0,0
0.164780855178833,1000,0,0,0
0.18138551712036133,1000,0,0,0
0.1972370147705078,1000,0,0,0
0.21690726280212402,1000,0,0,0
0.23315095901489258,1000,0,0,0
0.24910306930541992,1000,0,0,0
0.26580357551574707,1000,0,0,0
0.2822122573852539,1000,0,0,0
0.298755407333374,1000,0,0,0
0.3155696392059326,1000,0,0,0
0.3317384719848633,1000,0,0,0
0.34851598739624023,1000,0,0,0
0.3643019199371338,1000,0,0,0
0.3807191848754883,1000,0,0,0
0.3975389003753662,1000,0,0,0
0.4136350154876709,1000,0,0,0
0.42948436737060547,1000,0,0,0
0.4454319477081299,1000,0,0,0
0.4615473747253418,1000,0,0,0
0.47741222381591797,1000,0,0,0
0.4932870864868164,1000,0,0,0
0.5091390609741211,1000,0,0,0
0.5249710083007812,1000,0,0,0
0.5410683155059814,1000,0,0,0
0.5576028823852539,1000,0,0,0
0.5734949111938477,1000,0,0,0
0.5893077850341797,1000,0,0,0
0.6052343845367432,1000,0,0,0
0.621483325958252,1000,0,0,0
0.6373438835144043,1000,0,0,0
0.6532285213470459,1000,0,0,0
0.6690695285797119,1000,0,0,0
0.6851089000701904,1000,0,0,0
0.7013483047485352,1000,0,0,0
0.7173745632171631,1000,0,0,0
0.7333531379699707,1000,0,0,0
0.7492456436157227,1000,0,0,0
0.7653965950012207,1000,0,0,0
0.781754732131958,1000,0,0,0
0.7986488342285156,1000,0,0,0
0.8145983219146729,1000,0,0,0
0.83030104637146,1000,0,0,0
0.8462085723876953,1000,0,0,0
0.8619599342346191,1000,0,0,0
0.8787868022918701,1000,0,0,0
0.8950064182281494,1000,0,0,0
0.9113032817840576,1000,0,0,0
0.9284324645996094,1000,0,0,0
0.9439601898193359,1000,0,0,0
0.9600307941436768,1000,0,0,0
0.9768929481506348,1000,0,0,0
0.9937896728515625,1000,0,0,0
1.026259422302246,998,0,0,0
1.040187120437622,998,0,0,0
1.0564038753509521,998,0,0,0
1.0722382068634033,998,0,0,0
1.0884900093078613,998,0,0,0
1.104438066482544,998,0,0,0
1.120354413986206,998,0,0,0
1.1365089416503906,998,0,0,0
1.151794672012329,998,0,0,0
1.168421745300293,998,0,0,0
1.184462308883667,998,0,0,0
1.2001957893371582,998,0,0,0
1.2166523933410645,998,0,0,0
1.2318804264068604,998,0,0,0
1.2486472129821777,998,0,0,0
1.264582872390747,998,0,0,0
1.280268907546997,998,0,0,0
1.2963144779205322,998,0,0,0
1.3125097751617432,998,0,0,0
1.3283751010894775,998,0,0,0
1.3442740440368652,998,0,0,0
1.3598644733428955,998,0,0,0
1.3760101795196533,998,0,0,0
1.3921985626220703,998,0,0,0
1.4080781936645508,998,0,0,0
1.4240326881408691,998,0,0,0
1.4406623840332031,998,0,0,0
1.4558286666870117,998,0,0,0
1.472041368484497,998,0,0,0
1.4879026412963867,998,0,0,0
1.5039269924163818,998,0,0,0
1.5207116603851318,998,0,0,0
1.5368874073028564,998,0,0,0
1.5531425476074219,998,0,0,0
1.5692565441131592,998,0,0,0
1.585249900817871,998,0,0,0
1.6007719039916992,998,0,0,0
1.6177325248718262,998,0,0,0
1.6338856220245361,998,0,0,0
1.6498808860778809,998,0,0,0
1.6659858226776123,998,0,0,0
1.6825239658355713,998,0,0,0
1.698697805404663,998,0,0,0
1.7139501571655273,998,0,0,0
1.7298054695129395,998,0,0,0
1.7460064888000488,998,0,0,0
1.7626121044158936,998,0,0,0
1.7788398265838623,998,0,0,0
1.7954869270324707,998,0,0,0
1.811758279800415,998,0,0,0
1.8308453559875488,998,0,0,0
1.8472845554351807,998,0,0,0
1.8632347583770752,998,0,0,0
1.8788785934448242,998,0,0,0
1.8957130908966064,998,0,0,0
1.911864995956421,998,0,0,0
1.9291057586669922,998,0,0,0
1.9448299407958984,998,0,0,0
1.9609272480010986,998,0,0,0
1.9772253036499023,998,0,0,0
1.9931118488311768,998,0,0,0
2.0090057849884033,998,0,0,0
2.033529043197632,996,0,0,0
2.0422706604003906,996,0,0,0
2.0583336353302,996,0,0,0
2.0739004611968994,996,0,0,0
2.0898690223693848,996,0,0,0
2.1060166358947754,996,0,0,0
2.12203049659729,996,0,0,0
2.1382763385772705,996,0,0,0
2.153376817703247,996,0,0,0
2.1694841384887695,996,0,0,0
2.1860907077789307,996,0,0,0
2.201547384262085,996,0,0,0
2.2176907062530518,996,0,0,0
2.2343873977661133,996,0,0,0
2.2503015995025635,996,0,0,0
2.2657721042633057,996,0,0,0
2.282576322555542,996,0,0,0
2.29866886138916,996,0,0,0
2.3145132064819336,996,0,0,0
2.3302886486053467,996,0,0,0
2.345743417739868,996,0,0,0
2.3627469539642334,996,0,0,0
2.3796873092651367,996,0,0,0
2.3962061405181885,996,0,0,0
2.412489414215088,996,0,0,0
2.4287025928497314,996,0,0,0
2.445176839828491,996,0,0,0
2.461254358291626,996,0,0,0
2.4768571853637695,996,0,0,0
2.493006467819214,996,0,0,0
2.5092177391052246,996,0,0,0
2.5250167846679688,996,0,0,0
2.5411736965179443,996,0,0,0
2.5570130348205566,996,0,0,0
2.5731332302093506,996,0,0,0
2.5895981788635254,996,0,0,0
2.605001211166382,996,0,0,0
2.6208810806274414,996,0,0,0
2.637465000152588,996,0,0,0
2.6550939083099365,996,0,0,0
2.6710562705993652,996,0,0,0
2.6872541904449463,996,0,0,0
2.7033438682556152,996,0,0,0
2.7197494506835938,996,0,0,0
2.7359395027160645,996,0,0,0
2.7523109912872314,996,0,0,0
2.7679388523101807,996,0,0,0
2.7842209339141846,996,0,0,0
2.8007216453552246,996,0,0,0
2.817246913909912,996,0,0,0
2.833322763442993,996,0,0,0
2.8490660190582275,996,0,0,0
2.865123748779297,996,0,0,0
2.881418466567993,996,0,0,0
2.896959066390991,996,0,0,0
2.913059949874878,996,0,0,0
2.929856538772583,996,0,0,0
2.946061372756958,996,0,0,0
2.962437868118286,996,0,0,0
2.978168487548828,996,0,0,0
2.994279384613037,996,0,0,0
3.0097920894622803,996,0,0,0
3.0332865715026855,1000,0,0,0
3.0424864292144775,1000,0,0,0
3.058072328567505,1000,0,0,0
3.0742344856262207,1000,0,0,0
3.0900561809539795,1000,0,0,0
3.1062123775482178,1000,0,0,0
3.1224467754364014,1000,0,0,0
3.138415575027466,1000,0,0,0
3.1533827781677246,1000,0,0,0
3.1691396236419678,1000,0,0,0
3.1851391792297363,1000,0,0,0
3.2013750076293945,1000,0,0,0
3.217266798019409,1000,0,0,0
3.233304023742676,1000,0,0,0
3.249053955078125,1000,0,0,0
3.265134572982788,1000,0,0,0
3.2814688682556152,1000,0,0,0
3.297316789627075,1000,0,0,0
3.3133554458618164,1000,0,0,0
3.329115390777588,1000,0,0,0
3.345254898071289,1000,0,0,0
3.3615195751190186,1000,0,0,0
3.377328634262085,1000,0,0,0
3.3933145999908447,1000,0,0,0
3.4097490310668945,1000,0,0,0
3.4262678623199463,1000,0,0,0
3.4418928623199463,1000,0,0,0
3.458122491836548,1000,0,0,0
3.4747002124786377,1000,0,0,0
3.490025043487549,1000,0,0,0
3.5064592361450195,1000,0,0,0
3.522719383239746,1000,0,0,0
3.5395312309265137,1000,0,0,0
3.5554676055908203,1000,0,0,0
3.571707010269165,1000,0,0,0
3.5882272720336914,1000,0,0,0
3.6041946411132812,1000,0,0,0
3.6198341846466064,1000,0,0,0
3.6358067989349365,1000,0,0,0
3.652099132537842,1000,0,0,0
3.668609857559204,1000,0,0,0
3.6846470832824707,1000,0,0,0
3.700530767440796,1000,0,0,0
3.7167158126831055,1000,0,0,0
3.731989860534668,1000,0,0,0
3.7485458850860596,1000,0,0,0
3.7645673751831055,1000,0,0,0
3.780343770980835,1000,0,0,0
3.7965097427368164,1000,0,0,0
3.8127338886260986,1000,0,0,0
3.8294365406036377,1000,0,0,0
3.8454816341400146,1000,0,0,0
3.8612561225891113,1000,0,0,0
3.877173662185669,1000,0,0,0
3.8934309482574463,1000,0,0,0
3.9092013835906982,1000,0,0,0
3.926302909851074,1000,0,0,0
3.941943407058716,1000,0,0,0
3.9581122398376465,1000,0,0,0
3.974388599395752,1000,0,0,0
3.99015736579895,1000,0,0,0
4.006254196166992,1000,0,0,0
4.021835803985596,1000,0,0,0
4.045271873474121,1000,0,0,0
4.054701089859009,1000,0,0,0
4.07149863243103,1000,0,0,0
4.087695360183716,1000,0,0,0
4.103736400604248,1000,0,0,0
4.120187282562256,1000,0,0,0
4.136242866516113,1000,0,0,0
4.151254177093506,1000,0,0,0
4.1672890186309814,1000,0,0,0
4.183512210845947,1000,0,0,0
4.199286699295044,1000,0,0,0
4.215094089508057,1000,0,0,0
4.231432914733887,1000,0,0,0
4.249788999557495,1000,0,0,0
4.265480041503906,1000,0,0,0
4.281772136688232,1000,0,0,0
4.297231912612915,1000,0,0,0
4.313342809677124,1000,0,0,0
4.3294148445129395,1000,0,0,0
4.344762325286865,1000,0,0,0
4.360836029052734,1000,0,0,0
4.376924276351929,1000,0,0,0
4.393578767776489,1000,0,0,0
4.409640789031982,1000,0,0,0
4.42485237121582,1000,0,0,0
4.441752195358276,1000,0,0,0
4.457767009735107,1000,0,0,0
4.474236488342285,1000,0,0,0
4.489782810211182,1000,0,0,0
4.505918502807617,1000,0,0,0
4.521810054779053,1000,0,0,0
4.538744211196899,1000,0,0,0
4.5551981925964355,1000,0,0,0
4.571054220199585,1000,0,0,0
4.587116479873657,1000,0,0,0
4.603575229644775,1000,0,0,0
4.619462728500366,1000,0,0,0
4.6355931758880615,1000,0,0,0
4.651495456695557,1000,0,0,0
4.667567491531372,1000,0,0,0
4.683011293411255,1000,0,0,0
4.6988205909729,1000,0,0,0
4.7152416706085205,1000,0,0,0
4.731175661087036,1000,0,0,0
4.747227430343628,1000,0,0,0
4.763654470443726,1000,0,0,0
4.779525518417358,1000,0,0,0
4.794727802276611,1000,0,0,0
4.811707973480225,1000,0,0,0
4.826892137527466,1000,0,0,0
4.843374013900757,1000,0,0,0
4.859294891357422,1000,0,0,0
4.875484228134155,1000,0,0,0
4.891402006149292,1000,0,0,0
4.907768726348877,1000,0,0,0
4.925556898117065,1000,0,0,0
4.941549062728882,1000,0,0,0
4.957712173461914,1000,0,0,0
4.974648475646973,1000,0,0,0
4.990697622299194,1000,0,0,0
5.007426977157593,1000,0,0,0
5.023791074752808,1000,0,0,0
5.053550720214844,998,0,0,0
5.068119287490845,998,0,0,0
5.0840840339660645,998,0,0,0
5.10068941116333,998,0,0,0
5.116607904434204,998,0,0,0
5.132646322250366,998,0,0,0
5.148153781890869,998,0,0,0
5.164041757583618,998,0,0,0
5.18022084236145,998,0,0,0
5.195957899093628,998,0,0,0
5.2123095989227295,998,0,0,0
5.227832317352295,998,0,0,0
5.2447545528411865,998,0,0,0
5.2607738971710205,998,0,0,0
5.2773497104644775,998,0,0,0
5.29322075843811,998,0,0,0
5.308788537979126,998,0,0,0
5.325681924819946,998,0,0,0
5.340816497802734,998,0,0,0
5.357650279998779,998,0,0,0
5.373667478561401,998,0,0,0
5.389114141464233,998,0,0,0
5.405086517333984,998,0,0,0
5.421159505844116,998,0,0,0
5.437605619430542,998,0,0,0
5.453426837921143,998,0,0,0
5.468804359436035,998,0,0,0
5.485700368881226,998,0,0,0
5.501627445220947,998,0,0,0
5.517537355422974,998,0,0,0
5.533397197723389,998,0,0,0
5.5497355461120605,998,0,0,0
5.5660059452056885,998,0,0,0
5.581977367401123,998,0,0,0
5.598529577255249,998,0,0,0
5.614473581314087,998,0,0,0
5.6297948360443115,998,0,0,0
5.646807670593262,998,0,0,0
5.662795305252075,998,0,0,0
5.679440498352051,998,0,0,0
5.695376396179199,998,0,0,0
5.711306095123291,998,0,0,0
5.727190732955933,998,0,0,0
5.743234634399414,998,0,0,0
5.759390354156494,998,0,0,0
5.7752978801727295,998,0,0,0
5.791223049163818,998,0,0,0
5.807146072387695,998,0,0,0
5.823333501815796,998,0,0,0
5.8390257358551025,998,0,0,0
5.859652757644653,998,0,0,0
5.8751325607299805,998,0,0,0
5.890871524810791,998,0,0,0
5.90689492225647,998,0,0,0
5.924067258834839,998,0,0,0
5.940136671066284,998,0,0,0
5.956110954284668,998,0,0,0
5.972468852996826,998,0,0,0
5.9883644580841064,998,0,0,0
6.004194736480713,998,0,0,0
6.0205605030059814,998,0,0,0
6.036420583724976,998,0,0,0
6.059703826904297,996,0,0,0
6.069995403289795,996,0,0,0
6.085932016372681,996,0,0,0
6.102084398269653,996,0,0,0
6.118603229522705,996,0,0,0
6.1340107917785645,996,0,0,0
6.149810552597046,996,0,0,0
6.165926218032837,996,0,0,0
6.182293653488159,996,0,0,0
6.198103666305542,996,0,0,0
6.214470148086548,996,0,0,0
6.230710506439209,996,0,0,0
6.2465903759002686,996,0,0,0
6.26233172416687,996,0,0,0
6.277997732162476,996,0,0,0
6.294288873672485,996,0,0,0
6.310096502304077,996,0,0,0
6.325825929641724,996,0,0,0
6.3424341678619385,996,0,0,0
6.358381032943726,996,0,0,0
6.374320030212402,996,0,0,0
6.390214681625366,996,0,0,0
6.406177759170532,996,0,0,0
6.421804666519165,996,0,0,0
6.4377546310424805,996,0,0,0
6.454094886779785,996,0,0,0
6.470001459121704,996,0,0,0
6.4859583377838135,996,0,0,0
6.5025999546051025,996,0,0,0
6.518416166305542,996,0,0,0
6.534384250640869,996,0,0,0
6.550133943557739,996,0,0,0
6.566007375717163,996,0,0,0
6.582019567489624,996,0,0,0
6.597833156585693,996,0,0,0
6.614215135574341,996,0,0,0
6.629906177520752,996,0,0,0
6.645951986312866,996,0,0,0
6.66239857673645,996,0,0,0
6.683054208755493,996,0,0,0
6.69909143447876,996,0,0,0
6.715490341186523,996,0,0,0
6.731159448623657,996,0,0,0
6.7474400997161865,996,0,0,0
6.763352394104004,996,0,0,0
6.779487133026123,996,0,0,0
6.795238018035889,996,0,0,0
6.811175107955933,996,0,0,0
6.827545404434204,996,0,0,0
6.843559980392456,996,0,0,0
6.863126277923584,996,0,0,0
6.8757500648498535,996,0,0,0
6.892061471939087,996,0,0,0
6.908240556716919,996,0,0,0
6.9257283210754395,996,0,0,0
6.94179368019104,996,0,0,0
6.957956790924072,996,0,0,0
6.973919630050659,996,0,0,0
6.989956378936768,996,0,0,0
7.006614446640015,996,0,0,0
7.022625923156738,996,0,0,0
7.038000583648682,996,0,0,0
7.063402891159058,997,0,0,0
7.071342945098877,997,0,0,0
7.087118625640869,997,0,0,0
7.1035685539245605,997,0,0,0
7.119726896286011,997,0,0,0
7.136077880859375,997,0,0,0
7.1521852016448975,997,0,0,0
7.168477535247803,997,0,0,0
7.184450149536133,997,0,0,0
7.200481176376343,997,0,0,0
7.216406345367432,997,0,0,0
7.23245906829834,997,0,0,0
7.247878551483154,997,0,0,0
7.263765573501587,997,0,0,0
7.279768466949463,997,0,0,0
7.2968831062316895,997,0,0,0
7.312837839126587,997,0,0,0
7.329286336898804,997,0,0,0
7.345339775085449,997,0,0,0
7.361487865447998,997,0,0,0
7.376874208450317,997,0,0,0
7.3930463790893555,997,0,0,0
7.409339189529419,997,0,0,0
7.42532753944397,997,0,0,0
7.440915584564209,997,0,0,0
7.457234859466553,997,0,0,0
7.473561763763428,997,0,0,0
7.489526987075806,997,0,0,0
7.509785175323486,997,0,0,0
7.52654242515564,997,0,0,0
7.542244911193848,997,0,0,0
7.558269262313843,997,0,0,0
7.574427127838135,997,0,0,0
7.590440511703491,997,0,0,0
7.6066734790802,997,0,0,0
7.622126579284668,997,0,0,0
7.638311862945557,997,0,0,0
7.654486417770386,997,0,0,0
7.670055627822876,997,0,0,0
7.686152219772339,997,0,0,0
7.702757120132446,997,0,0,0
7.7197864055633545,997,0,0,0
7.7357776165008545,997,0,0,0
7.752344369888306,997,0,0,0
7.768148183822632,997,0,0,0
7.784521818161011,997,0,0,0
7.8004748821258545,997,0,0,0
7.8164567947387695,997,0,0,0
7.8319690227508545,997,0,0,0
7.847774028778076,997,0,0,0
7.864151477813721,997,0,0,0
7.8799989223480225,997,0,0,0
7.896221160888672,997,0,0,0
7.912731170654297,997,0,0,0
7.930623531341553,997,0,0,0
7.946540355682373,997,0,0,0
7.962507724761963,997,0,0,0
7.978493690490723,997,0,0,0
7.994157791137695,997,0,0,0
8.01006269454956,997,0,0,0
8.026549816131592,997,0,0,0
8.042580842971802,997,0,0,0
8.065536260604858,998,0,0,0
8.074535369873047,998,0,0,0
8.09036660194397,998,0,0,0
8.105848789215088,998,0,0,0
8.121905088424683,998,0,0,0
8.137859582901001,998,0,0,0
8.153687715530396,998,0,0,0
8.16952657699585,998,0,0,0
8.184927701950073,998,0,0,0
8.201707124710083,998,0,0,0
8.217610359191895,998,0,0,0
8.233721494674683,998,0,0,0
8.249046325683594,998,0,0,0
8.265772581100464,998,0,0,0
8.282249212265015,998,0,0,0
8.298630952835083,998,0,0,0
8.314364671707153,998,0,0,0
8.330705642700195,998,0,0,0
8.34749436378479,998,0,0,0
8.363396406173706,998,0,0,0
8.379129886627197,998,0,0,0
8.395720958709717,998,0,0,0
8.411827325820923,998,0,0,0
8.428564548492432,998,0,0,0
8.444156885147095,998,0,0,0
8.459890604019165,998,0,0,0
8.476232051849365,998,0,0,0
8.49212646484375,998,0,0,0
8.507972478866577,998,0,0,0
8.524604558944702,998,0,0,0
8.540392875671387,998,0,0,0
8.555758953094482,998,0,0,0
8.572677850723267,998,0,0,0
8.588428497314453,998,0,0,0
8.604437828063965,998,0,0,0
8.620146751403809,998,0,0,0
8.636357545852661,998,0,0,0
8.6521315574646,998,0,0,0
8.667853832244873,998,0,0,0
8.684561729431152,998,0,0,0
8.700252532958984,998,0,0,0
8.716484308242798,998,0,0,0
8.73225450515747,998,0,0,0
8.747939109802246,998,0,0,0
8.764665603637695,998,0,0,0
8.780461549758911,998,0,0,0
8.796725273132324,998,0,0,0
8.813573122024536,998,0,0,0
8.829341173171997,998,0,0,0
8.845042943954468,998,0,0,0
8.861727952957153,998,0,0,0
8.877792596817017,998,0,0,0
8.89456033706665,998,0,0,0
8.910235166549683,998,0,0,0
8.9273042678833,998,0,0,0
8.943172931671143,998,0,0,0
8.959179639816284,998,0,0,0
8.975584983825684,998,0,0,0
8.991421937942505,998,0,0,0
9.007652044296265,998,0,0,0
9.02370023727417,998,0,0,0
9.03885555267334,998,0,0,0
9.05538272857666,998,0,0,0
9.087146520614624,999,0,0,0
9.100749731063843,999,0,0,0
9.116929531097412,999,0,0,0
9.132768869400024,999,0,0,0
9.148948431015015,999,0,0,0
9.165236711502075,999,0,0,0
9.180988550186157,999,0,0,0
9.196738004684448,999,0,0,0
9.21372652053833,999,0,0,0
9.229964256286621,999,0,0,0
9.246025800704956,999,0,0,0
9.261818885803223,999,0,0,0
9.278594732284546,999,0,0,0
9.293851137161255,999,0,0,0
9.310649394989014,999,0,0,0
9.326647758483887,999,0,0,0
9.34262466430664,999,0,0,0
9.358514547348022,999,0,0,0
9.374544858932495,999,0,0,0
9.390334844589233,999,0,0,0
9.406657934188843,999,0,0,0
9.422570943832397,999,0,0,0
9.438393115997314,999,0,0,0
9.453933954238892,999,0,0,0
9.470677614212036,999,0,0,0
9.486640691757202,999,0,0,0
9.502565145492554,999,0,0,0
9.518335342407227,999,0,0,0
9.534399271011353,999,0,0,0
9.550071716308594,999,0,0,0
9.566497564315796,999,0,0,0
9.582496881484985,999,0,0,0
9.598416328430176,999,0,0,0
9.614556074142456,999,0,0,0
9.63038158416748,999,0,0,0
9.645776748657227,999,0,0,0
9.662707090377808,999,0,0,0
9.678621292114258,999,0,0,0
9.694578409194946,999,0,0,0
9.710330724716187,999,0,0,0
9.726712703704834,999,0,0,0
9.743563652038574,999,0,0,0
9.759424924850464,999,0,0,0
9.77569031715393,999,0,0,0
9.792513608932495,999,0,0,0
9.808431386947632,999,0,0,0
9.824289321899414,999,0,0,0
9.8401780128479,999,0,0,0
9.856457471847534,999,0,0,0
9.87207818031311,999,0,0,0
9.88823676109314,999,0,0,0
9.904762983322144,999,0,0,0
9.922379732131958,999,0,0,0
9.938560009002686,999,0,0,0
9.954387664794922,999,0,0,0
9.97014045715332,999,0,0,0
9.98675012588501,999,0,0,0
10.00363540649414,999,0,0,0
10.018884658813477,999,0,0,0
10.03578519821167,999,0,0,0
10.052584409713745,999,0,0,0
10.068239450454712,999,0,0,0
10.090739250183105,998,0,0,0
10.099783897399902,998,0,0,0
10.116559982299805,998,0,0,0
10.132448673248291,998,0,0,0
10.148171424865723,998,0,0,0
10.16394305229187,998,0,0,0
10.180333614349365,998,0,0,0
10.196301937103271,998,0,0,0
10.212204217910767,998,0,0,0
10.22792100906372,998,0,0,0
10.244726419448853,998,0,0,0
10.260998725891113,998,0,0,0
10.27773404121399,998,0,0,0
10.294538259506226,998,0,0,0
10.31063961982727,998,0,0,0
10.326436996459961,998,0,0,0
10.342372417449951,998,0,0,0
10.358224868774414,998,0,0,0
10.374319314956665,998,0,0,0
10.390333414077759,998,0,0,0
10.406233787536621,998,0,0,0
10.422504425048828,998,0,0,0
10.438369035720825,998,0,0,0
10.45429277420044,998,0,0,0
10.470302820205688,998,0,0,0
10.48625135421753,998,0,0,0
10.502301454544067,998,0,0,0
10.518070697784424,998,0,0,0
10.534022092819214,998,0,0,0
10.549875020980835,998,0,0,0
10.566736698150635,998,0,0,0
10.58277940750122,998,0,0,0
10.599550724029541,998,0,0,0
10.615482091903687,998,0,0,0
10.631685018539429,998,0,0,0
10.648657321929932,998,0,0,0
10.664795398712158,998,0,0,0
10.680985689163208,998,0,0,0
10.697710752487183,998,0,0,0
10.712967157363892,998,0,0,0
10.731696605682373,998,0,0,0
10.746923685073853,998,0,0,0
10.763039588928223,998,0,0,0
10.778950452804565,998,0,0,0
10.79530119895935,998,0,0,0
10.811176776885986,998,0,0,0
10.827050924301147,998,0,0,0
10.842843055725098,998,0,0,0
10.859625339508057,998,0,0,0
10.874733209609985,998,0,0,0
10.891535758972168,998,0,0,0
10.907322883605957,998,0,0,0
10.924209833145142,998,0,0,0
10.939984798431396,998,0,0,0
10.956269979476929,998,0,0,0
10.97232699394226,998,0,0,0
10.988224983215332,998,0,0,0
11.004094362258911,998,0,0,0
11.019935131072998,998,0,0,0
11.03639841079712,998,0,0,0
11.052246570587158,998,0,0,0
11.068097829818726,998,0,0,0
11.090959548950195,998,0,0,0
11.103014945983887,998,0,0,0
11.118813753128052,998,0,0,0
11.13554835319519,998,0,0,0
11.151346445083618,998,0,0,0
11.16762089729309,998,0,0,0
11.18345832824707,998,0,0,0
11.19922137260437,998,0,0,0
11.215145111083984,998,0,0,0
11.23086667060852,998,0,0,0
11.247096061706543,998,0,0,0
11.262946605682373,998,0,0,0
11.278748273849487,998,0,0,0
11.295640230178833,998,0,0,0
11.31140923500061,998,0,0,0
11.327673435211182,998,0,0,0
11.34453272819519,998,0,0,0
11.360421180725098,998,0,0,0
11.37594199180603,998,0,0,0
11.392188310623169,998,0,0,0
11.40811014175415,998,0,0,0
11.424023151397705,998,0,0,0
11.439873218536377,998,0,0,0
11.456330299377441,998,0,0,0
11.472033977508545,998,0,0,0
11.488200187683105,998,0,0,0
11.504235744476318,998,0,0,0
11.519860029220581,998,0,0,0
11.536275148391724,998,0,0,0
11.554278135299683,998,0,0,0
11.570154428482056,998,0,0,0
11.58652663230896,998,0,0,0
11.602452516555786,998,0,0,0
11.617820739746094,998,0,0,0
11.634769439697266,998,0,0,0
11.651514530181885,998,0,0,0
11.667368650436401,998,0,0,0
11.683183670043945,998,0,0,0
11.699482917785645,998,0,0,0
11.715354204177856,998,0,0,0
11.731106042861938,998,0,0,0
11.747157096862793,998,0,0,0
11.762935876846313,998,0,0,0
11.779038906097412,998,0,0,0
11.794853925704956,998,0,0,0
11.811728239059448,998,0,0,0
11.827938318252563,998,0,0,0
11.844122886657715,998,0,0,0
11.859893560409546,998,0,0,0
11.87592887878418,998,0,0,0
11.892721891403198,998,0,0,0
11.90896201133728,998,0,0,0
11.926736116409302,998,0,0,0
11.943654537200928,998,0,0,0
11.958860158920288,998,0,0,0
11.975772142410278,998,0,0,0
11.992534637451172,998,0,0,0
12.008384943008423,998,0,0,0
12.024168968200684,998,0,0,0
12.04034972190857,998,0,0,0
12.0562264919281,998,0,0,0
12.07201361656189,998,0,0,0
12.09503960609436,998,0,0,0
12.103845357894897,998,0,0,0
12.120073556900024,998,0,0,0
12.136073350906372,998,0,0,0
12.151975631713867,998,0,0,0
12.168591499328613,998,0,0,0
12.184605598449707,998,0,0,0
12.199971675872803,998,0,0,0
12.21598505973816,998,0,0,0
12.231902360916138,998,0,0,0
12.247883319854736,998,0,0,0
12.264510154724121,998,0,0,0
12.279847383499146,998,0,0,0
12.299251794815063,998,0,0,0
12.31493854522705,998,0,0,0
12.331363677978516,998,0,0,0
12.347075700759888,998,0,0,0
12.362818241119385,998,0,0,0
12.379727602005005,998,0,0,0
12.396591663360596,998,0,0,0
12.412720918655396,998,0,0,0
12.429534435272217,998,0,0,0
12.445507287979126,998,0,0,0
12.461224555969238,998,0,0,0
12.47805404663086,998,0,0,0
12.494449853897095,998,0,0,0
12.510181188583374,998,0,0,0
12.526119947433472,998,0,0,0
12.542712688446045,998,0,0,0
12.559217929840088,998,0,0,0
12.575321674346924,998,0,0,0
12.591053247451782,998,0,0,0
12.607706546783447,998,0,0,0
12.623945951461792,998,0,0,0
12.639838457107544,998,0,0,0
12.656681299209595,998,0,0,0
12.673254013061523,998,0,0,0
12.689001560211182,998,0,0,0
12.705181360244751,998,0,0,0
12.72101354598999,998,0,0,0
12.736891508102417,998,0,0,0
12.753642082214355,998,0,0,0
12.769446611404419,998,0,0,0
12.784834384918213,998,0,0,0
12.801605463027954,998,0,0,0
12.817445039749146,998,0,0,0
12.832944393157959,998,0,0,0
12.849643230438232,998,0,0,0
12.865026235580444,998,0,0,0
12.880849123001099,998,0,0,0
12.897111415863037,998,0,0,0
12.913212776184082,998,0,0,0
12.929950475692749,998,0,0,0
12.946154117584229,998,0,0,0
12.962682247161865,998,0,0,0
12.978436946868896,998,0,0,0
12.994073152542114,998,0,0,0
13.010411739349365,998,0,0,0
13.025973558425903,998,0,0,0
13.041918992996216,998,0,0,0
13.057812690734863,998,0,0,0
13.074411869049072,998,0,0,0
13.104429721832275,997,0,0,0
13.118645906448364,997,0,0,0
13.134303331375122,997,0,0,0
13.149499416351318,997,0,0,0
13.165739297866821,997,0,0,0
13.182612895965576,997,0,0,0
13.197782039642334,997,0,0,0
13.21461272239685,997,0,0,0
13.230541706085205,997,0,0,0
13.246487617492676,997,0,0,0
13.262319087982178,997,0,0,0
13.27858853340149,997,0,0,0
13.294618129730225,997,0,0,0
13.310665845870972,997,0,0,0
13.326574325561523,997,0,0,0
13.34253716468811,997,0,0,0
13.358658790588379,997,0,0,0
13.37423825263977,997,0,0,0
13.39016079902649,997,0,0,0
13.406606197357178,997,0,0,0
13.422500848770142,997,0,0,0
13.438485145568848,997,0,0,0
13.454312801361084,997,0,0,0
13.470152378082275,997,0,0,0
13.486493349075317,997,0,0,0
13.502366304397583,997,0,0,0
13.5183744430542,997,0,0,0
13.533890962600708,997,0,0,0
13.550638198852539,997,0,0,0
13.56615138053894,997,0,0,0
13.582008361816406,997,0,0,0
13.5979483127594,997,0,0,0
13.614320278167725,997,0,0,0
13.630180358886719,997,0,0,0
13.646568059921265,997,0,0,0
13.661814451217651,997,0,0,0
13.677868843078613,997,0,0,0
13.694058179855347,997,0,0,0
13.710078239440918,997,0,0,0
13.726628541946411,997,0,0,0
13.74251127243042,997,0,0,0
13.758455991744995,997,0,0,0
13.774054527282715,997,0,0,0
13.789856195449829,997,0,0,0
13.80610203742981,997,0,0,0
13.821986198425293,997,0,0,0
13.837972640991211,997,0,0,0
13.854584455490112,997,0,0,0
13.870357990264893,997,0,0,0
13.886393547058105,997,0,0,0
13.904958009719849,997,0,0,0
13.922640323638916,997,0,0,0
13.93798303604126,997,0,0,0
13.957484483718872,997,0,0,0
13.97354507446289,997,0,0,0
13.989522695541382,997,0,0,0
14.005687952041626,997,0,0,0
14.021355867385864,997,0,0,0
14.03744888305664,997,0,0,0
14.05367660522461,997,0,0,0
14.070647239685059,997,0,0,0
14.085773944854736,997,0,0,0
14.10937786102295,998,0,0,0
14.118140697479248,998,0,0,0
14.134268522262573,998,0,0,0
14.149999141693115,998,0,0,0
14.166283130645752,998,0,0,0
14.181878805160522,998,0,0,0
14.198196649551392,998,0,0,0
14.214375972747803,998,0,0,0
14.23015022277832,998,0,0,0
14.246237993240356,998,0,0,0
14.261778116226196,998,0,0,0
14.277892112731934,998,0,0,0
14.29410195350647,998,0,0,0
14.310744047164917,998,0,0,0
14.327716827392578,998,0,0,0
14.343862771987915,998,0,0,0
14.360474586486816,998,0,0,0
14.376388788223267,998,0,0,0
14.392410516738892,998,0,0,0
14.40848684310913,998,0,0,0
14.424507141113281,998,0,0,0
14.440120697021484,998,0,0,0
14.45606780052185,998,0,0,0
14.472557067871094,998,0,0,0
14.488605976104736,998,0,0,0
14.504699468612671,998,0,0,0
14.520882368087769,998,0,0,0
14.536957502365112,998,0,0,0
14.553605079650879,998,0,0,0
14.569781303405762,998,0,0,0
14.585990905761719,998,0,0,0
14.60275149345398,998,0,0,0
14.618894100189209,998,0,0,0
14.63520860671997,998,0,0,0
14.651033878326416,998,0,0,0
14.667816162109375,998,0,0,0
14.68465256690979,998,0,0,0
14.70121955871582,998,0,0,0
14.71714997291565,998,0,0,0
14.733829975128174,998,0,0,0
14.750546932220459,998,0,0,0
14.766908884048462,998,0,0,0
14.782857179641724,998,0,0,0
14.799360990524292,998,0,0,0
14.814900398254395,998,0,0,0
14.831151247024536,998,0,0,0
14.847336530685425,998,0,0,0
14.862818479537964,998,0,0,0
14.878880023956299,998,0,0,0
14.89542031288147,998,0,0,0
14.911192655563354,998,0,0,0
14.928341150283813,998,0,0,0
14.94390058517456,998,0,0,0
14.959938526153564,998,0,0,0
14.976515531539917,998,0,0,0
14.992456912994385,998,0,0,0
15.008393287658691,998,0,0,0
15.024014472961426,998,0,0,0
15.039947748184204,998,0,0,0
15.056699275970459,998,0,0,0
15.073153018951416,998,0,0,0
15.089533567428589,998,0,0,0
15.112307786941528,997,0,0,0
15.124183893203735,997,0,0,0
15.14044189453125,997,0,0,0
15.155574798583984,997,0,0,0
15.171798706054688,997,0,0,0
15.188634395599365,997,0,0,0
15.204171419143677,997,0,0,0
15.220287561416626,997,0,0,0
15.236262798309326,997,0,0,0
15.252167463302612,997,0,0,0
15.268699645996094,997,0,0,0
15.284509181976318,997,0,0,0
15.300518035888672,997,0,0,0
15.316652059555054,997,0,0,0
15.332213401794434,997,0,0,0
15.347736835479736,997,0,0,0
15.36461091041565,997,0,0,0
15.380151510238647,997,0,0,0
15.396751880645752,997,0,0,0
15.413711071014404,997,0,0,0
15.429823875427246,997,0,0,0
15.446674108505249,997,0,0,0
15.4624764919281,997,0,0,0
15.47839069366455,997,0,0,0
15.498262882232666,997,0,0,0
15.526781797409058,997,0,0,0
15.542563199996948,997,0,0,0
15.557958602905273,997,0,0,0
15.578123807907104,997,0,0,0
15.594221830368042,997,0,0,0
15.610761642456055,997,0,0,0
15.626809120178223,997,0,0,0
15.643089056015015,997,0,0,0
15.659683227539062,997,0,0,0
15.676140546798706,997,0,0,0
15.692158460617065,997,0,0,0
15.708948612213135,997,0,0,0
15.724823951721191,997,0,0,0
15.74152159690857,997,0,0,0
15.757544040679932,997,0,0,0
15.772858619689941,997,0,0,0
15.78896188735962,997,0,0,0
15.808418989181519,997,0,0,0
15.826353073120117,997,0,0,0
15.842236757278442,997,0,0,0
15.858302593231201,997,0,0,0
15.87380051612854,997,0,0,0
15.89016604423523,997,0,0,0
15.90658950805664,997,0,0,0
15.922576665878296,997,0,0,0
15.93873119354248,997,0,0,0
15.954772233963013,997,0,0,0
15.971405982971191,997,0,0,0
15.987600326538086,997,0,0,0
16.003552675247192,997,0,0,0
16.019240379333496,997,0,0,0
16.035314083099365,997,0,0,0
16.050955057144165,997,0,0,0
16.067190170288086,997,0,0,0
16.08316659927368,997,0,0,0
16.098843812942505,997,0,0,0
16.121705770492554,997,0,0,0
16.13147211074829,997,0,0,0
16.147069454193115,997,0,0,0
16.163050413131714,997,0,0,0
16.178809881210327,997,0,0,0
16.1954288482666,997,0,0,0
16.211215257644653,997,0,0,0
16.226879358291626,997,0,0,0
16.243578910827637,997,0,0,0
16.25971817970276,997,0,0,0
16.275009393692017,997,0,0,0
16.291488647460938,997,0,0,0
16.30777907371521,997,0,0,0
16.324010372161865,997,0,0,0
16.3403480052948,997,0,0,0
16.355889081954956,997,0,0,0
16.371946811676025,997,0,0,0
16.38796901702881,997,0,0,0
16.404665231704712,997,0,0,0
16.420418739318848,997,0,0,0
16.43636727333069,997,0,0,0
16.4520161151886,997,0,0,0
16.46865463256836,997,0,0,0
16.484040021896362,997,0,0,0
16.50034999847412,997,0,0,0
16.516557693481445,997,0,0,0
16.532538414001465,997,0,0,0
16.54830050468445,997,0,0,0
16.564229011535645,997,0,0,0
16.580063581466675,997,0,0,0
16.595939874649048,997,0,0,0
16.611872911453247,997,0,0,0
16.628657817840576,997,0,0,0
16.64449119567871,997,0,0,0
16.66003394126892,997,0,0,0
16.67590641975403,997,0,0,0
16.692487955093384,997,0,0,0
16.708372354507446,997,0,0,0
16.724448442459106,997,0,0,0
16.740081071853638,997,0,0,0
16.755982160568237,997,0,0,0
16.772666692733765,997,0,0,0
16.789427518844604,997,0,0,0
16.80548858642578,997,0,0,0
16.820842266082764,997,0,0,0
16.83704447746277,997,0,0,0
16.853328704833984,997,0,0,0
16.86943507194519,997,0,0,0
16.885472059249878,997,0,0,0
16.90171194076538,997,0,0,0
16.917897701263428,997,0,0,0
16.93387007713318,997,0,0,0
16.94994592666626,997,0,0,0
16.965959787368774,997,0,0,0
16.98217797279358,997,0,0,0
16.997981309890747,997,0,0,0
17.013805866241455,997,0,0,0
17.029995918273926,997,0,0,0
17.04586386680603,997,0,0,0
17.06268835067749,997,0,0,0
17.07947087287903,997,0,0,0
17.095316886901855,997,0,0,0
17.110957145690918,997,0,0,0
17.142096042633057,999,0,0,0
17.15516757965088,999,0,0,0
17.171374082565308,999,0,0,0
17.187575817108154,999,0,0,0
17.202815532684326,999,0,0,0
17.218889713287354,999,0,0,0
17.234890937805176,999,0,0,0
17.25083565711975,999,0,0,0
17.267130374908447,999,0,0,0
17.28310751914978,999,0,0,0
17.299209356307983,999,0,0,0
17.315305948257446,999,0,0,0
17.331319093704224,999,0,0,0
17.346745252609253,999,0,0,0
17.363080978393555,999,0,0,0
17.379624605178833,999,0,0,0
17.395713567733765,999,0,0,0
17.411900520324707,999,0,0,0
17.428242206573486,999,0,0,0
17.444220781326294,999,0,0,0
17.46023726463318,999,0,0,0
17.47663402557373,999,0,0,0
17.492086172103882,999,0,0,0
17.508127689361572,999,0,0,0
17.524470329284668,999,0,0,0
17.540956258773804,999,0,0,0
17.557099103927612,999,0,0,0
17.573249340057373,999,0,0,0
17.589253187179565,999,0,0,0
17.60486912727356,999,0,0,0
17.621158838272095,999,0,0,0
17.63777256011963,999,0,0,0
17.65393877029419,999,0,0,0
17.670268774032593,999,0,0,0
17.685791015625,999,0,0,0
17.701980352401733,999,0,0,0
17.71821928024292,999,0,0,0
17.73395085334778,999,0,0,0
17.75017476081848,999,0,0,0
17.76586627960205,999,0,0,0
17.782041549682617,999,0,0,0
17.79833745956421,999,0,0,0
17.814053773880005,999,0,0,0
17.829915761947632,999,0,0,0
17.846503019332886,999,0,0,0
17.861835718154907,999,0,0,0
17.87800121307373,999,0,0,0
17.894597053527832,999,0,0,0
17.910168409347534,999,0,0,0
17.92771863937378,999,0,0,0
17.943520307540894,999,0,0,0
17.959022521972656,999,0,0,0
17.97492218017578,999,0,0,0
17.991190671920776,999,0,0,0
18.006927251815796,999,0,0,0
18.023571014404297,999,0,0,0
18.038961172103882,999,0,0,0
18.05522346496582,999,0,0,0
18.070841550827026,999,0,0,0
18.087101221084595,999,0,0,0
18.103597164154053,999,0,0,0
18.11882781982422,999,0,0,0
18.14199209213257,996,0,0,0
18.150178909301758,996,0,0,0
18.16626763343811,996,0,0,0
18.18240261077881,996,0,0,0
18.19855260848999,996,0,0,0
18.214415311813354,996,0,0,0
18.230321407318115,996,0,0,0
18.246623992919922,996,0,0,0
18.26257586479187,996,0,0,0
18.278542280197144,996,0,0,0
18.294336080551147,996,0,0,0
18.310307025909424,996,0,0,0
18.326176643371582,996,0,0,0
18.34224534034729,996,0,0,0
18.35780692100525,996,0,0,0
18.37379288673401,996,0,0,0
18.389891147613525,996,0,0,0
18.406311750411987,996,0,0,0
18.42187738418579,996,0,0,0
18.437991857528687,996,0,0,0
18.453962564468384,996,0,0,0
18.470253229141235,996,0,0,0
18.486621856689453,996,0,0,0
18.501988649368286,996,0,0,0
18.519532918930054,996,0,0,0
18.53530764579773,996,0,0,0
18.551182985305786,996,0,0,0
18.567439794540405,996,0,0,0
18.583669185638428,996,0,0,0
18.59975242614746,996,0,0,0
18.6159770488739,996,0,0,0
18.63195037841797,996,0,0,0
18.648890495300293,996,0,0,0
18.67697787284851,996,0,0,0
18.686474323272705,996,0,0,0
18.70228147506714,996,0,0,0
18.719125032424927,996,0,0,0
18.735268592834473,996,0,0,0
18.751595973968506,996,0,0,0
18.767688274383545,996,0,0,0
18.783462047576904,996,0,0,0
18.802456617355347,996,0,0,0
18.818076610565186,996,0,0,0
18.83396315574646,996,0,0,0
18.849789142608643,996,0,0,0
18.866310834884644,996,0,0,0
18.882419109344482,996,0,0,0
18.898584604263306,996,0,0,0
18.91455912590027,996,0,0,0
18.93065118789673,996,0,0,0
18.945989847183228,996,0,0,0
18.96220636367798,996,0,0,0
18.97868323326111,996,0,0,0
18.995539903640747,996,0,0,0
19.011638879776,996,0,0,0
19.026870250701904,996,0,0,0
19.042830228805542,996,0,0,0
19.058868169784546,996,0,0,0
19.075557708740234,996,0,0,0
19.091622352600098,996,0,0,0
19.107758283615112,996,0,0,0
19.124431848526,996,0,0,0
19.148277521133423,999,0,0,0
19.159729957580566,999,0,0,0
19.175424337387085,999,0,0,0
19.19120979309082,999,0,0,0
19.20717716217041,999,0,0,0
19.22314167022705,999,0,0,0
19.239023208618164,999,0,0,0
19.254985332489014,999,0,0,0
19.27085542678833,999,0,0,0
19.287245512008667,999,0,0,0
19.303159952163696,999,0,0,0
19.319100856781006,999,0,0,0
19.335006952285767,999,0,0,0
19.350876569747925,999,0,0,0
19.367491722106934,999,0,0,0
19.383516788482666,999,0,0,0
19.399486780166626,999,0,0,0
19.41538643836975,999,0,0,0
19.43125295639038,999,0,0,0
19.447264909744263,999,0,0,0
19.463478326797485,999,0,0,0
19.479094743728638,999,0,0,0
19.49555253982544,999,0,0,0
19.510910749435425,999,0,0,0
19.52713418006897,999,0,0,0
19.546871185302734,999,0,0,0
19.563204288482666,999,0,0,0
19.57955241203308,999,0,0,0
19.599391222000122,999,0,0,0
19.615664958953857,999,0,0,0
19.63092851638794,999,0,0,0
19.647791862487793,999,0,0,0
19.664707899093628,999,0,0,0
19.68105173110962,999,0,0,0
19.69705319404602,999,0,0,0
19.71346378326416,999,0,0,0
19.730305671691895,999,0,0,0
19.745249032974243,999,0,0,0
19.760849237442017,999,0,0,0
19.777724266052246,999,0,0,0
19.793960094451904,999,0,0,0
19.809825658798218,999,0,0,0
19.826691389083862,999,0,0,0
19.84335708618164,999,0,0,0
19.859236240386963,999,0,0,0
19.875637769699097,999,0,0,0
19.89105534553528,999,0,0,0
19.9070303440094,999,0,0,0
19.924086093902588,999,0,0,0
19.940659046173096,999,0,0,0
19.956140279769897,999,0,0,0
19.972395420074463,999,0,0,0
19.988551139831543,999,0,0,0
20.004623889923096,999,0,0,0
20.019944190979004,999,0,0,0
20.036274909973145,999,0,0,0
20.052557468414307,999,0,0,0
20.068713426589966,999,0,0,0
20.085514307022095,999,0,0,0
20.10424041748047,999,0,0,0
20.120157718658447,999,0,0,0
20.136483192443848,999,0,0,0
20.15976572036743,997,0,0,0
20.168039560317993,997,0,0,0
20.184195041656494,997,0,0,0
20.200580596923828,997,0,0,0
20.215879917144775,997,0,0,0
20.232203483581543,997,0,0,0
20.248594522476196,997,0,0,0
20.26483464241028,997,0,0,0
20.28099274635315,997,0,0,0
20.297040224075317,997,0,0,0
20.313194513320923,997,0,0,0
20.329200744628906,997,0,0,0
20.349366664886475,997,0,0,0
20.368049144744873,997,0,0,0
20.38900852203369,997,0,0,0
20.42227268218994,997,0,0,0
20.43251609802246,997,0,0,0
20.44871234893799,997,0,0,0
20.46522355079651,997,0,0,0
20.481309175491333,997,0,0,0
20.497069358825684,997,0,0,0
20.513629913330078,997,0,0,0
20.529749870300293,997,0,0,0
20.546478509902954,997,0,0,0
20.56185221672058,997,0,0,0
20.57853674888611,997,0,0,0
20.59419298171997,997,0,0,0
20.610682487487793,997,0,0,0
20.626762866973877,997,0,0,0
20.642504453659058,997,0,0,0
20.658149480819702,997,0,0,0
20.67404556274414,997,0,0,0
20.690335512161255,997,0,0,0
20.706827878952026,997,0,0,0
20.72361159324646,997,0,0,0
20.73926067352295,997,0,0,0
20.75520896911621,997,0,0,0
20.77126169204712,997,0,0,0
20.78746724128723,997,0,0,0
20.803090810775757,997,0,0,0
20.819687366485596,997,0,0,0
20.83502459526062,997,0,0,0
20.851274490356445,997,0,0,0
20.867061138153076,997,0,0,0
20.883055210113525,997,0,0,0
20.899660110473633,997,0,0,0
20.914929389953613,997,0,0,0
20.931615829467773,997,0,0,0
20.94761347770691,997,0,0,0
20.963647842407227,997,0,0,0
20.979601860046387,997,0,0,0
20.995110511779785,997,0,0,0
21.01088261604309,997,0,0,0
21.02701210975647,997,0,0,0
21.043020725250244,997,0,0,0
21.05945134162903,997,0,0,0
21.075622081756592,997,0,0,0
21.091307640075684,997,0,0,0
21.10683846473694,997,0,0,0
21.123631954193115,997,0,0,0
21.13944721221924,997,0,0,0
21.1618492603302,997,0,0,0
21.171455144882202,997,0,0,0
21.187248945236206,997,0,0,0
21.203457832336426,997,0,0,0
21.219655513763428,997,0,0,0
21.23511838912964,997,0,0,0
21.251640558242798,997,0,0,0
21.272384881973267,997,0,0,0
21.28865337371826,997,0,0,0
21.30385160446167,997,0,0,0
21.321093797683716,997,0,0,0
21.337578773498535,997,0,0,0
21.353702545166016,997,0,0,0
21.36923336982727,997,0,0,0
21.385100841522217,997,0,0,0
21.401138305664062,997,0,0,0
21.417012214660645,997,0,0,0
21.433632373809814,997,0,0,0
21.44877028465271,997,0,0,0
21.465641736984253,997,0,0,0
21.481676816940308,997,0,0,0
21.49733567237854,997,0,0,0
21.513031721115112,997,0,0,0
21.528820514678955,997,0,0,0
21.545729875564575,997,0,0,0
21.56264042854309,997,0,0,0
21.578710317611694,997,0,0,0
21.595277309417725,997,0,0,0
21.611159801483154,997,0,0,0
21.627846717834473,997,0,0,0
21.644471645355225,997,0,0,0
21.66040015220642,997,0,0,0
21.67605233192444,997,0,0,0
21.692260265350342,997,0,0,0
21.70784902572632,997,0,0,0
21.726377964019775,997,0,0,0
21.742745637893677,997,0,0,0
21.75947666168213,997,0,0,0
21.775689601898193,997,0,0,0
21.790799617767334,997,0,0,0
21.807475805282593,997,0,0,0
21.823474645614624,997,0,0,0
21.839707612991333,997,0,0,0
21.85664987564087,997,0,0,0
21.872145175933838,997,0,0,0
21.888095378875732,997,0,0,0
21.909876823425293,997,0,0,0
21.927026510238647,997,0,0,0
21.943707942962646,997,0,0,0
21.959884643554688,997,0,0,0
21.976378917694092,997,0,0,0
21.992377281188965,997,0,0,0
22.008769989013672,997,0,0,0
22.025623559951782,997,0,0,0
22.04080104827881,997,0,0,0
22.057098865509033,997,0,0,0
22.073681831359863,997,0,0,0
22.088812828063965,997,0,0,0
22.10549545288086,997,0,0,0
22.121775150299072,997,0,0,0
22.13798427581787,997,0,0,0
22.15284037590027,997,0,0,0
22.176663875579834,999,0,0,0
22.185155153274536,999,0,0,0
22.200778484344482,999,0,0,0
22.216846466064453,999,0,0,0
22.233346700668335,999,0,0,0
22.249454736709595,999,0,0,0
22.265660047531128,999,0,0,0
22.281028509140015,999,0,0,0
22.297284841537476,999,0,0,0
22.313121557235718,999,0,0,0
22.32949161529541,999,0,0,0
22.34516668319702,999,0,0,0
22.360874891281128,999,0,0,0
22.377580404281616,999,0,0,0
22.393494844436646,999,0,0,0
22.409069538116455,999,0,0,0
22.424922943115234,999,0,0,0
22.44112777709961,999,0,0,0
22.457637786865234,999,0,0,0
22.472991228103638,999,0,0,0
22.48890781402588,999,0,0,0
22.50562882423401,999,0,0,0
22.52110505104065,999,0,0,0
22.53693985939026,999,0,0,0
22.553433656692505,999,0,0,0
22.569411993026733,999,0,0,0
22.58535361289978,999,0,0,0
22.6007878780365,999,0,0,0
22.61770534515381,999,0,0,0
22.6341450214386,999,0,0,0
22.650062561035156,999,0,0,0
22.665855646133423,999,0,0,0
22.68200135231018,999,0,0,0
22.69882845878601,999,0,0,0
22.715148210525513,999,0,0,0
22.730980157852173,999,0,0,0
22.746771335601807,999,0,0,0
22.762909412384033,999,0,0,0
22.779958963394165,999,0,0,0
22.796566247940063,999,0,0,0
22.81240725517273,999,0,0,0
22.828319549560547,999,0,0,0
22.844157457351685,999,0,0,0
22.860127210617065,999,0,0,0
22.87631058692932,999,0,0,0
22.892170667648315,999,0,0,0
22.90841770172119,999,0,0,0
22.92504906654358,999,0,0,0
22.945623636245728,999,0,0,0
22.961039543151855,999,0,0,0
22.977559089660645,999,0,0,0
22.993518352508545,999,0,0,0
23.009027004241943,999,0,0,0
23.025250673294067,999,0,0,0
23.041062593460083,999,0,0,0
23.057018518447876,999,0,0,0
23.076905250549316,999,0,0,0
23.09235143661499,999,0,0,0
23.1080641746521,999,0,0,0
23.124003648757935,999,0,0,0
23.13995885848999,999,0,0,0
23.154968738555908,999,0,0,0
23.178356409072876,997,0,0,0
23.1870698928833,997,0,0,0
23.20362424850464,997,0,0,0
23.219037532806396,997,0,0,0
23.23507022857666,997,0,0,0
23.251256227493286,997,0,0,0
23.267720460891724,997,0,0,0
23.283376932144165,997,0,0,0
23.299405574798584,997,0,0,0
23.31521964073181,997,0,0,0
23.33096218109131,997,0,0,0
23.34720802307129,997,0,0,0
23.36304020881653,997,0,0,0
23.38017702102661,997,0,0,0
23.395380973815918,997,0,0,0
23.41167449951172,997,0,0,0
23.42772889137268,997,0,0,0
23.444828748703003,997,0,0,0
23.46164059638977,997,0,0,0
23.478245973587036,997,0,0,0
23.49423122406006,997,0,0,0
23.51007318496704,997,0,0,0
23.530817985534668,997,0,0,0
23.546597003936768,997,0,0,0
23.562026023864746,997,0,0,0
23.578012704849243,997,0,0,0
23.59382963180542,997,0,0,0
23.61078143119812,997,0,0,0
23.627039194107056,997,0,0,0
23.643072366714478,997,0,0,0
23.659055948257446,997,0,0,0
23.675407886505127,997,0,0,0
23.691330909729004,997,0,0,0
23.707607984542847,997,0,0,0
23.723371744155884,997,0,0,0
23.73940348625183,997,0,0,0
23.755592107772827,997,0,0,0
23.770866870880127,997,0,0,0
23.78702211380005,997,0,0,0
23.802791595458984,997,0,0,0
23.819116353988647,997,0,0,0
23.835201025009155,997,0,0,0
23.851146936416626,997,0,0,0
23.867253303527832,997,0,0,0
23.88305401802063,997,0,0,0
23.899157285690308,997,0,0,0
23.914764642715454,997,0,0,0
23.931284189224243,997,0,0,0
23.94754648208618,997,0,0,0
23.963348150253296,997,0,0,0
23.979552745819092,997,0,0,0
23.99475932121277,997,0,0,0
24.01122760772705,997,0,0,0
24.02730965614319,997,0,0,0
24.043668270111084,997,0,0,0
24.059655904769897,997,0,0,0
24.074859857559204,997,0,0,0
24.091251134872437,997,0,0,0
24.107309341430664,997,0,0,0
24.122978925704956,997,0,0,0
24.138901233673096,997,0,0,0
24.153942584991455,997,0,0,0
24.170541763305664,997,0,0,0
24.19393825531006,1000,0,0,0
24.20211696624756,1000,0,0,0
24.218197345733643,1000,0,0,0
24.234543323516846,1000,0,0,0
24.249975204467773,1000,0,0,0
24.266114950180054,1000,0,0,0
24.28207516670227,1000,0,0,0
24.299126148223877,1000,0,0,0
24.315491914749146,1000,0,0,0
24.331560134887695,1000,0,0,0
24.3494770526886,1000,0,0,0
24.365095853805542,1000,0,0,0
24.38158369064331,1000,0,0,0
24.39764928817749,1000,0,0,0
24.413368225097656,1000,0,0,0
24.42972993850708,1000,0,0,0
24.44572353363037,1000,0,0,0
24.461477518081665,1000,0,0,0
24.477551221847534,1000,0,0,0
24.493054628372192,1000,0,0,0
24.509222269058228,1000,0,0,0
24.525739669799805,1000,0,0,0
24.541050672531128,1000,0,0,0
24.557804584503174,1000,0,0,0
24.5746750831604,1000,0,0,0
24.590038537979126,1000,0,0,0
24.605831623077393,1000,0,0,0
24.622452974319458,1000,0,0,0
24.638861417770386,1000,0,0,0
24.654196739196777,1000,0,0,0
24.67027473449707,1000,0,0,0
24.686200618743896,1000,0,0,0
24.702272176742554,1000,0,0,0
24.722131490707397,1000,0,0,0
24.73687195777893,1000,0,0,0
24.7531635761261,1000,0,0,0
24.76924777030945,1000,0,0,0
24.78547430038452,1000,0,0,0
24.801305294036865,1000,0,0,0
24.81681227684021,1000,0,0,0
24.833207845687866,1000,0,0,0
24.848862409591675,1000,0,0,0
24.865260124206543,1000,0,0,0
24.881650686264038,1000,0,0,0
24.89754295349121,1000,0,0,0
24.913325309753418,1000,0,0,0
24.930236101150513,1000,0,0,0
24.946771144866943,1000,0,0,0
24.96297836303711,1000,0,0,0
24.979501962661743,1000,0,0,0
24.994985103607178,1000,0,0,0
25.010965824127197,1000,0,0,0
25.027332305908203,1000,0,0,0
25.0433087348938,1000,0,0,0
25.05933928489685,1000,0,0,0
25.0751633644104,1000,0,0,0
25.091459035873413,1000,0,0,0
25.107112646102905,1000,0,0,0
25.12328863143921,1000,0,0,0
25.13931941986084,1000,0,0,0
25.154298305511475,1000,0,0,0
25.170401334762573,1000,0,0,0
25.186180353164673,1000,0,0,0
25.209796905517578,997,0,0,0
25.21802067756653,997,0,0,0
25.233765125274658,997,0,0,0
25.250632762908936,997,0,0,0
25.266116619110107,997,0,0,0
25.282062292099,997,0,0,0
25.298051118850708,997,0,0,0
25.314513683319092,997,0,0,0
25.330390691757202,997,0,0,0
25.34584903717041,997,0,0,0
25.361801385879517,997,0,0,0
25.37775158882141,997,0,0,0
25.39402413368225,997,0,0,0
25.409913539886475,997,0,0,0
25.426466941833496,997,0,0,0
25.44261908531189,997,0,0,0
25.458644151687622,997,0,0,0
25.473873615264893,997,0,0,0
25.48995590209961,997,0,0,0
25.505899906158447,997,0,0,0
25.52204132080078,997,0,0,0
25.538175344467163,997,0,0,0
25.5538170337677,997,0,0,0
25.57006049156189,997,0,0,0
25.586638689041138,997,0,0,0
25.6026713848114,997,0,0,0
25.617968559265137,997,0,0,0
25.634746551513672,997,0,0,0
25.651607275009155,997,0,0,0
25.66694211959839,997,0,0,0
25.68298840522766,997,0,0,0
25.699620008468628,997,0,0,0
25.715671062469482,997,0,0,0
25.7308828830719,997,0,0,0
25.74766731262207,997,0,0,0
25.7634060382843,997,0,0,0
25.77963900566101,997,0,0,0
25.79578995704651,997,0,0,0
25.816054344177246,997,0,0,0
25.832461833953857,997,0,0,0
25.848857164382935,997,0,0,0
25.865158319473267,997,0,0,0
25.881235122680664,997,0,0,0
25.897151708602905,997,0,0,0
25.91318440437317,997,0,0,0
25.9306960105896,997,0,0,0
25.947745084762573,997,0,0,0
25.964640378952026,997,0,0,0
25.980196952819824,997,0,0,0
25.996233701705933,997,0,0,0
26.011852264404297,997,0,0,0
26.028016805648804,997,0,0,0
26.04406714439392,997,0,0,0
26.059906482696533,997,0,0,0
26.075884342193604,997,0,0,0
26.092281818389893,997,0,0,0
26.10824728012085,997,0,0,0
26.12434434890747,997,0,0,0
26.14009690284729,997,0,0,0
26.155157566070557,997,0,0,0
26.171615600585938,997,0,0,0
26.187585592269897,997,0,0,0
26.20964527130127,1000,0,0,0
26.219197988510132,1000,0,0,0
26.235185384750366,1000,0,0,0
26.251072883605957,1000,0,0,0
26.267192840576172,1000,0,0,0
26.28321671485901,1000,0,0,0
26.298914432525635,1000,0,0,0
26.314943313598633,1000,0,0,0
26.331494331359863,1000,0,0,0
26.347408294677734,1000,0,0,0
26.363332509994507,1000,0,0,0
26.379327297210693,1000,0,0,0
26.39547610282898,1000,0,0,0
26.41147494316101,1000,0,0,0
26.42834162712097,1000,0,0,0
26.44496250152588,1000,0,0,0
26.46056342124939,1000,0,0,0
26.47605538368225,1000,0,0,0
26.49213171005249,1000,0,0,0
26.508564472198486,1000,0,0,0
26.524075269699097,1000,0,0,0
26.53998613357544,1000,0,0,0
26.556647062301636,1000,0,0,0
26.575136423110962,1000,0,0,0
26.591334581375122,1000,0,0,0
26.608359336853027,1000,0,0,0
26.62975287437439,1000,0,0,0
26.647614002227783,1000,0,0,0
26.66447401046753,1000,0,0,0
26.680439472198486,1000,0,0,0
26.695902109146118,1000,0,0,0
26.712644338607788,1000,0,0,0
26.72822618484497,1000,0,0,0
26.74412703514099,1000,0,0,0
26.760504961013794,1000,0,0,0
26.77607822418213,1000,0,0,0
26.792227268218994,1000,0,0,0
26.808695554733276,1000,0,0,0
26.82409691810608,1000,0,0,0
26.84117841720581,1000,0,0,0
26.857537984848022,1000,0,0,0
26.87343192100525,1000,0,0,0
26.888872861862183,1000,0,0,0
26.904844999313354,1000,0,0,0
26.922771692276,1000,0,0,0
26.939528465270996,1000,0,0,0
26.981335878372192,1000,0,0,0
27.00663924217224,1000,0,0,0
27.02311635017395,1000,0,0,0
27.038951873779297,1000,0,0,0
27.055731773376465,1000,0,0,0
27.076069116592407,1000,0,0,0
27.095462799072266,1000,0,0,0
27.111557722091675,1000,0,0,0
27.12945532798767,1000,0,0,0
27.144866943359375,1000,0,0,0
27.15985941886902,1000,0,0,0
27.176020622253418,1000,0,0,0
27.192195177078247,1000,0,0,0
27.215506315231323,999,0,0,0
27.224649667739868,999,0,0,0
27.24059271812439,999,0,0,0
27.2558434009552,999,0,0,0
27.27194046974182,999,0,0,0
27.287988901138306,999,0,0,0
27.304378032684326,999,0,0,0
27.320360898971558,999,0,0,0
27.335988998413086,999,0,0,0
27.351942539215088,999,0,0,0
27.367945671081543,999,0,0,0
27.384161710739136,999,0,0,0
27.40003991127014,999,0,0,0
27.415982007980347,999,0,0,0
27.43194341659546,999,0,0,0
27.44782590866089,999,0,0,0
27.464524507522583,999,0,0,0
27.480414152145386,999,0,0,0
27.495755434036255,999,0,0,0
27.51259684562683,999,0,0,0
27.5284206867218,999,0,0,0
27.5446515083313,999,0,0,0
27.56051754951477,999,0,0,0
27.5759756565094,999,0,0,0
27.591927528381348,999,0,0,0
27.60784649848938,999,0,0,0
27.62406039237976,999,0,0,0
27.639979124069214,999,0,0,0
27.65649104118347,999,0,0,0
27.672113180160522,999,0,0,0
27.687978982925415,999,0,0,0
27.704137086868286,999,0,0,0
27.720653772354126,999,0,0,0
27.735947608947754,999,0,0,0
27.751797437667847,999,0,0,0
27.768673419952393,999,0,0,0
27.784263610839844,999,0,0,0
27.800402402877808,999,0,0,0
27.81664538383484,999,0,0,0
27.832662105560303,999,0,0,0
27.848536491394043,999,0,0,0
27.863858461380005,999,0,0,0
27.88068413734436,999,0,0,0
27.89628553390503,999,0,0,0
27.91281795501709,999,0,0,0
27.92971706390381,999,0,0,0
27.946258306503296,999,0,0,0
27.962114572525024,999,0,0,0
27.977858304977417,999,0,0,0
27.99434733390808,999,0,0,0
28.0102961063385,999,0,0,0
28.026406288146973,999,0,0,0
28.042377710342407,999,0,0,0
28.058367013931274,999,0,0,0
28.07387089729309,999,0,0,0
28.0906879901886,999,0,0,0
28.106032848358154,999,0,0,0
28.12251377105713,999,0,0,0
28.140605926513672,999,0,0,0
28.154983520507812,999,0,0,0
28.173921585083008,999,0,0,0
28.190433502197266,999,0,0,0
28.20633602142334,999,0,0,0
28.229384660720825,998,0,0,0
28.237982988357544,998,0,0,0
28.254414081573486,998,0,0,0
28.27049493789673,998,0,0,0
28.28581166267395,998,0,0,0
28.301814317703247,998,0,0,0
28.31838059425354,998,0,0,0
28.334309339523315,998,0,0,0
28.35038471221924,998,0,0,0
28.365773916244507,998,0,0,0
28.382678985595703,998,0,0,0
28.39819097518921,998,0,0,0
28.414133071899414,998,0,0,0
28.430079221725464,998,0,0,0
28.446533679962158,998,0,0,0
28.462462186813354,998,0,0,0
28.47809648513794,998,0,0,0
28.494113206863403,998,0,0,0
28.510274648666382,998,0,0,0
28.526569366455078,998,0,0,0
28.5425763130188,998,0,0,0
28.558640241622925,998,0,0,0
28.57433557510376,998,0,0,0
28.590304613113403,998,0,0,0
28.60596013069153,998,0,0,0
28.622668504714966,998,0,0,0
28.637997150421143,998,0,0,0
28.654029846191406,998,0,0,0
28.67001223564148,998,0,0,0
28.685914754867554,998,0,0,0
28.703202724456787,998,0,0,0
28.71896743774414,998,0,0,0
28.735307931900024,998,0,0,0
28.7509548664093,998,0,0,0
28.767414808273315,998,0,0,0
28.783512115478516,998,0,0,0
28.799396991729736,998,0,0,0
28.815372228622437,998,0,0,0
28.831714868545532,998,0,0,0
28.84839916229248,998,0,0,0
28.864458560943604,998,0,0,0
28.880516529083252,998,0,0,0
28.896572589874268,998,0,0,0
28.91680932044983,998,0,0,0
28.933279752731323,998,0,0,0
28.94921112060547,998,0,0,0
28.965455770492554,998,0,0,0
28.9807608127594,998,0,0,0
28.99685525894165,998,0,0,0
29.013036489486694,998,0,0,0
29.02954626083374,998,0,0,0
29.04559588432312,998,0,0,0
29.06166911125183,998,0,0,0
29.077775955200195,998,0,0,0
29.093647241592407,998,0,0,0
29.109302759170532,998,0,0,0
29.12521243095398,998,0,0,0
29.14146876335144,998,0,0,0
29.15669083595276,998,0,0,0
29.17269253730774,998,0,0,0
29.189247846603394,998,0,0,0
29.2051842212677,998,0,0,0
29.22118306159973,998,0,0,0
29.244465589523315,999,0,0,0
29.25335192680359,999,0,0,0
29.269065141677856,999,0,0,0
29.285094499588013,999,0,0,0
29.30119752883911,999,0,0,0
29.31728172302246,999,0,0,0
29.333309412002563,999,0,0,0
29.34919261932373,999,0,0,0
29.36537528038025,999,0,0,0
29.380939960479736,999,0,0,0
29.396937608718872,999,0,0,0
29.412856101989746,999,0,0,0
29.429625749588013,999,0,0,0
29.445873975753784,999,0,0,0
29.46183180809021,999,0,0,0
29.478448390960693,999,0,0,0
29.49424386024475,999,0,0,0
29.510683059692383,999,0,0,0
29.52590537071228,999,0,0,0
29.54275918006897,999,0,0,0
29.55903196334839,999,0,0,0
29.575586080551147,999,0,0,0
29.591466188430786,999,0,0,0
29.607518672943115,999,0,0,0
29.623222827911377,999,0,0,0
29.639148950576782,999,0,0,0
29.655091047286987,999,0,0,0
29.671438694000244,999,0,0,0
29.68747878074646,999,0,0,0
29.703346490859985,999,0,0,0
29.71883988380432,999,0,0,0
29.7354474067688,999,0,0,0
29.751007556915283,999,0,0,0
29.767055988311768,999,0,0,0
29.782855987548828,999,0,0,0
29.799513816833496,999,0,0,0
29.81558322906494,999,0,0,0
29.831719636917114,999,0,0,0
29.84862232208252,999,0,0,0
29.86481213569641,999,0,0,0
29.881755590438843,999,0,0,0
29.898594617843628,999,0,0,0
29.914966106414795,999,0,0,0
29.931504487991333,999,0,0,0
29.947554111480713,999,0,0,0
29.963480472564697,999,0,0,0
29.979210138320923,999,0,0,0
29.9952495098114,999,0,0,0
30.011093616485596,999,0,0,0
30.026857376098633,999,0,0,0
30.043681621551514,999,0,0,0
30.06017541885376,999,0,0,0
30.07673954963684,999,0,0,0
30.093179941177368,999,0,0,0
30.10892391204834,999,0,0,0
30.1251540184021,999,0,0,0
30.14087748527527,999,0,0,0
30.15604066848755,999,0,0,0
30.172319173812866,999,0,0,0
30.18849754333496,999,0,0,0
30.204764127731323,999,0,0,0
30.22138023376465,999,0,0,0
30.24498224258423,999,0,0,0
30.25314712524414,999,0,0,0
30.26937222480774,999,0,0,0
30.28544044494629,999,0,0,0
30.301267385482788,999,0,0,0
30.31740641593933,999,0,0,0
30.333463191986084,999,0,0,0
30.349276065826416,999,0,0,0
30.365418195724487,999,0,0,0
30.38161563873291,999,0,0,0
30.396982669830322,999,0,0,0
30.413072109222412,999,0,0,0
30.429592847824097,999,0,0,0
30.445723295211792,999,0,0,0
30.461863040924072,999,0,0,0
30.478100538253784,999,0,0,0
30.494229793548584,999,0,0,0
30.51021385192871,999,0,0,0
30.52964186668396,999,0,0,0
30.54570174217224,999,0,0,0
30.56155276298523,999,0,0,0
30.57730770111084,999,0,0,0
30.592809677124023,999,0,0,0
30.609105110168457,999,0,0,0
30.625205278396606,999,0,0,0
30.64168906211853,999,0,0,0
30.656959295272827,999,0,0,0
30.6733615398407,999,0,0,0
30.689523220062256,999,0,0,0
30.7056884765625,999,0,0,0
30.722275257110596,999,0,0,0
30.738500833511353,999,0,0,0
30.75404191017151,999,0,0,0
30.770296573638916,999,0,0,0
30.78644061088562,999,0,0,0
30.802090644836426,999,0,0,0
30.818245887756348,999,0,0,0
30.834293127059937,999,0,0,0
30.85062837600708,999,0,0,0
30.866647958755493,999,0,0,0
30.882428646087646,999,0,0,0
30.898539781570435,999,0,0,0
30.91469097137451,999,0,0,0
30.929834604263306,999,0,0,0
30.945892810821533,999,0,0,0
30.96195673942566,999,0,0,0
30.978094816207886,999,0,0,0
30.994648694992065,999,0,0,0
31.010334014892578,999,0,0,0
31.026331186294556,999,0,0,0
31.041752815246582,999,0,0,0
31.058734893798828,999,0,0,0
31.07478904724121,999,0,0,0
31.09127712249756,999,0,0,0
31.10716962814331,999,0,0,0
31.123279333114624,999,0,0,0
31.13921332359314,999,0,0,0
31.167084217071533,999,0,0,0
31.18356704711914,999,0,0,0
31.199663162231445,999,0,0,0
31.215288877487183,999,0,0,0
31.231289625167847,999,0,0,0
31.25383448600769,996,0,0,0
31.264789581298828,996,0,0,0
31.280778646469116,996,0,0,0
31.297560930252075,996,0,0,0
31.31339430809021,996,0,0,0
31.32900905609131,996,0,0,0
31.346445560455322,996,0,0,0
31.362335205078125,996,0,0,0
31.378644943237305,996,0,0,0
31.394549131393433,996,0,0,0
31.409914016723633,996,0,0,0
31.426006078720093,996,0,0,0
31.44194483757019,996,0,0,0
31.45824956893921,996,0,0,0
31.474112033843994,996,0,0,0
31.490453958511353,996,0,0,0
31.506386518478394,996,0,0,0
31.522401809692383,996,0,0,0
31.537784814834595,996,0,0,0
31.554612636566162,996,0,0,0
31.570059537887573,996,0,0,0
31.58609127998352,996,0,0,0
31.601993322372437,996,0,0,0
31.61849880218506,996,0,0,0
31.634427547454834,996,0,0,0
31.650631189346313,996,0,0,0
31.666719675064087,996,0,0,0
31.683684587478638,996,0,0,0
31.69998574256897,996,0,0,0
31.71586799621582,996,0,0,0
31.731834411621094,996,0,0,0
31.74784016609192,996,0,0,0
31.7646644115448,996,0,0,0
31.78012490272522,996,0,0,0
31.79601001739502,996,0,0,0
31.811928510665894,996,0,0,0
31.827950716018677,996,0,0,0
31.843852043151855,996,0,0,0
31.860303163528442,996,0,0,0
31.876535177230835,996,0,0,0
31.89246106147766,996,0,0,0
31.908687829971313,996,0,0,0
31.926461458206177,996,0,0,0
31.941757440567017,996,0,0,0
31.958608865737915,996,0,0,0
31.974436283111572,996,0,0,0
31.990670919418335,996,0,0,0
32.00665473937988,996,0,0,0
32.022287368774414,996,0,0,0
32.03827357292175,996,0,0,0
32.05416679382324,996,0,0,0
32.070359230041504,996,0,0,0
32.0863037109375,996,0,0,0
32.10276508331299,996,0,0,0
32.11908721923828,996,0,0,0
32.134830713272095,996,0,0,0
32.150091886520386,996,0,0,0
32.165876388549805,996,0,0,0
32.18235898017883,996,0,0,0
32.19840455055237,996,0,0,0
32.21406674385071,996,0,0,0
32.23025846481323,996,0,0,0
32.24622631072998,996,0,0,0
32.2696635723114,998,0,0,0
32.279210329055786,998,0,0,0
32.29570436477661,998,0,0,0
32.31255507469177,998,0,0,0
32.32789611816406,998,0,0,0
32.34447503089905,998,0,0,0
32.359960317611694,998,0,0,0
32.376123905181885,998,0,0,0
32.392098903656006,998,0,0,0
32.4084415435791,998,0,0,0
32.4245765209198,998,0,0,0
32.43986487388611,998,0,0,0
32.45640563964844,998,0,0,0
32.47266674041748,998,0,0,0
32.48856830596924,998,0,0,0
32.50453066825867,998,0,0,0
32.52015423774719,998,0,0,0
32.536550760269165,998,0,0,0
32.55248665809631,998,0,0,0
32.56787824630737,998,0,0,0
32.58414959907532,998,0,0,0
32.60041928291321,998,0,0,0
32.616660356521606,998,0,0,0
32.63622736930847,998,0,0,0
32.65267562866211,998,0,0,0
32.66806149482727,998,0,0,0
32.68428349494934,998,0,0,0
32.700581789016724,998,0,0,0
32.71668291091919,998,0,0,0
32.73186755180359,998,0,0,0
32.74871492385864,998,0,0,0
32.764883279800415,998,0,0,0
32.78157424926758,998,0,0,0
32.79771637916565,998,0,0,0
32.81389307975769,998,0,0,0
32.83027672767639,998,0,0,0
32.8465850353241,998,0,0,0
32.86189389228821,998,0,0,0
32.87862300872803,998,0,0,0
32.89381694793701,998,0,0,0
32.91057777404785,998,0,0,0
32.927502155303955,998,0,0,0
32.942864656448364,998,0,0,0
32.95900201797485,998,0,0,0
32.97745895385742,998,0,0,0
32.993314027786255,998,0,0,0
33.00898838043213,998,0,0,0
33.02537751197815,998,0,0,0
33.04104518890381,998,0,0,0
33.057162284851074,998,0,0,0
33.07330298423767,998,0,0,0
33.089043855667114,998,0,0,0
33.105103492736816,998,0,0,0
33.12134623527527,998,0,0,0
33.137030601501465,998,0,0,0
33.15226674079895,998,0,0,0
33.168609380722046,998,0,0,0
33.18455624580383,998,0,0,0
33.20056486129761,998,0,0,0
33.2166793346405,998,0,0,0
33.231767654418945,998,0,0,0
33.2480194568634,998,0,0,0
33.271416664123535,999,0,0,0
33.280595541000366,999,0,0,0
33.295872926712036,999,0,0,0
33.312187910079956,999,0,0,0
33.328322410583496,999,0,0,0
33.34404182434082,999,0,0,0
33.36068058013916,999,0,0,0
33.37586688995361,999,0,0,0
33.39219522476196,999,0,0,0
33.40820336341858,999,0,0,0
33.42465567588806,999,0,0,0
33.44143199920654,999,0,0,0
33.456361293792725,999,0,0,0
33.471779346466064,999,0,0,0
33.48865056037903,999,0,0,0
33.50408601760864,999,0,0,0
33.51996421813965,999,0,0,0
33.53594350814819,999,0,0,0
33.55257296562195,999,0,0,0
33.56853699684143,999,0,0,0
33.58409786224365,999,0,0,0
33.60010242462158,999,0,0,0
33.61620545387268,999,0,0,0
33.632583141326904,999,0,0,0
33.64851117134094,999,0,0,0
33.66391897201538,999,0,0,0
33.68006753921509,999,0,0,0
33.69625377655029,999,0,0,0
33.71263885498047,999,0,0,0
33.72830891609192,999,0,0,0
33.74474334716797,999,0,0,0
33.76108145713806,999,0,0,0
33.77696490287781,999,0,0,0
33.793354511260986,999,0,0,0
33.81155872344971,999,0,0,0
33.826995611190796,999,0,0,0
33.84293532371521,999,0,0,0
33.8591251373291,999,0,0,0
33.87535285949707,999,0,0,0
33.8914155960083,999,0,0,0
33.9074981212616,999,0,0,0
33.92435169219971,999,0,0,0
33.940298318862915,999,0,0,0
33.95632195472717,999,0,0,0
33.972026348114014,999,0,0,0
33.988333225250244,999,0,0,0
34.00418257713318,999,0,0,0
34.02023458480835,999,0,0,0
34.036245584487915,999,0,0,0
34.05215001106262,999,0,0,0
34.068219900131226,999,0,0,0
34.08392262458801,999,0,0,0
34.09996247291565,999,0,0,0
34.116068601608276,999,0,0,0
34.13233137130737,999,0,0,0
34.148345947265625,999,0,0,0
34.16405010223389,999,0,0,0
34.179866790771484,999,0,0,0
34.195772886276245,999,0,0,0
34.21188974380493,999,0,0,0
34.22867798805237,999,0,0,0
34.244224548339844,999,0,0,0
34.260092973709106,999,0,0,0
34.283324241638184,1000,0,0,0
34.29272437095642,1000,0,0,0
34.30913019180298,1000,0,0,0
34.32564163208008,1000,0,0,0
34.341529846191406,1000,0,0,0
34.35737991333008,1000,0,0,0
34.37327766418457,1000,0,0,0
34.390687227249146,1000,0,0,0
34.40594434738159,1000,0,0,0
34.421878814697266,1000,0,0,0
34.43823266029358,1000,0,0,0
34.45405459403992,1000,0,0,0
34.47036623954773,1000,0,0,0
34.48656988143921,1000,0,0,0
34.502070903778076,1000,0,0,0
34.51990461349487,1000,0,0,0
34.53660202026367,1000,0,0,0
34.55229568481445,1000,0,0,0
34.57219123840332,1000,0,0,0
34.59185576438904,1000,0,0,0
34.60855722427368,1000,0,0,0
34.62458944320679,1000,0,0,0
34.6404173374176,1000,0,0,0
34.65603804588318,1000,0,0,0
34.67189621925354,1000,0,0,0
34.688236236572266,1000,0,0,0
34.70412874221802,1000,0,0,0
34.71986269950867,1000,0,0,0
34.73599624633789,1000,0,0,0
34.75200605392456,1000,0,0,0
34.768558502197266,1000,0,0,0
34.78398656845093,1000,0,0,0
34.80019021034241,1000,0,0,0
34.81647205352783,1000,0,0,0
34.83276629447937,1000,0,0,0
34.84884071350098,1000,0,0,0
34.865458250045776,1000,0,0,0
34.88134789466858,1000,0,0,0
34.89755058288574,1000,0,0,0
34.91371536254883,1000,0,0,0
34.92999505996704,1000,0,0,0
34.9464111328125,1000,0,0,0
34.962584495544434,1000,0,0,0
34.978641510009766,1000,0,0,0
34.99386739730835,1000,0,0,0
35.01016688346863,1000,0,0,0
35.02614760398865,1000,0,0,0
35.04241442680359,1000,0,0,0
35.05830216407776,1000,0,0,0
35.074443340301514,1000,0,0,0
35.0903582572937,1000,0,0,0
35.10638666152954,1000,0,0,0
35.1222927570343,1000,0,0,0
35.138643741607666,1000,0,0,0
35.15352702140808,1000,0,0,0
35.16898703575134,1000,0,0,0
35.185115575790405,1000,0,0,0
35.200881004333496,1000,0,0,0
35.21691107749939,1000,0,0,0
35.23332905769348,1000,0,0,0
35.24915647506714,1000,0,0,0
35.26545596122742,1000,0,0,0
35.288421392440796,998,0,0,0
35.29743576049805,998,0,0,0
35.31352353096008,998,0,0,0
35.32964515686035,998,0,0,0
35.345624685287476,998,0,0,0
35.36482238769531,998,0,0,0
35.38157415390015,998,0,0,0
35.39740777015686,998,0,0,0
35.41779947280884,998,0,0,0
35.43458342552185,998,0,0,0
35.45032715797424,998,0,0,0
35.46633315086365,998,0,0,0
35.48178434371948,998,0,0,0
35.498042345047,998,0,0,0
35.514281034469604,998,0,0,0
35.53014421463013,998,0,0,0
35.546377182006836,998,0,0,0
35.562676191329956,998,0,0,0
35.57928490638733,998,0,0,0
35.59525918960571,998,0,0,0
35.611701011657715,998,0,0,0
35.62864685058594,998,0,0,0
35.64466452598572,998,0,0,0
35.66032695770264,998,0,0,0
35.67648768424988,998,0,0,0
35.69203233718872,998,0,0,0
35.70795965194702,998,0,0,0
35.724098443984985,998,0,0,0
35.74041032791138,998,0,0,0
35.7564640045166,998,0,0,0
35.771987199783325,998,0,0,0
35.78791642189026,998,0,0,0
35.804068088531494,998,0,0,0
35.82017803192139,998,0,0,0
35.83622884750366,998,0,0,0
35.85271906852722,998,0,0,0
35.869622468948364,998,0,0,0
35.885626792907715,998,0,0,0
35.9016809463501,998,0,0,0
35.91689395904541,998,0,0,0
35.93298816680908,998,0,0,0
35.94887852668762,998,0,0,0
35.96491026878357,998,0,0,0
35.9813871383667,998,0,0,0
35.99745011329651,998,0,0,0
36.01276874542236,998,0,0,0
36.02883768081665,998,0,0,0
36.045406341552734,998,0,0,0
36.06141018867493,998,0,0,0
36.0772500038147,998,0,0,0
36.09349346160889,998,0,0,0
36.10940909385681,998,0,0,0
36.1257050037384,998,0,0,0
36.1426305770874,998,0,0,0
36.161019802093506,998,0,0,0
36.1772358417511,998,0,0,0
36.19550085067749,998,0,0,0
36.214669704437256,998,0,0,0
36.23048377037048,998,0,0,0
36.24675154685974,998,0,0,0
36.262868881225586,998,0,0,0
36.27967190742493,998,0,0,0
36.30243182182312,999,0,0,0
36.31100344657898,999,0,0,0
36.32712173461914,999,0,0,0
36.34286141395569,999,0,0,0
36.359081506729126,999,0,0,0
36.37566041946411,999,0,0,0
36.39094352722168,999,0,0,0
36.40756297111511,999,0,0,0
36.4234459400177,999,0,0,0
36.440385818481445,999,0,0,0
36.455363512039185,999,0,0,0
36.471498250961304,999,0,0,0
36.487130641937256,999,0,0,0
36.50358200073242,999,0,0,0
36.519367694854736,999,0,0,0
36.53554916381836,999,0,0,0
36.55163812637329,999,0,0,0
36.566967725753784,999,0,0,0
36.58372187614441,999,0,0,0
36.600709676742554,999,0,0,0
36.61617660522461,999,0,0,0
36.631924867630005,999,0,0,0
36.6483359336853,999,0,0,0
36.66394805908203,999,0,0,0
36.679845094680786,999,0,0,0
36.695971727371216,999,0,0,0
36.711907148361206,999,0,0,0
36.72777986526489,999,0,0,0
36.74458432197571,999,0,0,0
36.76044797897339,999,0,0,0
36.77649903297424,999,0,0,0
36.792258739471436,999,0,0,0
36.80813765525818,999,0,0,0
36.82383990287781,999,0,0,0
36.84073996543884,999,0,0,0
36.85683536529541,999,0,0,0
36.8731734752655,999,0,0,0
36.88938355445862,999,0,0,0
36.905160903930664,999,0,0,0
36.921072244644165,999,0,0,0
36.93773078918457,999,0,0,0
36.95349836349487,999,0,0,0
36.969762563705444,999,0,0,0
36.986581563949585,999,0,0,0
37.00329279899597,999,0,0,0
37.01895093917847,999,0,0,0
37.03751063346863,999,0,0,0
37.053468465805054,999,0,0,0
37.06958603858948,999,0,0,0
37.08480763435364,999,0,0,0
37.105119943618774,999,0,0,0
37.122029066085815,999,0,0,0
37.13781952857971,999,0,0,0
37.15377593040466,999,0,0,0
37.170353174209595,999,0,0,0
37.18658256530762,999,0,0,0
37.202499866485596,999,0,0,0
37.218146324157715,999,0,0,0
37.23433065414429,999,0,0,0
37.25042104721069,999,0,0,0
37.26665115356445,999,0,0,0
37.282737493515015,999,0,0,0
37.30752468109131,1000,0,0,0
37.316819190979004,1000,0,0,0
37.333301305770874,1000,0,0,0
37.349143743515015,1000,0,0,0
37.36526942253113,1000,0,0,0
37.38092756271362,1000,0,0,0
37.39722943305969,1000,0,0,0
37.41359567642212,1000,0,0,0
37.42918539047241,1000,0,0,0
37.44537043571472,1000,0,0,0
37.46170139312744,1000,0,0,0
37.477912187576294,1000,0,0,0
37.49407696723938,1000,0,0,0
37.509801626205444,1000,0,0,0
37.5260009765625,1000,0,0,0
37.542290687561035,1000,0,0,0
37.558560371398926,1000,0,0,0
37.57376742362976,1000,0,0,0
37.59045720100403,1000,0,0,0
37.60581922531128,1000,0,0,0
37.62245845794678,1000,0,0,0
37.63879895210266,1000,0,0,0
37.65512251853943,1000,0,0,0
37.6708550453186,1000,0,0,0
37.686975717544556,1000,0,0,0
37.70319676399231,1000,0,0,0
37.719584703445435,1000,0,0,0
37.73572301864624,1000,0,0,0
37.75266742706299,1000,0,0,0
37.76912188529968,1000,0,0,0
37.78545546531677,1000,0,0,0
37.8014395236969,1000,0,0,0
37.81779909133911,1000,0,0,0
37.834595918655396,1000,0,0,0
37.850645542144775,1000,0,0,0
37.86672806739807,1000,0,0,0
37.88335108757019,1000,0,0,0
37.89940166473389,1000,0,0,0
37.9155638217926,1000,0,0,0
37.931063175201416,1000,0,0,0
37.94714426994324,1000,0,0,0
37.962939739227295,1000,0,0,0
37.979087114334106,1000,0,0,0
37.99521589279175,1000,0,0,0
38.010881662368774,1000,0,0,0
38.02696752548218,1000,0,0,0
38.043559551239014,1000,0,0,0
38.058878660202026,1000,0,0,0
38.074923515319824,1000,0,0,0
38.091399908065796,1000,0,0,0
38.10682535171509,1000,0,0,0
38.12358355522156,1000,0,0,0
38.13958716392517,1000,0,0,0
38.153998613357544,1000,0,0,0
38.170164823532104,1000,0,0,0
38.18641924858093,1000,0,0,0
38.20237112045288,1000,0,0,0
38.218594789505005,1000,0,0,0
38.233962297439575,1000,0,0,0
38.2504346370697,1000,0,0,0
38.26656436920166,1000,0,0,0
38.28234004974365,1000,0,0,0
38.29847526550293,1000,0,0,0
38.3218138217926,999,0,0,0
38.33060932159424,999,0,0,0
38.34665322303772,999,0,0,0
38.3625864982605,999,0,0,0
38.37860035896301,999,0,0,0
38.39453649520874,999,0,0,0
38.410624742507935,999,0,0,0
38.42588782310486,999,0,0,0
38.44236397743225,999,0,0,0
38.45837593078613,999,0,0,0
38.47431135177612,999,0,0,0
38.48981285095215,999,0,0,0
38.505773067474365,999,0,0,0
38.52228283882141,999,0,0,0
38.53825783729553,999,0,0,0
38.553972482681274,999,0,0,0
38.570494174957275,999,0,0,0
38.58659863471985,999,0,0,0
38.602240562438965,999,0,0,0
38.62149119377136,999,0,0,0
38.637479066848755,999,0,0,0
38.652809858322144,999,0,0,0
38.66970419883728,999,0,0,0
38.68478298187256,999,0,0,0
38.70113682746887,999,0,0,0
38.71735382080078,999,0,0,0
38.73298907279968,999,0,0,0
38.7489218711853,999,0,0,0
38.764986515045166,999,0,0,0
38.78156638145447,999,0,0,0
38.79758930206299,999,0,0,0
38.81306171417236,999,0,0,0
38.8292076587677,999,0,0,0
38.84515357017517,999,0,0,0
38.861676931381226,999,0,0,0
38.87756276130676,999,0,0,0
38.893171548843384,999,0,0,0
38.9093291759491,999,0,0,0
38.92657399177551,999,0,0,0
38.94192051887512,999,0,0,0
38.958091497421265,999,0,0,0
38.97393226623535,999,0,0,0
38.99011015892029,999,0,0,0
39.00637769699097,999,0,0,0
39.02186727523804,999,0,0,0
39.03809094429016,999,0,0,0
39.053786516189575,999,0,0,0
39.06996440887451,999,0,0,0
39.08621263504028,999,0,0,0
39.10209536552429,999,0,0,0
39.11851954460144,999,0,0,0
39.13380002975464,999,0,0,0
39.149935245513916,999,0,0,0
39.166101932525635,999,0,0,0
39.18250632286072,999,0,0,0
39.19860911369324,999,0,0,0
39.21435523033142,999,0,0,0
39.233208417892456,999,0,0,0
39.24909234046936,999,0,0,0
39.265223026275635,999,0,0,0
39.281200647354126,999,0,0,0
39.2971510887146,999,0,0,0
39.328120946884155,999,0,0,0
39.339500188827515,999,0,0,0
39.35494780540466,999,0,0,0
39.371609926223755,999,0,0,0
39.38711643218994,999,0,0,0
39.40434002876282,999,0,0,0
39.420655488967896,999,0,0,0
39.43663191795349,999,0,0,0
39.457077980041504,999,0,0,0
39.47277235984802,999,0,0,0
39.48901319503784,999,0,0,0
39.50507616996765,999,0,0,0
39.52075672149658,999,0,0,0
39.53700613975525,999,0,0,0
39.55317282676697,999,0,0,0
39.5696063041687,999,0,0,0
39.58566665649414,999,0,0,0
39.600789070129395,999,0,0,0
39.61778116226196,999,0,0,0
39.63383960723877,999,0,0,0
39.65049624443054,999,0,0,0
39.6666419506073,999,0,0,0
39.681880235672,999,0,0,0
39.69801568984985,999,0,0,0
39.71416616439819,999,0,0,0
39.72990822792053,999,0,0,0
39.74613547325134,999,0,0,0
39.76236367225647,999,0,0,0
39.777920961380005,999,0,0,0
39.793975591659546,999,0,0,0
39.810662269592285,999,0,0,0
39.82675051689148,999,0,0,0
39.84280228614807,999,0,0,0
39.85924935340881,999,0,0,0
39.875346660614014,999,0,0,0
39.89084005355835,999,0,0,0
39.90691328048706,999,0,0,0
39.9239764213562,999,0,0,0
39.940507650375366,999,0,0,0
39.95626449584961,999,0,0,0
39.97191858291626,999,0,0,0
39.98811912536621,999,0,0,0
40.00417351722717,999,0,0,0
40.020591020584106,999,0,0,0
40.03583526611328,999,0,0,0
40.05249500274658,999,0,0,0
40.068586587905884,999,0,0,0
40.08463215827942,999,0,0,0
40.10007071495056,999,0,0,0
40.11615324020386,999,0,0,0
40.131911754608154,999,0,0,0
40.148030042648315,999,0,0,0
40.1642632484436,999,0,0,0
40.18063163757324,999,0,0,0
40.19649386405945,999,0,0,0
40.21199369430542,999,0,0,0
40.22931957244873,999,0,0,0
40.245155334472656,999,0,0,0
40.26096248626709,999,0,0,0
40.27745866775513,999,0,0,0
40.29375767707825,999,0,0,0
40.309962034225464,999,0,0,0
40.333669662475586,997,0,0,0
40.34231781959534,997,0,0,0
40.36395215988159,997,0,0,0
40.37997627258301,997,0,0,0
40.396235942840576,997,0,0,0
40.416770935058594,997,0,0,0
40.439249992370605,997,0,0,0
40.46393704414368,997,0,0,0
40.47986698150635,997,0,0,0
40.495951652526855,997,0,0,0
40.511951208114624,997,0,0,0
40.52847337722778,997,0,0,0
40.54450559616089,997,0,0,0
40.55975651741028,997,0,0,0
40.5758912563324,997,0,0,0
40.592172145843506,997,0,0,0
40.607959270477295,997,0,0,0
40.624016523361206,997,0,0,0
40.64021158218384,997,0,0,0
40.656625747680664,997,0,0,0
40.671797037124634,997,0,0,0
40.688671588897705,997,0,0,0
40.703824281692505,997,0,0,0
40.719932556152344,997,0,0,0
40.73630237579346,997,0,0,0
40.752431869506836,997,0,0,0
40.76800799369812,997,0,0,0
40.784096002578735,997,0,0,0
40.800183057785034,997,0,0,0
40.81673264503479,997,0,0,0
40.83366775512695,997,0,0,0
40.848883628845215,997,0,0,0
40.864927530288696,997,0,0,0
40.880964279174805,997,0,0,0
40.89703559875488,997,0,0,0
40.91303873062134,997,0,0,0
40.930044174194336,997,0,0,0
40.946094036102295,997,0,0,0
40.962143659591675,997,0,0,0
40.978793144226074,997,0,0,0
40.99586868286133,997,0,0,0
41.01436972618103,997,0,0,0
41.03103065490723,997,0,0,0
41.04930329322815,997,0,0,0
41.06732153892517,997,0,0,0
41.08313965797424,997,0,0,0
41.09935975074768,997,0,0,0
41.11506962776184,997,0,0,0
41.131492614746094,997,0,0,0
41.14775061607361,997,0,0,0
41.16472148895264,997,0,0,0
41.18122601509094,997,0,0,0
41.19745969772339,997,0,0,0
41.21301603317261,997,0,0,0
41.22900104522705,997,0,0,0
41.24535870552063,997,0,0,0
41.26158046722412,997,0,0,0
41.27690362930298,997,0,0,0
41.293115854263306,997,0,0,0
41.30927038192749,997,0,0,0
41.325066328048706,997,0,0,0
41.3484902381897,997,0,0,0
41.35683059692383,997,0,0,0
41.373106479644775,997,0,0,0
41.38956427574158,997,0,0,0
41.4054799079895,997,0,0,0
41.420981884002686,997,0,0,0
41.43712544441223,997,0,0,0
41.45349454879761,997,0,0,0
41.46949648857117,997,0,0,0
41.48528456687927,997,0,0,0
41.50145387649536,997,0,0,0
41.51686382293701,997,0,0,0
41.533034563064575,997,0,0,0
41.54938769340515,997,0,0,0
41.56515693664551,997,0,0,0
41.581236362457275,997,0,0,0
41.597512006759644,997,0,0,0
41.61376738548279,997,0,0,0
41.63053894042969,997,0,0,0
41.64601397514343,997,0,0,0
41.66190552711487,997,0,0,0
41.67786908149719,997,0,0,0
41.6941134929657,997,0,0,0
41.70992088317871,997,0,0,0
41.726561546325684,997,0,0,0
41.74260377883911,997,0,0,0
41.758649826049805,997,0,0,0
41.774040937423706,997,0,0,0
41.79011106491089,997,0,0,0
41.80667042732239,997,0,0,0
41.823694705963135,997,0,0,0
41.8389527797699,997,0,0,0
41.85545301437378,997,0,0,0
41.87140393257141,997,0,0,0
41.88686537742615,997,0,0,0
41.90378189086914,997,0,0,0
41.92068552970886,997,0,0,0
41.93736982345581,997,0,0,0
41.95351696014404,997,0,0,0
41.96955728530884,997,0,0,0
41.98564577102661,997,0,0,0
42.00152015686035,997,0,0,0
42.016974449157715,997,0,0,0
42.03285098075867,997,0,0,0
42.04881763458252,997,0,0,0
42.0649151802063,997,0,0,0
42.081711530685425,997,0,0,0
42.09820890426636,997,0,0,0
42.11411809921265,997,0,0,0
42.13020658493042,997,0,0,0
42.1464638710022,997,0,0,0
42.162415742874146,997,0,0,0
42.17783832550049,997,0,0,0
42.193894147872925,997,0,0,0
42.20994544029236,997,0,0,0
42.22632122039795,997,0,0,0
42.242297887802124,997,0,0,0
42.258267402648926,997,0,0,0
42.2744779586792,997,0,0,0
42.290411710739136,997,0,0,0
42.30593681335449,997,0,0,0
42.32187366485596,997,0,0,0
42.33782649040222,997,0,0,0
42.361676931381226,999,0,0,0
42.3715877532959,999,0,0,0
42.38720226287842,999,0,0,0
42.40313124656677,999,0,0,0
42.41909408569336,999,0,0,0
42.435176849365234,999,0,0,0
42.451297998428345,999,0,0,0
42.4671733379364,999,0,0,0
42.48315191268921,999,0,0,0
42.499128341674805,999,0,0,0
42.51519513130188,999,0,0,0
42.53105616569519,999,0,0,0
42.54678392410278,999,0,0,0
42.5636944770813,999,0,0,0
42.579669713974,999,0,0,0
42.594850301742554,999,0,0,0
42.61082100868225,999,0,0,0
42.62717819213867,999,0,0,0
42.647555351257324,999,0,0,0
42.66334390640259,999,0,0,0
42.67925763130188,999,0,0,0
42.6951847076416,999,0,0,0
42.7110960483551,999,0,0,0
42.72707176208496,999,0,0,0
42.74301362037659,999,0,0,0
42.75960636138916,999,0,0,0
42.77571439743042,999,0,0,0
42.792718172073364,999,0,0,0
42.808995962142944,999,0,0,0
42.82492923736572,999,0,0,0
42.84132504463196,999,0,0,0
42.8573637008667,999,0,0,0
42.87330436706543,999,0,0,0
42.8895628452301,999,0,0,0
42.904874086380005,999,0,0,0
42.92135047912598,999,0,0,0
42.93726301193237,999,0,0,0
42.95343494415283,999,0,0,0
42.96926784515381,999,0,0,0
42.98499846458435,999,0,0,0
43.00117373466492,999,0,0,0
43.016950368881226,999,0,0,0
43.03346371650696,999,0,0,0
43.04899525642395,999,0,0,0
43.065185546875,999,0,0,0
43.081725120544434,999,0,0,0
43.09866428375244,999,0,0,0
43.11384606361389,999,0,0,0
43.130013942718506,999,0,0,0
43.14600920677185,999,0,0,0
43.1627676486969,999,0,0,0
43.178972482681274,999,0,0,0
43.19564342498779,999,0,0,0
43.211055517196655,999,0,0,0
43.22704744338989,999,0,0,0
43.242806911468506,999,0,0,0
43.25906562805176,999,0,0,0
43.27499842643738,999,0,0,0
43.291605949401855,999,0,0,0
43.30751013755798,999,0,0,0
43.3233757019043,999,0,0,0
43.340502977371216,999,0,0,0
43.364086627960205,999,0,0,0
43.37213325500488,999,0,0,0
43.388612031936646,999,0,0,0
43.404447078704834,999,0,0,0
43.420616149902344,999,0,0,0
43.44107222557068,999,0,0,0
43.45772671699524,999,0,0,0
43.47677707672119,999,0,0,0
43.49330163002014,999,0,0,0
43.509501695632935,999,0,0,0
43.52481770515442,999,0,0,0
43.54151201248169,999,0,0,0
43.557732820510864,999,0,0,0
43.573944091796875,999,0,0,0
43.59029769897461,999,0,0,0
43.60601282119751,999,0,0,0
43.62214922904968,999,0,0,0
43.638325691223145,999,0,0,0
43.654757022857666,999,0,0,0
43.67098116874695,999,0,0,0
43.686782360076904,999,0,0,0
43.703102588653564,999,0,0,0
43.71932578086853,999,0,0,0
43.73555517196655,999,0,0,0
43.751694440841675,999,0,0,0
43.76826882362366,999,0,0,0
43.78435015678406,999,0,0,0
43.80052971839905,999,0,0,0
43.81616830825806,999,0,0,0
43.83230519294739,999,0,0,0
43.84781527519226,999,0,0,0
43.86393737792969,999,0,0,0
43.88004946708679,999,0,0,0
43.896729469299316,999,0,0,0
43.913021087646484,999,0,0,0
43.93027377128601,999,0,0,0
43.946648359298706,999,0,0,0
43.962748289108276,999,0,0,0
43.97899317741394,999,0,0,0
43.99543571472168,999,0,0,0
44.01101279258728,999,0,0,0
44.02743339538574,999,0,0,0
44.043030977249146,999,0,0,0
44.05903363227844,999,0,0,0
44.07542371749878,999,0,0,0
44.09168243408203,999,0,0,0
44.107911109924316,999,0,0,0
44.123897552490234,999,0,0,0
44.14021444320679,999,0,0,0
44.155192375183105,999,0,0,0
44.171173095703125,999,0,0,0
44.18743443489075,999,0,0,0
44.20344591140747,999,0,0,0
44.21907019615173,999,0,0,0
44.23555660247803,999,0,0,0
44.251617431640625,999,0,0,0
44.26723074913025,999,0,0,0
44.28295373916626,999,0,0,0
44.29890704154968,999,0,0,0
44.315160512924194,999,0,0,0
44.3313148021698,999,0,0,0
44.347620248794556,999,0,0,0
44.37111473083496,1000,0,0,0
44.37953305244446,1000,0,0,0
44.395100116729736,1000,0,0,0
44.41143321990967,1000,0,0,0
44.427329301834106,1000,0,0,0
44.44355273246765,1000,0,0,0
44.45887613296509,1000,0,0,0
44.47506594657898,1000,0,0,0
44.49139070510864,1000,0,0,0
44.50735640525818,1000,0,0,0
44.523438692092896,1000,0,0,0
44.53966927528381,1000,0,0,0
44.55502939224243,1000,0,0,0
44.57122206687927,1000,0,0,0
44.587502002716064,1000,0,0,0
44.60337996482849,1000,0,0,0
44.61950945854187,1000,0,0,0
44.635507106781006,1000,0,0,0
44.651100635528564,1000,0,0,0
44.66691184043884,1000,0,0,0
44.683088302612305,1000,0,0,0
44.699336767196655,1000,0,0,0
44.714829206466675,1000,0,0,0
44.73098683357239,1000,0,0,0
44.74772334098816,1000,0,0,0
44.76396703720093,1000,0,0,0
44.78014349937439,1000,0,0,0
44.79662799835205,1000,0,0,0
44.81177759170532,1000,0,0,0
44.828253507614136,1000,0,0,0
44.844441175460815,1000,0,0,0
44.860737323760986,1000,0,0,0
44.877562284469604,1000,0,0,0
44.893752098083496,1000,0,0,0
44.91014218330383,1000,0,0,0
44.92695164680481,1000,0,0,0
44.94376492500305,1000,0,0,0
44.96400594711304,1000,0,0,0
44.98128080368042,1000,0,0,0
44.997519969940186,1000,0,0,0
45.01368570327759,1000,0,0,0
45.02894449234009,1000,0,0,0
45.044941663742065,1000,0,0,0
45.06106948852539,1000,0,0,0
45.07702851295471,1000,0,0,0
45.09369230270386,1000,0,0,0
45.10904908180237,1000,0,0,0
45.124884843826294,1000,0,0,0
45.140859842300415,1000,0,0,0
45.15597987174988,1000,0,0,0
45.17221021652222,1000,0,0,0
45.18866300582886,1000,0,0,0
45.20376753807068,1000,0,0,0
45.221699953079224,1000,0,0,0
45.236998319625854,1000,0,0,0
45.253992795944214,1000,0,0,0
45.26914119720459,1000,0,0,0
45.28570103645325,1000,0,0,0
45.30228090286255,1000,0,0,0
45.317768812179565,1000,0,0,0
45.334346532821655,1000,0,0,0
45.350481271743774,1000,0,0,0
45.372544288635254,997,0,0,0
45.38240361213684,997,0,0,0
45.39865970611572,997,0,0,0
45.41392779350281,997,0,0,0
45.42983651161194,997,0,0,0
45.44616174697876,997,0,0,0
45.462090253829956,997,0,0,0
45.47795057296753,997,0,0,0
45.49411630630493,997,0,0,0
45.509939193725586,997,0,0,0
45.52597761154175,997,0,0,0
45.54192590713501,997,0,0,0
45.557979345321655,997,0,0,0
45.57476019859314,997,0,0,0
45.59098243713379,997,0,0,0
45.60760188102722,997,0,0,0
45.623462438583374,997,0,0,0
45.63877248764038,997,0,0,0
45.65476751327515,997,0,0,0
45.67106294631958,997,0,0,0
45.68725800514221,997,0,0,0
45.703328371047974,997,0,0,0
45.719406604766846,997,0,0,0
45.735029458999634,997,0,0,0
45.750913858413696,997,0,0,0
45.76695919036865,997,0,0,0
45.783665895462036,997,0,0,0
45.79971671104431,997,0,0,0
45.81720972061157,997,0,0,0
45.83358073234558,997,0,0,0
45.849536418914795,997,0,0,0
45.86702370643616,997,0,0,0
45.88635230064392,997,0,0,0
45.901867628097534,997,0,0,0
45.91874408721924,997,0,0,0
45.93436026573181,997,0,0,0
45.95065140724182,997,0,0,0
45.96673512458801,997,0,0,0
45.98308563232422,997,0,0,0
45.99896454811096,997,0,0,0
46.01533889770508,997,0,0,0
46.03172779083252,997,0,0,0
46.048253297805786,997,0,0,0
46.06448721885681,997,0,0,0
46.08011317253113,997,0,0,0
46.096686601638794,997,0,0,0
46.11177897453308,997,0,0,0
46.12826323509216,997,0,0,0
46.1441113948822,997,0,0,0
46.15957450866699,997,0,0,0
46.17547416687012,997,0,0,0
46.19146203994751,997,0,0,0
46.20707392692566,997,0,0,0
46.22370886802673,997,0,0,0
46.240179777145386,997,0,0,0
46.25628662109375,997,0,0,0
46.27237629890442,997,0,0,0
46.28853392601013,997,0,0,0
46.30450963973999,997,0,0,0
46.319896936416626,997,0,0,0
46.33607769012451,997,0,0,0
46.35202431678772,997,0,0,0
46.375335693359375,998,0,0,0
46.38534355163574,998,0,0,0
46.40139555931091,998,0,0,0
46.4174325466156,998,0,0,0
46.43306636810303,998,0,0,0
46.44942665100098,998,0,0,0
46.46518898010254,998,0,0,0
46.481754541397095,998,0,0,0
46.49781394004822,998,0,0,0
46.514259338378906,998,0,0,0
46.5301775932312,998,0,0,0
46.54712748527527,998,0,0,0
46.5637423992157,998,0,0,0
46.58052158355713,998,0,0,0
46.59625458717346,998,0,0,0
46.6127552986145,998,0,0,0
46.6286187171936,998,0,0,0
46.6442449092865,998,0,0,0
46.660374879837036,998,0,0,0
46.67636823654175,998,0,0,0
46.70039367675781,998,0,0,0
46.71584486961365,998,0,0,0
46.73300051689148,998,0,0,0
46.75013875961304,998,0,0,0
46.76602792739868,998,0,0,0
46.78200006484985,998,0,0,0
46.79872369766235,998,0,0,0
46.815521240234375,998,0,0,0
46.8311333656311,998,0,0,0
46.855576515197754,998,0,0,0
46.88870406150818,998,0,0,0
46.90496039390564,998,0,0,0
46.92280960083008,998,0,0,0
46.93936204910278,998,0,0,0
46.955177545547485,998,0,0,0
46.97149848937988,998,0,0,0
46.9868221282959,998,0,0,0
47.003902435302734,998,0,0,0
47.020036935806274,998,0,0,0
47.036773443222046,998,0,0,0
47.053173542022705,998,0,0,0
47.069714069366455,998,0,0,0
47.086304664611816,998,0,0,0
47.10246920585632,998,0,0,0
47.118508100509644,998,0,0,0
47.134373903274536,998,0,0,0
47.150750398635864,998,0,0,0
47.166863441467285,998,0,0,0
47.1827495098114,998,0,0,0
47.19918370246887,998,0,0,0
47.21506857872009,998,0,0,0
47.23144841194153,998,0,0,0
47.24710440635681,998,0,0,0
47.26315665245056,998,0,0,0
47.27937912940979,998,0,0,0
47.295472383499146,998,0,0,0
47.31146454811096,998,0,0,0
47.327492237091064,998,0,0,0
47.342859983444214,998,0,0,0
47.359110593795776,998,0,0,0
47.38267636299133,1000,0,0,0
47.39117455482483,1000,0,0,0
47.40730929374695,1000,0,0,0
47.42339062690735,1000,0,0,0
47.43880009651184,1000,0,0,0
47.45478391647339,1000,0,0,0
47.4714469909668,1000,0,0,0
47.487162828445435,1000,0,0,0
47.50327277183533,1000,0,0,0
47.51942777633667,1000,0,0,0
47.53513765335083,1000,0,0,0
47.55149984359741,1000,0,0,0
47.56724262237549,1000,0,0,0
47.583032846450806,1000,0,0,0
47.59945869445801,1000,0,0,0
47.615609884262085,1000,0,0,0
47.63126993179321,1000,0,0,0
47.64727807044983,1000,0,0,0
47.66349816322327,1000,0,0,0
47.678914308547974,1000,0,0,0
47.69510459899902,1000,0,0,0
47.71177077293396,1000,0,0,0
47.728373527526855,1000,0,0,0
47.74414086341858,1000,0,0,0
47.76021099090576,1000,0,0,0
47.77632689476013,1000,0,0,0
47.791889905929565,1000,0,0,0
47.80869650840759,1000,0,0,0
47.82406401634216,1000,0,0,0
47.83984303474426,1000,0,0,0
47.855979919433594,1000,0,0,0
47.872217655181885,1000,0,0,0
47.88869762420654,1000,0,0,0
47.90388536453247,1000,0,0,0
47.920340061187744,1000,0,0,0
47.93640732765198,1000,0,0,0
47.95190668106079,1000,0,0,0
47.96830916404724,1000,0,0,0
47.98437213897705,1000,0,0,0
48.00018906593323,1000,0,0,0
48.01624846458435,1000,0,0,0
48.03241586685181,1000,0,0,0
48.04791021347046,1000,0,0,0
48.064223289489746,1000,0,0,0
48.080262422561646,1000,0,0,0
48.09657955169678,1000,0,0,0
48.111774921417236,1000,0,0,0
48.12849307060242,1000,0,0,0
48.144611835479736,1000,0,0,0
48.15960431098938,1000,0,0,0
48.17907500267029,1000,0,0,0
48.195759534835815,1000,0,0,0
48.21348333358765,1000,0,0,0
48.229222536087036,1000,0,0,0
48.24537491798401,1000,0,0,0
48.26160550117493,1000,0,0,0
48.277973651885986,1000,0,0,0
48.29466199874878,1000,0,0,0
48.323352336883545,1000,0,0,0
48.338886976242065,1000,0,0,0
48.35555624961853,1000,0,0,0
48.37165856361389,1000,0,0,0
48.39374589920044,1000,0,0,0
48.40294027328491,1000,0,0,0
48.41932916641235,1000,0,0,0
48.4353449344635,1000,0,0,0
48.45112991333008,1000,0,0,0
48.466882944107056,1000,0,0,0
48.4828200340271,1000,0,0,0
48.49941444396973,1000,0,0,0
48.51543354988098,1000,0,0,0
48.53142166137695,1000,0,0,0
48.54735851287842,1000,0,0,0
48.56343221664429,1000,0,0,0
48.57887029647827,1000,0,0,0
48.59502363204956,1000,0,0,0
48.61082482337952,1000,0,0,0
48.627437114715576,1000,0,0,0
48.6433539390564,1000,0,0,0
48.65945839881897,1000,0,0,0
48.6749312877655,1000,0,0,0
48.69087529182434,1000,0,0,0
48.70732069015503,1000,0,0,0
48.72319149971008,1000,0,0,0
48.73900294303894,1000,0,0,0
48.75478434562683,1000,0,0,0
48.77166032791138,1000,0,0,0
48.787150382995605,1000,0,0,0
48.803250312805176,1000,0,0,0
48.81905961036682,1000,0,0,0
48.83606672286987,1000,0,0,0
48.85205674171448,1000,0,0,0
48.86864614486694,1000,0,0,0
48.88461089134216,1000,0,0,0
48.90048384666443,1000,0,0,0
48.91610670089722,1000,0,0,0
48.93234586715698,1000,0,0,0
48.9479296207428,1000,0,0,0
48.965113162994385,1000,0,0,0
48.981327056884766,1000,0,0,0
48.9976532459259,1000,0,0,0
49.01799917221069,1000,0,0,0
49.034433126449585,1000,0,0,0
49.04985690116882,1000,0,0,0
49.066709756851196,1000,0,0,0
49.08266830444336,1000,0,0,0
49.098668813705444,1000,0,0,0
49.11413764953613,1000,0,0,0
49.13035750389099,1000,0,0,0
49.14649033546448,1000,0,0,0
49.162484884262085,1000,0,0,0
49.1784827709198,1000,0,0,0
49.1943724155426,1000,0,0,0
49.210007429122925,1000,0,0,0
49.225909948349,1000,0,0,0
49.242514848709106,1000,0,0,0
49.25848388671875,1000,0,0,0
49.27454876899719,1000,0,0,0
49.289828300476074,1000,0,0,0
49.305832624435425,1000,0,0,0
49.32200026512146,1000,0,0,0
49.3379647731781,1000,0,0,0
49.353915214538574,1000,0,0,0
49.369895696640015,1000,0,0,0
49.38585925102234,1000,0,0,0
49.409000635147095,996,0,0,0
49.41857028007507,996,0,0,0
49.43468403816223,996,0,0,0
49.45118308067322,996,0,0,0
49.46709156036377,996,0,0,0
49.482977867126465,996,0,0,0
49.49943399429321,996,0,0,0
49.51528215408325,996,0,0,0
49.53160810470581,996,0,0,0
49.547417402267456,996,0,0,0
49.56329703330994,996,0,0,0
49.578798055648804,996,0,0,0
49.59574270248413,996,0,0,0
49.61220192909241,996,0,0,0
49.62820529937744,996,0,0,0
49.64421510696411,996,0,0,0
49.6599805355072,996,0,0,0
49.675971269607544,996,0,0,0
49.692423582077026,996,0,0,0
49.708285331726074,996,0,0,0
49.72415351867676,996,0,0,0
49.74064493179321,996,0,0,0
49.75645089149475,996,0,0,0
49.77201437950134,996,0,0,0
49.78976368904114,996,0,0,0
49.805628061294556,996,0,0,0
49.82091474533081,996,0,0,0
49.836894035339355,996,0,0,0
49.85326933860779,996,0,0,0
49.86918115615845,996,0,0,0
49.88512301445007,996,0,0,0
49.901583194732666,996,0,0,0
49.917470932006836,996,0,0,0
49.93299102783203,996,0,0,0
49.94885015487671,996,0,0,0
49.96560001373291,996,0,0,0
49.981202125549316,996,0,0,0
49.99713397026062,996,0,0,0
50.01356315612793,996,0,0,0
50.02940773963928,996,0,0,0
50.04563355445862,996,0,0,0
50.06166863441467,996,0,0,0
50.07874393463135,996,0,0,0
50.095072984695435,996,0,0,0
50.109220027923584,996,0,0,0
50.125032901763916,996,0,0,0
50.141414165496826,996,0,0,0
50.15639543533325,996,0,0,0
50.17193412780762,996,0,0,0
50.18794083595276,996,0,0,0
50.2039909362793,996,0,0,0
50.220513343811035,996,0,0,0
50.2365665435791,996,0,0,0
50.252685546875,996,0,0,0
50.26977610588074,996,0,0,0
50.28582191467285,996,0,0,0
50.30241298675537,996,0,0,0
50.31908941268921,996,0,0,0
50.33565831184387,996,0,0,0
50.350863456726074,996,0,0,0
50.36708426475525,996,0,0,0
50.383049964904785,996,0,0,0
50.399285078048706,996,0,0,0
50.422956228256226,999,0,0,0
50.43124270439148,999,0,0,0
50.44726300239563,999,0,0,0
50.46283769607544,999,0,0,0
50.479313135147095,999,0,0,0
50.49496054649353,999,0,0,0
50.51104402542114,999,0,0,0
50.52719569206238,999,0,0,0
50.54308247566223,999,0,0,0
50.55975389480591,999,0,0,0
50.57537245750427,999,0,0,0
50.592554330825806,999,0,0,0
50.60817766189575,999,0,0,0
50.62503409385681,999,0,0,0
50.640942096710205,999,0,0,0
50.65681529045105,999,0,0,0
50.673046588897705,999,0,0,0
50.68935680389404,999,0,0,0
50.70495009422302,999,0,0,0
50.721022844314575,999,0,0,0
50.73721718788147,999,0,0,0
50.75346255302429,999,0,0,0
50.76957869529724,999,0,0,0
50.78524351119995,999,0,0,0
50.80135726928711,999,0,0,0
50.817628145217896,999,0,0,0
50.83301377296448,999,0,0,0
50.84918475151062,999,0,0,0
50.8647825717926,999,0,0,0
50.880919218063354,999,0,0,0
50.89746928215027,999,0,0,0
50.913700342178345,999,0,0,0
50.92986464500427,999,0,0,0
50.94603991508484,999,0,0,0
50.96218514442444,999,0,0,0
50.97839689254761,999,0,0,0
50.99466109275818,999,0,0,0
51.01070976257324,999,0,0,0
51.027498960494995,999,0,0,0
51.04372048377991,999,0,0,0
51.05893421173096,999,0,0,0
51.07531023025513,999,0,0,0
51.09140610694885,999,0,0,0
51.10710597038269,999,0,0,0
51.12323808670044,999,0,0,0
51.139458894729614,999,0,0,0
51.15411734580994,999,0,0,0
51.17029929161072,999,0,0,0
51.18601322174072,999,0,0,0
51.20222544670105,999,0,0,0
51.21838116645813,999,0,0,0
51.23462986946106,999,0,0,0
51.25065898895264,999,0,0,0
51.26623511314392,999,0,0,0
51.28232002258301,999,0,0,0
51.29845976829529,999,0,0,0
51.31377720832825,999,0,0,0
51.329832315444946,999,0,0,0
51.346739530563354,999,0,0,0
51.36424016952515,999,0,0,0
51.380584478378296,999,0,0,0
51.39655137062073,999,0,0,0
51.4127984046936,999,0,0,0
51.44076633453369,998,0,0,0
51.44905090332031,998,0,0,0
51.46567940711975,998,0,0,0
51.481011390686035,998,0,0,0
51.496947288513184,998,0,0,0
51.512815952301025,998,0,0,0
51.52886509895325,998,0,0,0
51.544782638549805,998,0,0,0
51.56093955039978,998,0,0,0
51.57688117027283,998,0,0,0
51.59274864196777,998,0,0,0
51.609312534332275,998,0,0,0
51.62543606758118,998,0,0,0
51.64105010032654,998,0,0,0
51.65715026855469,998,0,0,0
51.673282623291016,998,0,0,0
51.689697265625,998,0,0,0
51.70673632621765,998,0,0,0
51.723236083984375,998,0,0,0
51.73914647102356,998,0,0,0
51.75511908531189,998,0,0,0
51.770957946777344,998,0,0,0
51.786985635757446,998,0,0,0
51.803661584854126,998,0,0,0
51.818819522857666,998,0,0,0
51.83501482009888,998,0,0,0
51.850831270217896,998,0,0,0
51.86697578430176,998,0,0,0
51.883683919906616,998,0,0,0
51.89963507652283,998,0,0,0
51.91568064689636,998,0,0,0
51.93220233917236,998,0,0,0
51.9482479095459,998,0,0,0
51.96417856216431,998,0,0,0
51.98013734817505,998,0,0,0
51.99608516693115,998,0,0,0
52.01264476776123,998,0,0,0
52.028573989868164,998,0,0,0
52.043818950653076,998,0,0,0
52.060688495635986,998,0,0,0
52.075762033462524,998,0,0,0
52.09213042259216,998,0,0,0
52.10802102088928,998,0,0,0
52.124518394470215,998,0,0,0
52.1404812335968,998,0,0,0
52.15573477745056,998,0,0,0
52.171485900878906,998,0,0,0
52.1870756149292,998,0,0,0
52.2038676738739,998,0,0,0
52.220057010650635,998,0,0,0
52.236833810806274,998,0,0,0
52.25375199317932,998,0,0,0
52.27067279815674,998,0,0,0
52.28670024871826,998,0,0,0
52.303056955337524,998,0,0,0
52.318963289260864,998,0,0,0
52.33545207977295,998,0,0,0
52.35133218765259,998,0,0,0
52.3672399520874,998,0,0,0
52.38345503807068,998,0,0,0
52.39930009841919,998,0,0,0
52.41580533981323,998,0,0,0