All stim.
[965, 966, 967, 968, 969, 970, 971, 972]
Reward stim.
[965, 967, 969, 971]
PiReceivePC sync.
1551376990.9572957
PiSendPC sync.
1551376990.9576423
time,whichstim,iftouch,ifreward,ifout
1551376991.0050375,967,0,0,0
1551376991.0191727,967,0,0,0
1551376991.0351255,967,0,0,0
1551376991.0512266,967,0,0,0
1551376991.0670822,967,0,0,0
1551376991.0830975,967,0,0,0
1551376991.0989044,967,0,0,0
1551376991.114707,967,0,0,0
1551376991.1306446,967,0,0,0
1551376991.1463785,967,0,0,0
1551376991.1623826,967,0,0,0
1551376991.1791923,967,0,0,0
1551376991.19503,967,0,0,0
1551376991.2108629,967,0,0,0
1551376991.2269595,967,0,0,0
1551376991.2431936,967,0,0,0
1551376991.2585351,967,0,0,0
1551376991.2749171,967,0,0,0
1551376991.2911232,967,0,0,0
1551376991.3072917,967,0,0,0
1551376991.3236845,967,0,0,0
1551376991.3400815,967,0,0,0
1551376991.3563254,967,0,0,0
1551376991.3727822,967,0,0,0
1551376991.3892167,967,0,0,0
1551376991.4045913,967,0,0,0
1551376991.4209023,967,0,0,0
1551376991.437196,967,0,0,0
1551376991.4527812,967,0,0,0
1551376991.469048,967,0,0,0
1551376991.4844534,967,0,0,0
1551376991.5008664,967,0,0,0
1551376991.5171769,967,0,0,0
1551376991.5325842,967,0,0,0
1551376991.5489185,967,0,0,0
1551376991.5652034,967,0,0,0
1551376991.5806866,967,0,0,0
1551376991.596952,967,0,0,0
1551376991.6132257,967,0,0,0
1551376991.628579,967,0,0,0
1551376991.6450512,967,0,0,0
1551376991.6604803,967,0,0,0
1551376991.6767087,967,0,0,0
1551376991.6930354,967,0,0,0
1551376991.7093437,967,0,0,0
1551376991.7256775,967,0,0,0
1551376991.7422,967,0,0,0
1551376991.757529,967,0,0,0
1551376991.7740471,967,0,0,0
1551376991.790338,967,0,0,0
1551376991.8076735,967,0,0,0
1551376991.8240585,967,0,0,0
1551376991.83958,967,0,0,0
1551376991.85577,967,0,0,0
1551376991.8721805,967,0,0,0
1551376991.8875828,967,0,0,0
1551376991.9038851,967,0,0,0
1551376991.9202156,967,0,0,0
1551376991.9355633,967,0,0,0
1551376991.952045,967,0,0,0
1551376991.9682865,967,0,0,0
1551376991.984667,967,0,0,0
1551376992.001016,967,0,0,0
1551376992.0172038,967,0,0,0
1551376992.032724,967,0,0,0
1551376992.0490673,967,0,0,0
1551376992.0652575,967,0,0,0
1551376992.0807047,967,0,0,0
1551376992.0969753,967,0,0,0
1551376992.1133,967,0,0,0
1551376992.1294181,967,0,0,0
1551376992.1455746,967,0,0,0
1551376992.1623664,967,0,0,0
1551376992.178614,967,0,0,0
1551376992.1948712,967,0,0,0
1551376992.2110612,967,0,0,0
1551376992.2273328,967,0,0,0
1551376992.2436988,967,0,0,0
1551376992.2602637,967,0,0,0
1551376992.2761383,967,0,0,0
1551376992.2922683,967,0,0,0
1551376992.3083076,967,0,0,0
1551376992.324253,967,0,0,0
1551376992.3402212,967,0,0,0
1551376992.3560948,967,0,0,0
1551376992.3721697,967,0,0,0
1551376992.3882363,967,0,0,0
1551376992.4040427,967,0,0,0
1551376992.4199753,967,0,0,0
1551376992.4358783,967,0,0,0
1551376992.4520924,967,0,0,0
1551376992.4680672,967,0,0,0
1551376992.502237,970,0,0,0
1551376992.5158074,970,0,0,0
1551376992.5323162,970,0,0,0
1551376992.5487013,970,0,0,0
1551376992.5650954,970,0,0,0
1551376992.5805783,970,0,0,0
1551376992.5969944,970,0,0,0
1551376992.612507,970,0,0,0
1551376992.6289294,970,0,0,0
1551376992.6453524,970,0,0,0
1551376992.6619413,970,0,0,0
1551376992.6774206,970,0,0,0
1551376992.6940148,970,0,0,0
1551376992.7095218,970,0,0,0
1551376992.7259622,970,0,0,0
1551376992.741691,970,0,0,0
1551376992.7581916,970,0,0,0
1551376992.7737098,970,0,0,0
1551376992.7901812,970,0,0,0
1551376992.8066473,970,0,0,0
1551376992.823291,970,0,0,0
1551376992.8397336,970,0,0,0
1551376992.856157,970,0,0,0
1551376992.871704,970,0,0,0
1551376992.8882015,970,0,0,0
1551376992.9037218,970,0,0,0
1551376992.9201527,970,0,0,0
1551376992.935574,970,0,0,0
1551376992.9514058,970,0,0,0
1551376992.967839,970,0,0,0
1551376992.9833674,970,0,0,0
1551376992.9998052,970,0,0,0
1551376993.0152266,970,0,0,0
1551376993.03076,970,0,0,0
1551376993.0471952,970,0,0,0
1551376993.0627494,970,0,0,0
1551376993.0792437,970,0,0,0
1551376993.0946996,970,0,0,0
1551376993.1111953,970,0,0,0
1551376993.126636,970,0,0,0
1551376993.1432667,970,0,0,0
1551376993.1597104,970,0,0,0
1551376993.176135,970,0,0,0
1551376993.1916788,970,0,0,0
1551376993.2081769,970,0,0,0
1551376993.2236354,970,0,0,0
1551376993.2400656,970,0,0,0
1551376993.255524,970,0,0,0
1551376993.2720447,970,0,0,0
1551376993.287467,970,0,0,0
1551376993.304016,970,0,0,0
1551376993.3194573,970,0,0,0
1551376993.3358922,970,0,0,0
1551376993.3514247,970,0,0,0
1551376993.3678305,970,0,0,0
1551376993.3833997,970,0,0,0
1551376993.3998263,970,0,0,0
1551376993.4154406,970,0,0,0
1551376993.4314861,970,0,0,0
1551376993.4480684,970,0,0,0
1551376993.463695,970,0,0,0
1551376993.480199,970,0,0,0
1551376993.4957108,970,0,0,0
1551376993.5114071,970,0,0,0
1551376993.5280669,970,0,0,0
1551376993.544045,970,0,0,0
1551376993.5597315,970,0,0,0
1551376993.5760882,970,0,0,0
1551376993.591785,970,0,0,0
1551376993.6081498,970,0,0,0
1551376993.6236103,970,0,0,0
1551376993.640078,970,0,0,0
1551376993.6563528,970,0,0,0
1551376993.6727638,970,0,0,0
1551376993.6889937,970,0,0,0
1551376993.7044864,970,0,0,0
1551376993.7210195,970,0,0,0
1551376993.7373235,970,0,0,0
1551376993.7537084,970,0,0,0
1551376993.7701359,970,0,0,0
1551376993.785518,970,0,0,0
1551376993.8029516,970,0,0,0
1551376993.8191872,970,0,0,0
1551376993.8348117,970,0,0,0
1551376993.851226,970,0,0,0
1551376993.8666341,970,0,0,0
1551376993.8830872,970,0,0,0
1551376993.899333,970,0,0,0
1551376993.9157696,970,0,0,0
1551376993.9320977,970,0,0,0
1551376993.9475846,970,0,0,0
1551376993.9635835,970,0,0,0
1551376993.9794688,970,0,0,0
1551376994.0104516,970,0,0,0
1551376994.024479,970,0,0,0
1551376994.0406723,970,0,0,0
1551376994.0569005,970,0,0,0
1551376994.073084,970,0,0,0
1551376994.089068,970,0,0,0
1551376994.1050665,970,0,0,0
1551376994.121143,970,0,0,0
1551376994.13706,970,0,0,0
1551376994.153166,970,0,0,0
1551376994.169084,970,0,0,0
1551376994.185079,970,0,0,0
1551376994.2011206,970,0,0,0
1551376994.2170374,970,0,0,0
1551376994.2331688,970,0,0,0
1551376994.2491376,970,0,0,0
1551376994.2653282,970,0,0,0
1551376994.2817826,970,0,0,0
1551376994.298201,970,0,0,0
1551376994.313654,970,0,0,0
1551376994.3299434,970,0,0,0
1551376994.3462095,970,0,0,0
1551376994.3617234,970,0,0,0
1551376994.3781354,970,0,0,0
1551376994.3934999,970,0,0,0
1551376994.4097888,970,0,0,0
1551376994.4260573,970,0,0,0
1551376994.4416091,970,0,0,0
1551376994.4579465,970,0,0,0
1551376994.4743135,970,0,0,0
1551376994.4906354,970,0,0,0
1551376994.5069287,970,0,0,0
1551376994.522687,970,0,0,0
1551376994.5388913,970,0,0,0
1551376994.5552187,970,0,0,0
1551376994.5708308,970,0,0,0
1551376994.5871499,970,0,0,0
1551376994.602613,970,0,0,0
1551376994.6188982,970,0,0,0
1551376994.6352367,970,0,0,0
1551376994.6507804,970,0,0,0
1551376994.6671388,970,0,0,0
1551376994.6827033,970,0,0,0
1551376994.6989815,970,0,0,0
1551376994.7145753,970,0,0,0
1551376994.7307968,970,0,0,0
1551376994.746797,970,0,0,0
1551376994.7628303,970,0,0,0
1551376994.778836,970,0,0,0
1551376994.7949433,970,0,0,0
1551376994.8119237,970,0,0,0
1551376994.8279464,970,0,0,0
1551376994.8440661,970,0,0,0
1551376994.8601081,970,0,0,0
1551376994.8761132,970,0,0,0
1551376994.8923068,970,0,0,0
1551376994.9092486,970,0,0,0
1551376994.925273,970,0,0,0
1551376994.9414315,970,0,0,0
1551376994.9574568,970,0,0,0
1551376994.973615,970,0,0,0
1551376994.989693,970,0,0,0
1551376995.0048382,970,0,0,0
1551376995.02107,970,0,0,0
1551376995.0378358,970,0,0,0
1551376995.0540593,970,0,0,0
1551376995.0702753,970,0,0,0
1551376995.0864654,970,0,0,0
1551376995.1034114,970,0,0,0
1551376995.1196382,970,0,0,0
1551376995.1360493,970,0,0,0
1551376995.151874,970,0,0,0
1551376995.1674547,970,0,0,0
1551376995.1839864,970,0,0,0
1551376995.1994052,970,0,0,0
1551376995.2158751,970,0,0,0
1551376995.2317119,970,0,0,0
1551376995.248267,970,0,0,0
1551376995.2637742,970,0,0,0
1551376995.2802448,970,0,0,0
1551376995.2956674,970,0,0,0
1551376995.3121192,970,0,0,0
1551376995.3274984,970,0,0,0
1551376995.3439689,970,0,0,0
1551376995.3595083,970,0,0,0
1551376995.3759513,970,0,0,0
1551376995.3915324,970,0,0,0
1551376995.407922,970,0,0,0
1551376995.4233887,970,0,0,0
1551376995.439833,970,0,0,0
1551376995.4562275,970,0,0,0
1551376995.4718084,970,0,0,0
1551376995.4882455,970,0,0,0
1551376995.5283525,972,0,0,0
1551376995.5422502,972,0,0,0
1551376995.5577106,972,0,0,0
1551376995.574288,972,0,0,0
1551376995.5907047,972,0,0,0
1551376995.6071131,972,0,0,0
1551376995.622636,972,0,0,0
1551376995.6390862,972,0,0,0
1551376995.6544998,972,0,0,0
1551376995.670921,972,0,0,0
1551376995.687347,972,0,0,0
1551376995.7038586,972,0,0,0
1551376995.7202718,972,0,0,0
1551376995.7366745,972,0,0,0
1551376995.7532392,972,0,0,0
1551376995.7686455,972,0,0,0
1551376995.785045,972,0,0,0
1551376995.8005176,972,0,0,0
1551376995.8169396,972,0,0,0
1551376995.8324625,972,0,0,0
1551376995.8488579,972,0,0,0
1551376995.8652647,972,0,0,0
1551376995.8807871,972,0,0,0
1551376995.8972104,972,0,0,0
1551376995.912652,972,0,0,0
1551376995.9290326,972,0,0,0
1551376995.9444058,972,0,0,0
1551376995.9608688,972,1,0,0
1551376995.9610262,972,1,0,1
1551376995.976847,972,1,0,1
1551376995.992883,972,1,0,1
1551376996.008742,972,1,0,1
1551376996.0246449,972,1,0,1
1551376996.0407782,972,0,0,1
1551376996.0566432,972,0,0,1
1551376996.0726383,972,0,0,1
1551376996.0884993,972,0,0,1
1551376996.1044574,972,0,0,1
1551376996.120532,972,0,0,1
1551376996.1365056,972,0,0,1
1551376996.1527438,972,0,0,1
1551376996.1687944,972,0,0,1
1551376996.1848536,972,0,0,1
1551376996.201042,972,0,0,1
1551376996.2171402,972,0,0,1
1551376996.233322,972,0,0,1
1551376996.2494109,972,0,0,1
1551376996.2655,972,0,0,1
1551376996.281726,972,0,0,1
1551376996.2977679,972,0,0,1
1551376996.313944,972,0,0,1
1551376996.3299963,972,0,0,1
1551376996.346037,972,0,0,1
1551376996.362234,972,0,0,1
1551376996.3782964,972,0,0,1
1551376996.3944013,972,0,0,1
1551376996.4105077,972,0,0,1
1551376996.4266045,972,0,0,1
1551376996.4427917,972,0,0,1
1551376996.458814,972,0,0,1
1551376996.474881,972,0,0,1
1551376996.4909737,972,0,0,1
1551376996.5070157,972,0,0,1
1551376996.523149,972,0,0,1
1551376996.5392272,972,0,0,1
1551376996.5552611,972,0,0,1
1551376996.5713148,972,0,0,1
1551376996.5883534,972,0,0,1
1551376996.6043959,972,0,0,1
1551376996.6203914,972,0,0,1
1551376996.6364088,972,0,0,1
1551376996.6526759,972,0,0,1
1551376996.6686282,972,0,0,1
1551376996.684719,972,0,0,1
1551376996.7008498,972,0,0,1
1551376996.7169886,972,0,0,1
1551376996.733297,972,0,0,1
1551376996.7492666,972,0,0,1
1551376996.7653081,972,0,0,1
1551376996.7815647,972,0,0,1
1551376996.7976232,972,0,0,1
1551376996.814437,972,0,0,1
1551376996.8305376,972,0,0,1
1551376996.846616,972,0,0,1
1551376996.8628318,972,0,0,1
1551376996.8788805,972,0,0,1
1551376996.8950143,972,0,0,1
1551376996.9111414,972,0,0,1
1551376996.9272811,972,0,0,1
1551376996.9424036,972,0,0,1
1551376996.9584174,972,0,0,1
1551376996.9744911,972,0,0,1
1551376996.9905555,972,0,0,1
1551376997.0066063,972,0,0,1
1551376997.0227585,972,0,0,1
1551376997.0388494,972,0,0,1
1551376997.0549273,972,0,0,1
1551376997.0710785,972,0,0,1
1551376997.0872416,972,0,0,1
1551376997.1024075,972,0,0,1
1551376997.1184235,972,0,0,1
1551376997.1344767,972,0,0,1
1551376997.150602,972,0,0,1
1551376997.1665173,972,0,0,1
1551376997.1825817,972,0,0,1
1551376997.1985996,972,0,0,1
1551376997.2145665,972,0,0,1
1551376997.2306094,972,0,0,1
1551376997.24658,972,0,0,1
1551376997.2625914,972,0,0,1
1551376997.2784905,972,0,0,1
1551376997.294373,972,0,0,1
1551376997.3113225,972,0,0,1
1551376997.3283415,972,0,0,1
1551376997.3453145,972,0,0,1
1551376997.3613665,972,0,0,1
1551376997.378339,972,0,0,1
1551376997.3952715,972,0,0,1
1551376997.4123178,972,0,0,1
1551376997.4292467,972,0,0,1
1551376997.4451747,972,0,0,1
1551376997.461172,972,0,0,1
1551376997.4771097,972,0,0,1
1551376997.4931462,972,0,0,1
1551376997.509095,972,0,0,1
1551376997.5250378,972,0,0,1
1551376997.5410516,972,0,0,1
1551376997.5569985,972,0,0,1
1551376997.5729885,972,0,0,1
1551376997.5888948,972,0,0,1
1551376997.6048374,972,0,0,1
1551376997.6208458,972,0,0,1
1551376997.6367736,972,0,0,1
1551376997.652806,972,0,0,1
1551376997.668713,972,0,0,1
1551376997.6846316,972,0,0,1
1551376997.7006063,972,0,0,1
1551376997.7165718,972,0,0,1
1551376997.732628,972,0,0,1
1551376997.748573,972,0,0,1
1551376997.764538,972,0,0,1
1551376997.7805378,972,0,0,1
1551376997.7964704,972,0,0,1
1551376997.813532,972,0,0,1
1551376997.829502,972,0,0,1
1551376997.845404,972,0,0,1
1551376997.8614242,972,0,0,1
1551376997.8773777,972,0,0,1
1551376997.893398,972,0,0,1
1551376997.9103298,972,0,0,1
1551376997.9272907,972,0,0,1
1551376997.943495,972,0,0,1
1551376997.959559,972,0,0,1
1551376997.9756837,972,0,0,1
1551376997.9919696,972,0,0,1
1551376998.0080585,972,0,0,1
1551376998.0241997,972,0,0,1
1551376998.0403407,972,0,0,1
1551376998.0564353,972,0,0,1
1551376998.072687,972,0,0,1
1551376998.088724,972,0,0,1
1551376998.104811,972,0,0,1
1551376998.1209702,972,0,0,1
1551376998.1370022,972,0,0,1
1551376998.1531675,972,0,0,1
1551376998.1691947,972,0,0,1
1551376998.1852286,972,0,0,1
1551376998.2013514,972,0,0,1
1551376998.2183528,972,0,0,1
1551376998.2353497,972,0,0,1
1551376998.2515862,972,0,0,1
1551376998.267544,972,0,0,1
1551376998.2837365,972,0,0,1
1551376998.2997599,972,0,0,1
1551376998.3157492,972,0,0,1
1551376998.33191,972,0,0,1
1551376998.348027,972,0,0,1
1551376998.3640969,972,0,0,1
1551376998.3800807,972,0,0,1
1551376998.3961077,972,0,0,1
1551376998.4123318,972,0,0,1
1551376998.4293363,972,0,0,1
1551376998.446353,972,0,0,1
1551376998.4625223,972,0,0,0
1551376998.4979038,969,0,0,0
1551376998.5116909,969,0,0,0
1551376998.5281787,969,0,0,0
1551376998.543736,969,0,0,0
1551376998.5602982,969,0,0,0
1551376998.5767984,969,0,0,0
1551376998.5924044,969,0,0,0
1551376998.608924,969,0,0,0
1551376998.6245105,969,0,0,0
1551376998.6410053,969,0,0,0
1551376998.6566036,969,0,0,0
1551376998.673356,969,0,0,0
1551376998.6899164,969,0,0,0
1551376998.7054596,969,0,0,0
1551376998.7222123,969,0,0,0
1551376998.7377892,969,0,0,0
1551376998.7538695,969,0,0,0
1551376998.7701561,969,0,0,0
1551376998.785542,969,0,0,0
1551376998.80315,969,0,0,0
1551376998.819376,969,0,0,0
1551376998.835704,969,0,0,0
1551376998.852128,969,0,0,0
1551376998.8675978,969,0,0,0
1551376998.8839579,969,0,0,0
1551376998.9002366,969,0,0,0
1551376998.9156299,969,0,0,0
1551376998.9321582,969,0,0,0
1551376998.9483075,969,0,0,0
1551376998.9647875,969,0,0,0
1551376998.9804702,969,0,0,0
1551376998.996843,969,0,0,0
1551376999.0123148,969,0,0,0
1551376999.0278964,969,0,0,0
1551376999.043694,969,0,0,0
1551376999.060035,969,0,0,0
1551376999.0759375,969,0,0,0
1551376999.0920808,969,0,0,0
1551376999.108302,969,0,0,0
1551376999.1243083,969,0,0,0
1551376999.1413531,969,0,0,0
1551376999.158301,969,0,0,0
1551376999.1744483,969,0,0,0
1551376999.1905868,969,0,0,0
1551376999.2065496,969,0,0,0
1551376999.222634,969,0,0,0
1551376999.2386813,969,0,0,0
1551376999.2548134,969,0,0,0
1551376999.2709305,969,0,0,0
1551376999.2871578,969,0,0,0
1551376999.3031924,969,0,0,0
1551376999.3192465,969,0,0,0
1551376999.335334,969,0,0,0
1551376999.351528,969,0,0,0
1551376999.3676057,969,0,0,0
1551376999.3837981,969,0,0,0
1551376999.4000413,969,0,0,0
1551376999.4159672,969,0,0,0
1551376999.4321814,969,0,0,0
1551376999.4482703,969,0,0,0
1551376999.4636476,969,0,0,0
1551376999.479883,969,0,0,0
1551376999.4958491,969,0,0,0
1551376999.5120494,969,0,0,0
1551376999.5282183,969,0,0,0
1551376999.5435905,969,0,0,0
1551376999.5596385,969,0,0,0
1551376999.5757434,969,0,0,0
1551376999.5919065,969,0,0,0
1551376999.607945,969,0,0,0
1551376999.6241364,969,0,0,0
1551376999.6396978,969,0,0,0
1551376999.6561744,969,0,0,0
1551376999.6716979,969,0,0,0
1551376999.6882532,969,0,0,0
1551376999.7047248,969,0,0,0
1551376999.7203646,969,0,0,0
1551376999.73685,969,0,0,0
1551376999.7524812,969,0,0,0
1551376999.7689967,969,0,0,0
1551376999.784511,969,0,0,0
1551376999.801054,969,0,0,0
1551376999.8166358,969,0,0,0
1551376999.8332896,969,0,0,0
1551376999.8498065,969,0,0,0
1551376999.8663783,969,0,0,0
1551376999.8829968,969,0,0,0
1551376999.898563,969,0,0,0
1551376999.9150307,969,0,0,0
1551376999.9306521,969,0,0,0
1551376999.94716,969,0,0,0
1551376999.9627504,969,0,0,0
1551376999.993572,970,0,0,0
1551377000.0072186,970,0,0,0
1551377000.023,970,0,0,0
1551377000.0386064,970,0,0,0
1551377000.0551765,970,0,0,0
1551377000.0707843,970,0,0,0
1551377000.0873432,970,0,0,0
1551377000.1040096,970,0,0,0
1551377000.1195288,970,0,0,0
1551377000.1361036,970,0,0,0
1551377000.1517525,970,0,0,0
1551377000.1778302,970,0,0,0
1551377000.1935456,970,0,0,0
1551377000.2101793,970,0,0,0
1551377000.2257214,970,0,0,0
1551377000.2423675,970,0,0,0
1551377000.2589316,970,0,0,0
1551377000.274477,970,0,0,0
1551377000.2909439,970,0,0,0
1551377000.3064473,970,0,0,0
1551377000.323053,970,0,0,0
1551377000.3386106,970,0,0,0
1551377000.3551157,970,0,0,0
1551377000.3706815,970,0,0,0
1551377000.387156,970,0,0,0
1551377000.4027157,970,0,0,0
1551377000.4191358,970,0,0,0
1551377000.4346218,970,0,0,0
1551377000.4511235,970,0,0,0
1551377000.4666874,970,0,0,0
1551377000.4832635,970,0,0,0
1551377000.4988012,970,0,0,0
1551377000.515326,970,0,0,0
1551377000.5318763,970,0,0,0
1551377000.5483484,970,0,0,0
1551377000.5648756,970,0,0,0
1551377000.5804925,970,0,0,0
1551377000.5969827,970,0,0,0
1551377000.6126096,970,0,0,0
1551377000.629122,970,0,0,0
1551377000.6445923,970,0,0,0
1551377000.6611228,970,0,0,0
1551377000.6766105,970,0,0,0
1551377000.6932127,970,0,0,0
1551377000.708816,970,0,0,0
1551377000.7252645,970,0,0,0
1551377000.7409022,970,0,0,0
1551377000.7563674,970,0,0,0
1551377000.7730057,970,0,0,0
1551377000.7885048,970,0,0,0
1551377000.8059995,970,0,0,0
1551377000.821689,970,0,0,0
1551377000.8382275,970,0,0,0
1551377000.8537843,970,0,0,0
1551377000.870307,970,0,0,0
1551377000.8868008,970,0,0,0
1551377000.9024632,970,0,0,0
1551377000.9189205,970,0,0,0
1551377000.9344566,970,0,0,0
1551377000.951047,970,0,0,0
1551377000.9665835,970,0,0,0
1551377000.9833033,970,0,0,0
1551377000.9998903,970,0,0,0
1551377001.0145745,970,0,0,0
1551377001.031312,970,0,0,0
1551377001.0478976,970,0,0,0
1551377001.063552,970,0,0,0
1551377001.080082,970,0,0,0
1551377001.0956428,970,0,0,0
1551377001.1122868,970,0,0,0
1551377001.1289196,970,0,0,0
1551377001.1444702,970,0,0,0
1551377001.1610045,970,0,0,0
1551377001.1765683,970,0,0,0
1551377001.193211,970,0,0,0
1551377001.20877,970,0,0,0
1551377001.225318,970,0,0,0
1551377001.241934,970,0,0,0
1551377001.257493,970,0,0,0
1551377001.2741086,970,0,0,0
1551377001.2896273,970,0,0,0
1551377001.3061175,970,0,0,0
1551377001.3217573,970,0,0,0
1551377001.3384087,970,0,0,0
1551377001.3549364,970,0,0,0
1551377001.3705282,970,0,0,0
1551377001.3870199,970,0,0,0
1551377001.4026165,970,0,0,0
1551377001.4190466,970,0,0,0
1551377001.434617,970,0,0,0
1551377001.451123,970,0,0,0
1551377001.4666762,970,0,0,0
1551377001.49921,966,0,0,0
1551377001.5128028,966,0,0,0
1551377001.528461,966,0,0,0
1551377001.5451677,966,0,0,0
1551377001.560775,966,0,0,0
1551377001.5763736,966,0,0,0
1551377001.5930698,966,0,0,0
1551377001.6085885,966,0,0,0
1551377001.6251807,966,0,0,0
1551377001.6408203,966,0,0,0
1551377001.6573462,966,0,0,0
1551377001.6739416,966,0,0,0
1551377001.689452,966,0,0,0
1551377001.705969,966,0,0,0
1551377001.7216024,966,0,0,0
1551377001.738205,966,0,0,0
1551377001.7539363,966,0,0,0
1551377001.7694702,966,0,0,0
1551377001.786,966,0,0,0
1551377001.80269,966,0,0,0
1551377001.819189,966,0,0,0
1551377001.8346806,966,0,0,0
1551377001.8511472,966,0,0,0
1551377001.8666487,966,0,0,0
1551377001.8832526,966,0,0,0
1551377001.8987837,966,0,0,0
1551377001.9145622,966,0,0,0
1551377001.931085,966,0,0,0
1551377001.9466243,966,0,0,0
1551377001.9631772,966,0,0,0
1551377001.9787211,966,0,0,0
1551377001.9952416,966,0,0,0
1551377002.0099497,966,0,0,0
1551377002.0256329,966,0,0,0
1551377002.0422442,966,0,0,0
1551377002.0578456,966,0,0,0
1551377002.0735283,966,0,0,0
1551377002.0900378,966,0,0,0
1551377002.1055937,966,0,0,0
1551377002.1222067,966,0,0,0
1551377002.1377683,966,0,0,0
1551377002.153406,966,0,0,0
1551377002.1699445,966,0,0,0
1551377002.185468,966,0,0,0
1551377002.2021132,966,0,0,0
1551377002.2176857,966,0,0,0
1551377002.2343166,966,0,0,0
1551377002.250835,966,0,0,0
1551377002.2673109,966,0,0,0
1551377002.2838867,966,0,0,0
1551377002.2993891,966,0,0,0
1551377002.3159332,966,0,0,0
1551377002.331552,966,0,0,0
1551377002.3481245,966,0,0,0
1551377002.363568,966,0,0,0
1551377002.3800998,966,0,0,0
1551377002.3956027,966,0,0,0
1551377002.412178,966,0,0,0
1551377002.4277217,966,0,0,0
1551377002.444236,966,0,0,0
1551377002.459731,966,0,0,0
1551377002.4762318,966,0,0,0
1551377002.4918025,966,0,0,0
1551377002.5083196,966,0,0,0
1551377002.5248415,966,0,0,0
1551377002.5404315,966,0,0,0
1551377002.5568948,966,0,0,0
1551377002.5725458,966,0,0,0
1551377002.5890186,966,0,0,0
1551377002.6044734,966,0,0,0
1551377002.6210093,966,0,0,0
1551377002.6364892,966,0,0,0
1551377002.653132,966,0,0,0
1551377002.668704,966,0,0,0
1551377002.6851964,966,0,0,0
1551377002.7008457,966,0,0,0
1551377002.7173498,966,0,0,0
1551377002.733999,966,0,0,0
1551377002.749535,966,0,0,0
1551377002.7662416,966,0,0,0
1551377002.7819383,966,0,0,0
1551377002.797467,966,0,0,0
1551377002.8150826,966,0,0,0
1551377002.8306692,966,0,0,0
1551377002.8471653,966,0,0,0
1551377002.8628514,966,0,0,0
1551377002.8783956,966,0,0,0
1551377002.894998,966,0,0,0
1551377002.9106271,966,0,0,0
1551377002.927172,966,0,0,0
1551377002.942803,966,0,0,0
1551377002.9593174,966,0,0,0
1551377002.9758885,966,0,0,0
1551377003.0119083,972,0,0,0
1551377003.0254853,972,0,0,0
1551377003.042066,972,0,0,0
1551377003.0576162,972,0,0,0
1551377003.0742846,972,0,0,0
1551377003.0908296,972,0,0,0
1551377003.1072955,972,0,0,0
1551377003.1239493,972,0,0,0
1551377003.1394591,972,0,0,0
1551377003.1559212,972,0,0,0
1551377003.1714997,972,0,0,0
1551377003.1880367,972,0,0,0
1551377003.2035003,972,0,0,0
1551377003.2200208,972,0,0,0
1551377003.2355144,972,0,0,0
1551377003.252134,972,0,0,0
1551377003.2676213,972,0,0,0
1551377003.2841713,972,0,0,0
1551377003.2996573,972,0,0,0
1551377003.3161392,972,0,0,0
1551377003.3317466,972,0,0,0
1551377003.3482628,972,0,0,0
1551377003.3637536,972,0,0,0
1551377003.3802738,972,0,0,0
1551377003.3967636,972,0,0,0
1551377003.4133177,972,0,0,0
1551377003.4298635,972,0,0,0
1551377003.4453697,972,0,0,0
1551377003.4618514,972,0,0,0
1551377003.477387,972,0,0,0
1551377003.493898,972,0,0,0
1551377003.5094256,972,0,0,0
1551377003.52592,972,0,0,0
1551377003.5414817,972,0,0,0
1551377003.558211,972,0,0,0
1551377003.5737545,972,0,0,0
1551377003.5903165,972,0,0,0
1551377003.606815,972,0,0,0
1551377003.6224775,972,0,0,0
1551377003.6390004,972,0,0,0
1551377003.6545012,972,0,0,0
1551377003.6709812,972,0,0,0
1551377003.686472,972,0,0,0
1551377003.7032304,972,0,0,0
1551377003.7188025,972,0,0,0
1551377003.7353568,972,0,0,0
1551377003.7519825,972,0,0,0
1551377003.7675638,972,0,0,0
1551377003.783462,972,0,0,0
1551377003.7999768,972,0,0,0
1551377003.8155198,972,0,0,0
1551377003.8323002,972,0,0,0
1551377003.8488405,972,0,0,0
1551377003.8643732,972,0,0,0
1551377003.8808942,972,0,0,0
1551377003.8964875,972,0,0,0
1551377003.9131505,972,0,0,0
1551377003.9287148,972,0,0,0
1551377003.945272,972,0,0,0
1551377003.9618733,972,0,0,0
1551377003.9774652,972,0,0,0
1551377003.994086,972,0,0,0
1551377004.0087214,972,0,0,0
1551377004.024439,972,0,0,0
1551377004.0409698,972,0,0,0
1551377004.0565443,972,0,0,0
1551377004.0732248,972,0,0,0
1551377004.0888445,972,0,0,0
1551377004.1043801,972,0,0,0
1551377004.1208797,972,0,0,0
1551377004.1364217,972,0,0,0
1551377004.1530597,972,0,0,0
1551377004.1685925,972,0,0,0
1551377004.1851609,972,0,0,0
1551377004.2007804,972,0,0,0
1551377004.2173443,972,0,0,0
1551377004.2339954,972,0,0,0
1551377004.2495282,972,0,0,0
1551377004.2660503,972,0,0,0
1551377004.281952,972,0,0,0
1551377004.297742,972,1,0,0
1551377004.297895,972,1,0,1
1551377004.314071,972,1,0,1
1551377004.330149,972,1,0,1
1551377004.3461978,972,1,0,1
1551377004.3622553,972,1,0,1
1551377004.3783407,972,1,0,1
1551377004.3944666,972,1,0,1
1551377004.410675,972,0,0,1
1551377004.4266827,972,0,0,1
1551377004.4428773,972,0,0,1
1551377004.4589603,972,0,0,1
1551377004.4750295,972,0,0,1
1551377004.4911132,972,0,0,1
1551377004.5072234,972,0,0,1
1551377004.522442,972,0,0,1
1551377004.5384774,972,0,0,1
1551377004.5545492,972,0,0,1
1551377004.5706682,972,0,0,1
1551377004.586728,972,0,0,1
1551377004.6029005,972,0,0,1
1551377004.6189547,972,0,0,1
1551377004.6349752,972,0,0,1
1551377004.651133,972,0,0,1
1551377004.667161,972,0,0,1
1551377004.683351,972,0,0,1
1551377004.6993856,972,0,0,1
1551377004.7154124,972,0,0,1
1551377004.731601,972,0,0,1
1551377004.7475877,972,0,0,1
1551377004.7637427,972,0,0,1
1551377004.7797732,972,0,0,1
1551377004.7962785,972,0,0,1
1551377004.8125074,972,0,0,1
1551377004.8285358,972,0,0,1
1551377004.8446386,972,0,0,1
1551377004.8607633,972,0,0,1
1551377004.8768725,972,0,0,1
1551377004.8930585,972,0,0,1
1551377004.909121,972,0,0,1
1551377004.9251943,972,0,0,1
1551377004.940557,972,0,0,1
1551377004.9566224,972,0,0,1
1551377004.9728143,972,0,0,1
1551377004.9890015,972,0,0,1
1551377005.0050051,972,0,0,1
1551377005.0211399,972,0,0,1
1551377005.0373008,972,0,0,1
1551377005.053445,972,0,0,1
1551377005.0694504,972,0,0,1
1551377005.085536,972,0,0,1
1551377005.1017768,972,0,0,1
1551377005.1178477,972,0,0,1
1551377005.1339178,972,0,0,1
1551377005.1499434,972,0,0,1
1551377005.166061,972,0,0,1
1551377005.1822474,972,0,0,1
1551377005.1982741,972,0,0,1
1551377005.2143476,972,0,0,1
1551377005.230495,972,0,0,1
1551377005.246538,972,0,0,1
1551377005.2626739,972,0,0,1
1551377005.278677,972,0,0,1
1551377005.2947996,972,0,0,1
1551377005.31095,972,0,0,1
1551377005.3270206,972,0,0,1
1551377005.3432899,972,0,0,1
1551377005.359431,972,0,0,1
1551377005.3755052,972,0,0,1
1551377005.391784,972,0,0,1
1551377005.4079025,972,0,0,1
1551377005.4242063,972,0,0,1
1551377005.4394572,972,0,0,1
1551377005.4555054,972,0,0,1
1551377005.4717813,972,0,0,1
1551377005.4879045,972,0,0,1
1551377005.504229,972,0,0,1
1551377005.51942,972,0,0,1
1551377005.5355513,972,0,0,1
1551377005.5517397,972,0,0,1
1551377005.5678232,972,0,0,1
1551377005.5841048,972,0,0,1
1551377005.6002357,972,0,0,1
1551377005.6162972,972,0,0,1
1551377005.631463,972,0,0,1
1551377005.6475344,972,0,0,1
1551377005.6638858,972,0,0,1
1551377005.680136,972,0,0,1
1551377005.696212,972,0,0,1
1551377005.7113926,972,0,0,1
1551377005.7274766,972,0,0,1
1551377005.743774,972,0,0,1
1551377005.7599423,972,0,0,1
1551377005.775989,972,0,0,1
1551377005.7921984,972,0,0,1
1551377005.8083138,972,0,0,1
1551377005.8244774,972,0,0,1
1551377005.8405933,972,0,0,1
1551377005.8566434,972,0,0,1
1551377005.8729348,972,0,0,1
1551377005.8890839,972,0,0,1
1551377005.9051552,972,0,0,1
1551377005.9205346,972,0,0,1
1551377005.9366002,972,0,0,1
1551377005.9528418,972,0,0,1
1551377005.9689033,972,0,0,1
1551377005.9849722,972,0,0,1
1551377006.001137,972,0,0,1
1551377006.0172157,972,0,0,1
1551377006.032417,972,0,0,1
1551377006.0484858,972,0,0,1
1551377006.0646048,972,0,0,1
1551377006.0807967,972,0,0,1
1551377006.0968466,972,0,0,1
1551377006.112951,972,0,0,1
1551377006.1289542,972,0,0,1
1551377006.1451013,972,0,0,1
1551377006.161268,972,0,0,1
1551377006.17724,972,0,0,1
1551377006.1924188,972,0,0,1
1551377006.2085867,972,0,0,1
1551377006.2247276,972,0,0,1
1551377006.240853,972,0,0,1
1551377006.2569046,972,0,0,1
1551377006.2730064,972,0,0,1
1551377006.289037,972,0,0,1
1551377006.3051353,972,0,0,1
1551377006.3205674,972,0,0,1
1551377006.336669,972,0,0,1
1551377006.3529036,972,0,0,1
1551377006.368975,972,0,0,1
1551377006.3849266,972,0,0,1
1551377006.4009268,972,0,0,1
1551377006.41688,972,0,0,1
1551377006.4331748,972,0,0,1
1551377006.4491165,972,0,0,1
1551377006.465035,972,0,0,1
1551377006.4810321,972,0,0,1
1551377006.4969625,972,0,0,1
1551377006.5130033,972,0,0,1
1551377006.5290244,972,0,0,1
1551377006.54496,972,0,0,1
1551377006.560994,972,0,0,1
1551377006.5769217,972,0,0,1
1551377006.5930476,972,0,0,1
1551377006.6090093,972,0,0,1
1551377006.6249208,972,0,0,1
1551377006.640946,972,0,0,1
1551377006.6568766,972,0,0,1
1551377006.6729167,972,0,0,1
1551377006.6888745,972,0,0,1
1551377006.704908,972,0,0,1
1551377006.721003,972,0,0,1
1551377006.736978,972,0,0,1
1551377006.7530406,972,0,0,1
1551377006.7689831,972,0,0,1
1551377006.7849553,972,0,0,1
1551377006.801021,972,0,0,0
1551377006.8326015,971,0,0,0
1551377006.846403,971,0,0,0
1551377006.8632157,971,0,0,0
1551377006.8788981,971,0,0,0
1551377006.8946788,971,0,0,0
1551377006.9105415,971,0,0,0
1551377006.9272752,971,0,0,0
1551377006.943114,971,0,0,0
1551377006.9588296,971,0,0,0
1551377006.9746366,971,0,0,0
1551377006.9903996,971,0,0,0
1551377007.00616,971,0,0,0
1551377007.022127,971,0,0,0
1551377007.0380275,971,0,0,0
1551377007.053809,971,0,0,0
1551377007.0696175,971,0,0,0
1551377007.0853791,971,0,0,0
1551377007.102321,971,0,0,0
1551377007.1190448,971,0,0,0
1551377007.1347706,971,0,0,0
1551377007.1506572,971,0,0,0
1551377007.1664612,971,0,0,0
1551377007.1823926,971,0,0,0
1551377007.1991763,971,0,0,0
1551377007.2147424,971,0,0,0
1551377007.2312255,971,0,0,0
1551377007.2466536,971,0,0,0
1551377007.2633202,971,0,0,0
1551377007.2797532,971,0,0,0
1551377007.2962234,971,0,0,0
1551377007.3117707,971,0,0,0
1551377007.3282676,971,0,0,0
1551377007.3437326,971,0,0,0
1551377007.3601556,971,0,0,0
1551377007.3756306,971,0,0,0
1551377007.3921552,971,0,0,0
1551377007.4075656,971,0,0,0
1551377007.4233942,971,0,0,0
1551377007.4399462,971,0,0,0
1551377007.4554772,971,0,0,0
1551377007.4720533,971,0,0,0
1551377007.487551,971,0,0,0
1551377007.5042362,971,0,0,0
1551377007.5197875,971,0,0,0
1551377007.536288,971,0,0,0
1551377007.5529404,971,0,0,0
1551377007.5684943,971,0,0,0
1551377007.5851038,971,0,0,0
1551377007.6006598,971,0,0,0
1551377007.617066,971,0,0,0
1551377007.632602,971,0,0,0
1551377007.6490529,971,0,0,0
1551377007.664481,971,0,0,0
1551377007.6809566,971,0,0,0
1551377007.6963658,971,0,0,0
1551377007.712928,971,0,0,0
1551377007.7293417,971,0,0,0
1551377007.745783,971,0,0,0
1551377007.7623377,971,0,0,0
1551377007.778759,971,0,0,0
1551377007.7951682,971,0,0,0
1551377007.8116786,971,0,0,0
1551377007.8281505,971,0,0,0
1551377007.8435724,971,0,0,0
1551377007.8599901,971,0,0,0
1551377007.875412,971,0,0,0
1551377007.891905,971,0,0,0
1551377007.90835,971,0,0,0
1551377007.9250584,971,0,0,0
1551377007.940575,971,0,0,0
1551377007.956998,971,0,0,0
1551377007.9725187,971,0,0,0
1551377007.9889152,971,0,0,0
1551377008.0034673,971,0,0,0
1551377008.0199933,971,0,0,0
1551377008.035417,971,0,0,0
1551377008.051894,971,0,0,0
1551377008.068322,971,0,0,0
1551377008.0847306,971,0,0,0
1551377008.1011267,971,0,0,0
1551377008.1165123,971,0,0,0
1551377008.133079,971,0,0,0
1551377008.1484935,971,0,0,0
1551377008.1649308,971,0,0,0
1551377008.1803966,971,0,0,0
1551377008.1968231,971,0,0,0
1551377008.2133095,971,0,0,0
1551377008.2297094,971,0,0,0
1551377008.2461853,971,0,0,0
1551377008.2617583,971,0,0,0
1551377008.2782316,971,0,0,0
1551377008.293682,971,0,0,0
1551377008.3101573,971,0,0,0
1551377008.3388395,971,0,0,0
1551377008.3523626,971,0,0,0
1551377008.368676,971,0,0,0
1551377008.385057,971,0,0,0
1551377008.4005756,971,0,0,0
1551377008.4169636,971,0,0,0
1551377008.4324121,971,0,0,0
1551377008.448869,971,0,0,0
1551377008.465294,971,0,0,0
1551377008.481824,971,0,0,0
1551377008.4982452,971,0,0,0
1551377008.5136843,971,0,0,0
1551377008.5301,971,0,0,0
1551377008.5455093,971,0,0,0
1551377008.562016,971,0,0,0
1551377008.577439,971,0,0,0
1551377008.5939674,971,0,0,0
1551377008.609405,971,0,0,0
1551377008.6258326,971,0,0,0
1551377008.641381,971,0,0,0
1551377008.6577957,971,0,0,0
1551377008.674303,971,0,0,0
1551377008.6907375,971,0,0,0
1551377008.7071667,971,0,0,0
1551377008.7226772,971,0,0,0
1551377008.7390792,971,0,0,0
1551377008.754506,971,0,0,0
1551377008.7713413,971,0,0,0
1551377008.787756,971,0,0,0
1551377008.8052063,971,0,0,0
1551377008.820701,971,0,0,0
1551377008.8371308,971,0,0,0
1551377008.8526764,971,0,0,0
1551377008.8691144,971,0,0,0
1551377008.8845444,971,0,0,0
1551377008.9009538,971,0,0,0
1551377008.917344,971,0,0,0
1551377008.93381,971,0,0,0
1551377008.9502375,971,0,0,0
1551377008.965664,971,0,0,0
1551377008.982244,971,0,0,0
1551377008.9977126,971,0,0,0
1551377009.0132773,971,0,0,0
1551377009.0296993,971,0,0,0
1551377009.0461538,971,0,0,0
1551377009.0617144,971,0,0,0
1551377009.0781856,971,0,0,0
1551377009.0936368,971,0,0,0
1551377009.1101196,971,0,0,0
1551377009.125613,971,0,0,0
1551377009.1421673,971,0,0,0
1551377009.157645,971,0,0,0
1551377009.1741457,971,0,0,0
1551377009.1896443,971,0,0,0
1551377009.2061262,971,0,0,0
1551377009.22175,971,0,0,0
1551377009.2382534,971,0,0,0
1551377009.2537413,971,0,0,0
1551377009.2701945,971,0,0,0
1551377009.2856684,971,0,0,0
1551377009.302202,971,0,0,0
1551377009.317677,971,0,0,0
1551377009.3341954,971,0,0,0
1551377009.3496282,971,0,0,0
1551377009.3660717,971,0,0,0
1551377009.3816504,971,0,0,0
1551377009.3981912,971,0,0,0
1551377009.4140956,971,0,0,0
1551377009.4295824,971,0,0,0
1551377009.4460628,971,0,0,0
1551377009.4616637,971,0,0,0
1551377009.478182,971,0,0,0
1551377009.4936419,971,0,0,0
1551377009.5101166,971,0,0,0
1551377009.5255854,971,0,0,0
1551377009.542331,971,0,0,0
1551377009.5588026,971,0,0,0
1551377009.5752895,971,0,0,0
1551377009.591806,971,0,0,0
1551377009.6082518,971,0,0,0
1551377009.623652,971,0,0,0
1551377009.640069,971,0,0,0
1551377009.6554904,971,0,0,0
1551377009.6719918,971,0,0,0
1551377009.6874309,971,0,0,0
1551377009.703967,971,0,0,0
1551377009.7194018,971,0,0,0
1551377009.7358263,971,0,0,0
1551377009.7513676,971,0,0,0
1551377009.767818,971,0,0,0
1551377009.784325,971,0,0,0
1551377009.8006954,971,0,0,0
1551377009.8170874,971,0,0,0
1551377009.8494532,969,0,0,0
1551377009.8629124,969,0,0,0
1551377009.8792586,969,0,0,0
1551377009.894705,969,0,0,0
1551377009.91118,969,0,0,0
1551377009.9267986,969,0,0,0
1551377009.9425619,969,0,0,0
1551377009.9591198,969,0,0,0
1551377009.9746928,969,0,0,0
1551377009.9912314,969,0,0,0
1551377010.0059252,969,0,0,0
1551377010.0217543,969,0,0,0
1551377010.0382857,969,0,0,0
1551377010.054835,969,0,0,0
1551377010.0706062,969,0,0,0
1551377010.0871854,969,0,0,0
1551377010.1029143,969,0,0,0
1551377010.1185265,969,0,0,0
1551377010.1351473,969,0,0,0
1551377010.150809,969,0,0,0
1551377010.1663725,969,0,0,0
1551377010.1829667,969,0,0,0
1551377010.1985536,969,0,0,0
1551377010.2151375,969,0,0,0
1551377010.2307882,969,0,0,0
1551377010.2463667,969,0,0,0
1551377010.2629964,969,0,0,0
1551377010.2785912,969,0,0,0
1551377010.2951682,969,0,0,0
1551377010.3108153,969,0,0,0
1551377010.326418,969,0,0,0
1551377010.3432138,969,0,0,0
1551377010.3587737,969,0,0,0
1551377010.3743677,969,0,0,0
1551377010.3909333,969,0,0,0
1551377010.40652,969,0,0,0
1551377010.423318,969,0,0,0
1551377010.4398468,969,0,0,0
1551377010.4553747,969,0,0,0
1551377010.4719832,969,0,0,0
1551377010.4875,969,0,0,0
1551377010.5041568,969,0,0,0
1551377010.5197005,969,0,0,0
1551377010.5362334,969,0,0,0
1551377010.5518656,969,0,0,0
1551377010.5683312,969,0,0,0
1551377010.5847921,969,0,0,0
1551377010.601308,969,0,0,0
1551377010.617733,969,0,0,0
1551377010.6342156,969,0,0,0
1551377010.6496456,969,0,0,0
1551377010.6660354,969,0,0,0
1551377010.6815767,969,0,0,0
1551377010.6980712,969,0,0,0
1551377010.7135184,969,0,0,0
1551377010.7299504,969,0,0,0
1551377010.7453825,969,0,0,0
1551377010.7619135,969,0,0,0
1551377010.778344,969,0,0,0
1551377010.7947564,969,0,0,0
1551377010.812171,969,0,0,0
1551377010.8275871,969,0,0,0
1551377010.844079,969,0,0,0
1551377010.8595166,969,0,0,0
1551377010.8759398,969,0,0,0
1551377010.891508,969,0,0,0
1551377010.9079313,969,0,0,0
1551377010.923445,969,0,0,0
1551377010.9398234,969,0,0,0
1551377010.9562771,969,0,0,0
1551377010.9727883,969,0,0,0
PiStop sync.
1551377017.3985415