All stim.
[995, 996, 997, 998, 999, 1000]
Reward stim.
[995, 997, 999]
time,whichstim,iftouch,ifreward,ifout
0.015445232391357422,995,0,0,0
0.029404163360595703,995,0,0,0
0.04522705078125,995,0,0,0
0.061124563217163086,995,0,0,0
0.07681822776794434,995,0,0,0
0.09347772598266602,995,0,0,0
0.10929393768310547,995,0,0,0
0.12494850158691406,995,0,0,0
0.14076781272888184,995,0,0,0
0.15751218795776367,995,0,0,0
0.17324090003967285,995,0,0,0
0.18889784812927246,995,0,0,0
0.2055952548980713,995,0,0,0
0.2213149070739746,995,0,0,0
0.23700284957885742,995,0,0,0
0.25182366371154785,995,0,0,0
0.26773929595947266,995,0,0,0
0.2844207286834717,995,0,0,0
0.300076961517334,995,0,0,0
0.3157510757446289,995,0,0,0
0.3323953151702881,995,0,0,0
0.34804558753967285,995,0,0,0
0.3637831211090088,995,0,0,0
0.3805656433105469,995,0,0,0
0.39647364616394043,995,0,0,0
0.4121875762939453,995,0,0,0
0.4279046058654785,995,0,0,0
0.44455885887145996,995,0,0,0
0.460158109664917,995,0,0,0
0.47585153579711914,995,0,0,0
0.4925956726074219,995,0,0,0
0.5083527565002441,995,0,0,0
0.52400803565979,995,0,0,0
0.5397214889526367,995,0,0,0
0.5563607215881348,995,0,0,0
0.5720670223236084,995,0,0,0
0.5877389907836914,995,0,0,0
0.6043522357940674,995,0,0,0
0.6199333667755127,995,0,0,0
0.6365964412689209,995,0,0,0
0.6521944999694824,995,0,0,0
0.6685802936553955,995,0,0,0
0.684039831161499,995,0,0,0
0.6999497413635254,995,0,0,0
0.7163920402526855,995,0,0,0
0.7320117950439453,995,0,0,0
0.7485237121582031,995,0,0,0
0.764019250869751,995,0,0,0
0.7805337905883789,995,0,0,0
0.7960052490234375,995,0,0,0
0.812593936920166,995,0,0,0
0.8281586170196533,995,0,0,0
0.8446354866027832,995,0,0,0
0.8610577583312988,995,0,0,0
0.8786463737487793,995,0,0,0
0.8941001892089844,995,0,0,0
0.9105744361877441,995,0,0,0
0.9260647296905518,995,0,0,0
0.9425830841064453,995,0,0,0
0.9580881595611572,995,0,0,0
0.9746026992797852,995,0,0,0
0.9910755157470703,995,0,0,0
1.0067236423492432,995,0,0,0
1.0232934951782227,995,0,0,0
1.0388200283050537,995,0,0,0
1.0552375316619873,995,0,0,0
1.070868968963623,995,0,0,0
1.0873866081237793,995,0,0,0
1.1029105186462402,995,0,0,0
1.1195077896118164,995,0,0,0
1.135026216506958,995,0,0,0
1.1516036987304688,995,0,0,0
1.1682202816009521,995,0,0,0
1.183755874633789,995,0,0,0
1.20033860206604,995,0,0,0
1.215843915939331,995,0,0,0
1.2324740886688232,995,0,0,0
1.2481300830841064,995,0,0,0
1.264646053314209,995,0,0,0
1.2810766696929932,995,0,0,0
1.2967548370361328,995,0,0,0
1.3132894039154053,995,0,0,0
1.3288853168487549,995,0,0,0
1.345374345779419,995,0,0,0
1.361316204071045,995,0,0,0
1.3769855499267578,995,0,0,0
1.3936052322387695,995,0,0,0
1.4091823101043701,995,0,0,0
1.4247286319732666,995,0,0,0
1.4412508010864258,995,0,0,0
1.4569172859191895,995,0,0,0
1.47357177734375,995,0,0,0
1.489126443862915,995,0,0,0
1.519054651260376,998,0,0,0
1.5326626300811768,998,0,0,0
1.5491647720336914,998,0,0,0
1.5650815963745117,998,0,0,0
1.5809309482574463,998,0,0,0
1.5975465774536133,998,0,0,0
1.6130449771881104,998,0,0,0
1.6296215057373047,998,0,0,0
1.6461269855499268,998,0,0,0
1.6617710590362549,998,0,0,0
1.6784296035766602,998,0,0,0
1.6940128803253174,998,0,0,0
1.710632562637329,998,0,0,0
1.7272145748138428,998,0,0,0
1.7428133487701416,998,0,0,0
1.7594139575958252,998,0,0,0
1.7749812602996826,998,0,0,0
1.7914955615997314,998,0,0,0
1.8071770668029785,998,0,0,0
1.8227190971374512,998,0,0,0
1.839522123336792,998,1,0,1
1.8554644584655762,998,1,0,1
1.871387243270874,998,1,0,1
1.8874168395996094,998,1,0,1
1.9033787250518799,998,1,0,1
1.9194068908691406,998,0,0,1
1.9354333877563477,998,0,0,1
1.9515233039855957,998,0,0,1
1.9676275253295898,998,0,0,1
1.9837162494659424,998,0,0,1
1.9998183250427246,998,0,0,1
2.0158486366271973,998,0,0,1
2.032226085662842,998,0,0,1
2.0482940673828125,998,0,0,1
2.0643696784973145,998,0,0,1
2.0803701877593994,998,0,0,1
2.0964720249176025,998,0,0,1
2.1125636100769043,998,0,0,1
2.128615379333496,998,0,0,1
2.145611524581909,998,0,0,1
2.1626460552215576,998,0,0,1
2.178828239440918,998,0,0,1
2.1950504779815674,998,0,0,1
2.211059093475342,998,0,0,1
2.2270779609680176,998,0,0,1
2.2430756092071533,998,0,0,1
2.2581098079681396,998,0,0,1
2.2740602493286133,998,0,0,1
2.2902276515960693,998,0,0,1
2.3062262535095215,998,0,0,1
2.322293758392334,998,0,0,1
2.3386757373809814,998,0,0,1
2.3556737899780273,998,0,0,1
2.371703624725342,998,0,0,1
2.388028144836426,998,0,0,1
2.404038667678833,998,0,0,1
2.4201276302337646,998,0,0,1
2.4361040592193604,998,0,0,1
2.452108860015869,998,0,0,1
2.468123197555542,998,0,0,1
2.4840011596679688,998,0,0,1
2.5003113746643066,998,0,0,1
2.5162911415100098,998,0,0,1
2.5322976112365723,998,0,0,1
2.5483720302581787,998,0,0,1
2.564391851425171,998,0,0,1
2.5802981853485107,998,0,0,1
2.5962326526641846,998,0,0,1
2.612201452255249,998,0,0,1
2.628173828125,998,0,0,1
2.6442370414733887,998,0,0,1
2.6601333618164062,998,0,0,1
2.676057815551758,998,0,0,1
2.6920623779296875,998,0,0,1
2.7080671787261963,998,0,0,1
2.723999500274658,998,0,0,1
2.7399163246154785,998,0,0,1
2.7558252811431885,998,0,0,1
2.7717864513397217,998,0,0,1
2.7877259254455566,998,0,0,1
2.804659128189087,998,0,0,1
2.821624279022217,998,0,0,1
2.838606119155884,998,0,0,1
2.8555214405059814,998,0,0,1
2.8715078830718994,998,0,0,1
2.887540340423584,998,0,0,1
2.9035308361053467,998,0,0,1
2.9195656776428223,998,0,0,1
2.935486316680908,998,0,0,1
2.951497793197632,998,0,0,1
2.967529296875,998,0,0,1
2.9835026264190674,998,0,0,1
2.998725652694702,998,0,0,1
3.0156188011169434,998,0,0,1
3.032604694366455,998,0,0,1
3.047880172729492,998,0,0,1
3.0638580322265625,998,0,0,1
3.079866647720337,998,0,0,1
3.0957908630371094,998,0,0,1
3.1120307445526123,998,0,0,1
3.128063201904297,998,0,0,1
3.143941879272461,998,0,0,1
3.15993332862854,998,0,0,1
3.1759047508239746,998,0,0,1
3.191887855529785,998,0,0,1
3.2079660892486572,998,0,0,1
3.2239608764648438,998,0,0,1
3.2399888038635254,998,0,0,1
3.255964994430542,998,0,0,1
3.2719662189483643,998,0,0,1
3.288114309310913,998,0,0,1
3.304455041885376,998,0,0,1
3.3204092979431152,998,0,0,1
3.3363986015319824,998,0,0,1
3.3523597717285156,998,0,0,1
3.368547201156616,998,0,0,1
3.3846302032470703,998,0,0,1
3.400690793991089,998,0,0,1
3.417128562927246,998,0,0,1
3.4332213401794434,998,0,0,1
3.449383497238159,998,0,0,1
3.4655375480651855,998,0,0,1
3.4807627201080322,998,0,0,1
3.496913433074951,998,0,0,1
3.5129995346069336,998,0,0,1
3.529167413711548,998,0,0,1
3.545257568359375,998,0,0,1
3.5615181922912598,998,0,0,1
3.5777018070220947,998,0,0,1
3.593862771987915,998,0,0,1
3.6101245880126953,998,0,0,1
3.626235246658325,998,0,0,1
3.642443895339966,998,0,0,1
3.6579315662384033,998,0,0,1
3.6741065979003906,998,0,0,1
3.690281391143799,998,0,0,1
3.706364393234253,998,0,0,1
3.7217774391174316,998,0,0,1
3.7379748821258545,998,0,0,1
3.7542409896850586,998,0,0,1
3.7703659534454346,998,0,0,1
3.7865540981292725,998,0,0,1
3.8026492595672607,998,0,0,1
3.8189733028411865,998,0,0,1
3.835116386413574,998,0,0,1
3.8511457443237305,998,0,0,0
3.883470058441162,996,0,0,0
3.8978984355926514,996,0,0,0
3.914261817932129,996,0,0,0
3.930388927459717,996,0,0,0
3.94655442237854,996,0,0,0
3.962056875228882,996,0,0,0
3.978624105453491,996,0,0,0
3.9950664043426514,996,0,0,0
4.011477947235107,996,0,0,0
4.027027130126953,996,0,0,0
4.0435874462127686,996,0,0,0
4.059081554412842,996,0,0,0
4.075570106506348,996,0,0,0
4.091102838516235,996,0,0,0
4.106991529464722,996,0,0,0
4.123517274856567,996,0,0,0
4.139078855514526,996,0,0,0
4.155551195144653,996,0,0,0
4.171090841293335,996,0,0,0
4.18766450881958,996,0,0,0
4.204257965087891,996,0,0,0
4.219772100448608,996,0,0,0
4.236259937286377,996,0,0,0
4.250936031341553,996,0,0,0
4.267550230026245,996,0,0,0
4.283056974411011,996,0,0,0
4.299645900726318,996,0,0,0
4.316255569458008,996,1,0,1
4.332542896270752,996,1,0,1
4.348583936691284,996,1,0,1
4.36453104019165,996,1,0,1
4.380497932434082,996,1,0,1
4.396707773208618,996,0,0,1
4.41364860534668,996,0,0,1
4.429696083068848,996,0,0,1
4.446638345718384,996,0,0,1
4.463520765304565,996,0,0,1
4.479563236236572,996,0,0,1
4.495499134063721,996,0,0,1
4.511462926864624,996,0,0,1
4.527518033981323,996,0,0,1
4.543488502502441,996,0,0,1
4.559490442276001,996,0,0,1
4.575461387634277,996,0,0,1
4.590901136398315,996,0,0,1
4.6069042682647705,996,0,0,1
4.622819662094116,996,0,0,1
4.6388232707977295,996,0,0,1
4.6547417640686035,996,0,0,1
4.671613693237305,996,0,0,1
4.688677549362183,996,0,0,1
4.7056498527526855,996,0,0,1
4.722542762756348,996,0,0,1
4.738536357879639,996,0,0,1
4.754457235336304,996,0,0,1
4.770308017730713,996,0,0,1
4.786222457885742,996,0,0,1
4.802182912826538,996,0,0,1
4.818133354187012,996,0,0,1
4.834048748016357,996,0,0,1
4.850029945373535,996,0,0,1
4.865896701812744,996,0,0,1
4.8818535804748535,996,0,0,1
4.897875785827637,996,0,0,1
4.913798093795776,996,0,0,1
4.929935693740845,996,0,0,1
4.9458324909210205,996,0,0,1
4.961800575256348,996,0,0,1
4.977723598480225,996,0,0,1
4.994631052017212,996,0,0,1
5.011526584625244,996,0,0,1
5.027489423751831,996,0,0,1
5.043384790420532,996,0,0,1
5.059332847595215,996,0,0,1
5.07515287399292,996,0,0,1
5.0910680294036865,996,0,0,1
5.107033729553223,996,0,0,1
5.122892618179321,996,0,0,1
5.138890981674194,996,0,0,1
5.154792547225952,996,0,0,1
5.170671463012695,996,0,0,1
5.187675476074219,996,0,0,1
5.204578876495361,996,0,0,1
5.220491170883179,996,0,0,1
5.236510992050171,996,0,0,1
5.252508163452148,996,0,0,1
5.268542051315308,996,0,0,1
5.283870458602905,996,0,0,1
5.299858331680298,996,0,0,1
5.315755605697632,996,0,0,1
5.332635402679443,996,0,0,1
5.349689245223999,996,0,0,1
5.366634845733643,996,0,0,1
5.38352370262146,996,0,0,1
5.399565696716309,996,0,0,1
5.415560960769653,996,0,0,1
5.431558132171631,996,0,0,1
5.447613716125488,996,0,0,1
5.464590549468994,996,0,0,1
5.480494022369385,996,0,0,1
5.496542930603027,996,0,0,1
5.512519359588623,996,0,0,1
5.528495788574219,996,0,0,1
5.543683052062988,996,0,0,1
5.55974268913269,996,0,0,1
5.576641082763672,996,0,0,1
5.592837333679199,996,0,0,1
5.608856201171875,996,0,0,1
5.624798059463501,996,0,0,1
5.640856504440308,996,0,0,1
5.656911373138428,996,0,0,1
5.672902584075928,996,0,0,1
5.688973903656006,996,0,0,1
5.704920053482056,996,0,0,1
5.720890283584595,996,0,0,1
5.736876726150513,996,0,0,1
5.7528839111328125,996,0,0,1
5.768894910812378,996,0,0,1
5.784799098968506,996,0,0,1
5.800788879394531,996,0,0,1
5.816839694976807,996,0,0,1
5.8327796459198,996,0,0,1
5.849057912826538,996,0,0,1
5.865119695663452,996,0,0,1
5.881311655044556,996,0,0,1
5.8974809646606445,996,0,0,1
5.913562297821045,996,0,0,1
5.928720474243164,996,0,0,1
5.945056200027466,996,0,0,1
5.9612250328063965,996,0,0,1
5.977369785308838,996,0,0,1
5.99342679977417,996,0,0,1
6.0095813274383545,996,0,0,1
6.025639295578003,996,0,0,1
6.041714906692505,996,0,0,1
6.057849407196045,996,0,0,1
6.0738935470581055,996,0,0,1
6.089949131011963,996,0,0,1
6.1060426235198975,996,0,0,1
6.122225284576416,996,0,0,1
6.138258934020996,996,0,0,1
6.15459418296814,996,0,0,1
6.170705080032349,996,0,0,1
6.186799049377441,996,0,0,1
6.2034032344818115,996,0,0,1
6.219485282897949,996,0,0,1
6.235411643981934,996,0,0,1
6.251420021057129,996,0,0,1
6.267452955245972,996,0,0,1
6.283435583114624,996,0,0,1
6.298825979232788,996,0,0,1
6.314835548400879,996,0,0,1
6.330842971801758,996,0,0,0
6.360955238342285,997,0,0,0
6.374670505523682,997,0,0,0
6.390805721282959,997,0,0,0
6.406697511672974,997,0,0,0
6.423420429229736,997,0,0,0
6.439093589782715,997,0,0,0
6.454706907272339,997,0,0,0
6.471397876739502,997,0,0,0
6.487093448638916,997,0,0,0
6.502813100814819,997,0,0,0
6.5194618701934814,997,0,0,0
6.535118579864502,997,0,0,0
6.550747394561768,997,0,0,0
6.56747031211853,997,0,0,0
6.583178281784058,997,0,0,0
6.59885048866272,997,0,0,0
6.615476608276367,997,0,0,0
6.631132125854492,997,0,0,0
6.646799325942993,997,0,0,0
6.663520097732544,997,0,0,0
6.679500102996826,997,0,0,0
6.695619821548462,997,0,0,0
9.270324230194092,997,0,0,0
9.283424377441406,998,1,1,0
9.297424793243408,998,0,0,0
9.313253402709961,998,0,0,0
9.32899522781372,998,0,0,0
9.345609426498413,998,0,0,0
9.362289667129517,998,0,0,0
9.378031730651855,998,0,0,0
9.394739151000977,998,0,0,0
9.411418914794922,998,0,0,0
9.42713475227356,998,0,0,0
9.442842245101929,998,0,0,0
9.45951509475708,998,0,0,0
9.475380897521973,998,0,0,0
9.491121053695679,998,0,0,0
9.506966352462769,998,0,0,0
9.523561954498291,998,0,0,0
9.539257287979126,998,0,0,0
9.554884672164917,998,0,0,0
9.571518659591675,998,0,0,0
9.587219476699829,998,0,0,0
9.602938890457153,998,0,0,0
9.619616746902466,998,0,0,0
9.636203527450562,998,0,0,0
9.651933193206787,998,0,0,0
9.669516801834106,998,0,0,0
9.685241460800171,998,0,0,0
9.701015710830688,998,0,0,0
9.71670937538147,998,0,0,0
9.733410358428955,998,0,0,0
9.749112129211426,998,0,0,0
9.764742374420166,998,0,0,0
9.780889987945557,998,0,0,0
9.797526597976685,998,0,0,0
9.813319683074951,998,0,0,0
9.829024076461792,998,0,0,0
9.845602750778198,998,0,0,0
9.861340999603271,998,0,0,0
9.87809133529663,998,0,0,0
9.893816709518433,998,0,0,0
9.909693002700806,998,0,0,0
9.926358222961426,998,0,0,0
9.942197322845459,998,0,0,0
9.957933902740479,998,0,0,0
9.97475004196167,998,0,0,0
9.991365432739258,998,0,0,0
10.007112264633179,998,0,0,0
10.022851705551147,998,0,0,0
10.039561986923218,998,0,0,0
10.055244207382202,998,0,0,0
10.070954322814941,998,0,0,0
10.087701559066772,998,0,0,0
10.10439395904541,998,0,0,0
10.120002746582031,998,0,0,0
10.135982990264893,998,0,0,0
10.152671098709106,998,0,0,0
10.169357061386108,998,0,0,0
10.184974431991577,998,0,0,0
10.201678276062012,998,0,0,0
10.21839427947998,998,0,0,0
10.234087705612183,998,0,0,0
10.248874187469482,998,0,0,0
10.264760732650757,998,0,0,0
10.281440496444702,998,0,0,0
10.29719614982605,998,0,0,0
10.312856912612915,998,0,0,0
10.329480171203613,998,0,0,0
10.345070362091064,998,0,0,0
10.36073637008667,998,0,0,0
10.377332925796509,998,0,0,0
10.392890214920044,998,0,0,0
10.409562826156616,998,0,0,0
10.425188541412354,998,0,0,0
10.441343784332275,998,0,0,0
10.457086086273193,998,0,0,0
10.472731590270996,998,0,0,0
10.489381790161133,998,0,0,0
10.505165576934814,998,0,0,0
10.520886898040771,998,0,0,0
10.537582397460938,998,0,0,0
10.553247690200806,998,0,0,0
10.568921327590942,998,0,0,0
10.585517644882202,998,0,0,0
10.601248502731323,998,0,0,0
10.61695122718811,998,0,0,0
10.633614778518677,998,0,0,0
10.650254964828491,998,0,0,0
10.665865182876587,998,0,0,0
10.682651042938232,998,0,0,0
10.699278116226196,998,0,0,0
10.714913845062256,998,0,0,0
10.731541633605957,998,0,0,0
10.747172355651855,998,0,0,0
10.762858867645264,998,0,0,0
10.793018579483032,996,0,0,0
10.806756973266602,996,0,0,0
10.823318481445312,996,0,0,0
10.839040994644165,996,0,0,0
10.854716062545776,996,0,0,0
10.872382879257202,996,0,0,0
10.888179302215576,996,0,0,0
10.903858423233032,996,0,0,0
10.920519828796387,996,0,0,0
10.936126232147217,996,0,0,0
10.951871871948242,996,0,0,0
10.968640565872192,996,0,0,0
10.985198736190796,996,0,0,0
11.00082516670227,996,0,0,0
11.017541646957397,996,0,0,0
11.033152341842651,996,0,0,0
11.048941850662231,996,0,0,0
11.065545797348022,996,0,0,0
11.081241846084595,996,0,0,0
11.096958637237549,996,0,0,0
11.112719297409058,996,0,0,0
11.129378318786621,996,0,0,0
11.144973993301392,996,0,0,0
11.161691904067993,996,0,0,0
11.178693532943726,996,0,0,0
11.194504499435425,996,0,0,0
11.210119247436523,996,0,0,0
11.225728988647461,996,0,0,0
11.24244737625122,996,0,0,0
11.257278442382812,996,0,0,0
11.273081064224243,996,0,0,0
11.288762092590332,996,0,0,0
11.305657625198364,996,0,0,0
11.32238483428955,996,0,0,0
11.338182210922241,996,0,0,0
11.354198217391968,996,0,0,0
11.369816303253174,996,0,0,0
11.386439800262451,996,0,0,0
11.40219235420227,996,0,0,0
11.417994022369385,996,0,0,0
11.434667348861694,996,0,0,0
11.451297521591187,996,0,0,0
11.467275857925415,996,1,0,1
11.483278512954712,996,1,0,1
11.499293327331543,996,1,0,1
11.515231609344482,996,1,0,1
11.531272649765015,996,1,0,1
11.547341346740723,996,1,0,1
11.563292503356934,996,1,0,1
11.579383850097656,996,1,0,1
11.595410346984863,996,0,0,1
11.611453533172607,996,0,0,1
11.626879215240479,996,0,0,1
11.642868041992188,996,0,0,1
11.658896207809448,996,0,0,1
11.6748788356781,996,0,0,1
11.690930128097534,996,0,0,1
11.706960678100586,996,0,0,1
11.722989082336426,996,0,0,1
11.73901891708374,996,0,0,1
11.754972696304321,996,0,0,1
11.771414756774902,996,0,0,1
11.787498950958252,996,0,0,1
11.80344009399414,996,0,0,1
11.81940746307373,996,0,0,1
11.834807395935059,996,0,0,1
11.850906610488892,996,0,0,1
11.866949319839478,996,0,0,1
11.882983446121216,996,0,0,1
11.899043560028076,996,0,0,1
11.914984703063965,996,0,0,1
11.931227922439575,996,0,0,1
11.947282552719116,996,0,0,1
11.96323299407959,996,0,0,1
11.979288339614868,996,0,0,1
11.995271682739258,996,0,0,1
12.011296033859253,996,0,0,1
12.02738881111145,996,0,0,1
12.043373823165894,996,0,0,1
12.059429407119751,996,0,0,1
12.07474660873413,996,0,0,1
12.090798139572144,996,0,0,1
12.106862306594849,996,0,0,1
12.122824668884277,996,0,0,1
12.138885974884033,996,0,0,1
12.154858350753784,996,0,0,1
12.170802116394043,996,0,0,1
12.186877012252808,996,0,0,1
12.202851295471191,996,0,0,1
12.218813180923462,996,0,0,1
12.234990358352661,996,0,0,1
12.251086473464966,996,0,0,1
12.267092943191528,996,0,0,1
12.283107280731201,996,0,0,1
12.299193859100342,996,0,0,1
12.315152645111084,996,0,0,1
12.331273317337036,996,0,0,1
12.347362995147705,996,0,0,1
12.363327741622925,996,0,0,1
12.379592180252075,996,0,0,1
12.395558834075928,996,0,0,1
12.411608457565308,996,0,0,1
12.427626609802246,996,0,0,1
12.444671630859375,996,0,0,1
12.460740566253662,996,0,0,1
12.476741790771484,996,0,0,1
12.49277949333191,996,0,0,1
12.508841276168823,996,0,0,1
12.524761199951172,996,0,0,1
12.541094064712524,996,0,0,1
12.557109355926514,996,0,0,1
12.57303786277771,996,0,0,1
12.589084386825562,996,0,0,1
12.60504937171936,996,0,0,1
12.621078491210938,996,0,0,1
12.637150764465332,996,0,0,1
12.653148412704468,996,0,0,1
12.670341491699219,996,0,0,1
12.686690330505371,996,0,0,1
12.702837228775024,996,0,0,1
12.718929052352905,996,0,0,1
12.73528242111206,996,0,0,1
12.751432418823242,996,0,0,1
12.76767897605896,996,0,0,1
12.783803701400757,996,0,0,1
12.799957275390625,996,0,0,1
12.81606650352478,996,0,0,1
12.832319498062134,996,0,0,1
12.84867525100708,996,0,0,1
12.864794492721558,996,0,0,1
12.880861043930054,996,0,0,1
12.897019386291504,996,0,0,1
12.913228750228882,996,0,0,1
12.929255485534668,996,0,0,1
12.9453444480896,996,0,0,1
12.96151328086853,996,0,0,1
12.977560043334961,996,0,0,1
12.992707252502441,996,0,0,1
13.008850574493408,996,0,0,1
13.02495002746582,996,0,0,1
13.041631937026978,996,0,0,1
13.057874917984009,996,0,0,1
13.073988914489746,996,0,0,1
13.09015154838562,996,0,0,1
13.106298685073853,996,0,0,1
13.122449398040771,996,0,0,1
13.138534307479858,996,0,0,1
13.154703378677368,996,0,0,1
13.17098593711853,996,0,0,1
13.187119007110596,996,0,0,1
13.203186750411987,996,0,0,1
13.219294548034668,996,0,0,1
13.235427856445312,996,0,0,1
13.251574516296387,996,0,0,1
13.266775608062744,996,0,0,1
13.282849550247192,996,0,0,1
13.299112319946289,996,0,0,1
13.315247535705566,996,0,0,1
13.33137583732605,996,0,0,1
13.347609281539917,996,0,0,1
13.362830638885498,996,0,0,1
13.379082679748535,996,0,0,1
13.395410537719727,996,0,0,1
13.411513328552246,996,0,0,1
13.42764687538147,996,0,0,1
13.44378399848938,996,0,0,1
13.460016965866089,996,0,0,1
13.476041555404663,996,0,0,0
13.506062269210815,998,0,0,0
13.520554304122925,998,0,0,0
13.536092758178711,998,0,0,0
13.552765130996704,998,0,0,0
13.569333553314209,998,0,0,0
13.585521459579468,998,0,0,0
13.60108733177185,998,0,0,0
13.617635011672974,998,0,0,0
13.63323974609375,998,0,0,0
13.649599313735962,998,0,0,0
13.665011167526245,998,0,0,0
13.681542873382568,998,0,0,0
13.696951866149902,998,0,0,0
13.71338176727295,998,0,0,0
13.729249954223633,998,0,0,0
13.745364427566528,998,0,0,0
13.761409044265747,998,0,0,0
13.777400970458984,998,0,0,0
13.793874740600586,998,1,0,1
13.810049057006836,998,1,0,1
13.826133251190186,998,1,0,1
13.84236454963684,998,1,0,1
13.858672857284546,998,1,0,1
13.874889373779297,998,0,0,1
13.89098310470581,998,0,0,1
13.907192707061768,998,0,0,1
13.923418760299683,998,0,0,1
13.939587354660034,998,0,0,1
13.95488953590393,998,0,0,1
13.97102165222168,998,0,0,1
13.98713755607605,998,0,0,1
14.00328540802002,998,0,0,1
14.019430160522461,998,0,0,1
14.035470485687256,998,0,0,1
14.051613569259644,998,0,0,1
14.067792654037476,998,0,0,1
14.083874464035034,998,0,0,1
14.099977016448975,998,0,0,1
14.116135120391846,998,0,0,1
14.132349491119385,998,0,0,1
14.148711919784546,998,0,0,1
14.164770126342773,998,0,0,1
14.18104863166809,998,0,0,1
14.197270393371582,998,0,0,1
14.21349024772644,998,0,0,1
14.229665994644165,998,0,0,1
14.24574613571167,998,0,0,1
14.261202812194824,998,0,0,1
14.277379751205444,998,0,0,1
14.293593406677246,998,0,0,1
14.308987379074097,998,0,0,1
14.325098037719727,998,0,0,1
14.341284275054932,998,0,0,1
14.357519626617432,998,0,0,1
14.372743129730225,998,0,0,1
14.38890290260315,998,0,0,1
14.404982566833496,998,0,0,1
14.421138763427734,998,0,0,1
14.437318325042725,998,0,0,1
14.453405141830444,998,0,0,1
14.469668865203857,998,0,0,1
14.485764503479004,998,0,0,1
14.501909971237183,998,0,0,1
14.518337488174438,998,0,0,1
14.53439450263977,998,0,0,1
14.550511360168457,998,0,0,1
14.565691471099854,998,0,0,1
14.581968784332275,998,0,0,1
14.598135471343994,998,0,0,1
14.614259243011475,998,0,0,1
14.630355834960938,998,0,0,1
14.646398067474365,998,0,0,1
14.662597179412842,998,0,0,1
14.67879033088684,998,0,0,1
14.694869756698608,998,0,0,1
14.711071968078613,998,0,0,1
14.7272629737854,998,0,0,1
14.743372201919556,998,0,0,1
14.759597539901733,998,0,0,1
14.775729894638062,998,0,0,1
14.791950941085815,998,0,0,1
14.808132886886597,998,0,0,1
14.82438611984253,998,0,0,1
14.840547800064087,998,0,0,1
14.855739116668701,998,0,0,1
14.872376203536987,998,0,0,1
14.888506174087524,998,0,0,1
14.904651403427124,998,0,0,1
14.920795679092407,998,0,0,1
14.93699598312378,998,0,0,1
14.953048944473267,998,0,0,1
14.96944284439087,998,0,0,1
14.985469341278076,998,0,0,1
15.001535415649414,998,0,0,1
15.017613410949707,998,0,0,1
15.033703804016113,998,0,0,1
15.04986572265625,998,0,0,1
15.065876960754395,998,0,0,1
15.082175731658936,998,0,0,1
15.098363876342773,998,0,0,1
15.114514350891113,998,0,0,1
15.130663394927979,998,0,0,1
15.146828413009644,998,0,0,1
15.162950277328491,998,0,0,1
15.179184675216675,998,0,0,1
15.195204496383667,998,0,0,1
15.211451053619385,998,0,0,1
15.226951360702515,998,0,0,1
15.243110418319702,998,0,0,1
15.258286237716675,998,0,0,1
15.274683237075806,998,0,0,1
15.291032552719116,998,0,0,1
15.30720853805542,998,0,0,1
15.323233366012573,998,0,0,1
15.339396238327026,998,0,0,1
15.355490446090698,998,0,0,1
15.370705842971802,998,0,0,1
15.386878490447998,998,0,0,1
15.403016328811646,998,0,0,1
15.419119596481323,998,0,0,1
15.435260772705078,998,0,0,1
15.451340913772583,998,0,0,1
15.467519521713257,998,0,0,1
15.483664751052856,998,0,0,1
15.499793529510498,998,0,0,1
15.515856742858887,998,0,0,1
15.532324314117432,998,0,0,1
15.54848313331604,998,0,0,1
15.564615964889526,998,0,0,1
15.581160545349121,998,0,0,1
15.597387790679932,998,0,0,1
15.613489866256714,998,0,0,1
15.629625797271729,998,0,0,1
15.645727396011353,998,0,0,1
15.662088632583618,998,0,0,1
15.678174018859863,998,0,0,1
15.694342374801636,998,0,0,1
15.71041989326477,998,0,0,1
15.726524353027344,998,0,0,1
15.741723775863647,998,0,0,1
15.75790524482727,998,0,0,1
15.773979187011719,998,0,0,1
15.79014253616333,998,0,0,1
15.806198596954346,998,0,0,0
15.835527420043945,996,0,0,0
15.849444389343262,996,0,0,0
15.865026473999023,996,0,0,0
15.881598472595215,996,0,0,0
15.898353338241577,996,0,0,0
15.914037227630615,996,0,0,0
15.929713726043701,996,0,0,0
15.946381568908691,996,0,0,0
15.96217942237854,996,0,0,0
15.978152751922607,996,0,0,0
15.993871212005615,996,0,0,0
16.01053762435913,996,0,0,0
16.026221752166748,996,0,0,0
16.04208469390869,996,0,0,0
16.05777096748352,996,0,0,0
16.07441210746765,996,0,0,0
16.090076684951782,996,0,0,0
16.106672048568726,996,0,0,0
16.12342929840088,996,0,0,0
16.139075994491577,996,0,0,0
16.154760360717773,996,0,0,0
16.171424388885498,996,0,0,0
16.187161207199097,996,0,0,0
16.202927827835083,996,0,0,0
16.2188241481781,996,0,0,0
16.234708786010742,996,0,0,0
16.25036334991455,996,0,0,0
16.266013145446777,996,0,0,0
16.281801462173462,996,0,0,0
16.29856514930725,996,0,0,0
16.314334392547607,996,0,0,0
16.32997965812683,996,0,0,0
16.346603393554688,996,0,0,0
16.362392902374268,996,0,0,0
16.37813377380371,996,0,0,0
16.393725872039795,996,0,0,0
16.410398483276367,996,0,0,0
16.426119089126587,996,0,0,0
16.44238305091858,996,1,0,1
16.458518981933594,996,1,0,1
16.474633932113647,996,1,0,1
16.49091935157776,996,1,0,1
16.507128715515137,996,1,0,1
16.523216247558594,996,1,0,1
16.53934645652771,996,1,0,1
16.555519342422485,996,0,0,1
16.57082748413086,996,0,0,1
16.58704924583435,996,0,0,1
16.603151082992554,996,0,0,1
16.619306325912476,996,0,0,1
16.63538384437561,996,0,0,1
16.651013612747192,996,0,0,1
16.66719150543213,996,0,0,1
16.683261156082153,996,0,0,1
16.699329137802124,996,0,0,1
16.715410232543945,996,0,0,1
16.731595993041992,996,0,0,1
16.746751308441162,996,0,0,1
16.76285982131958,996,0,0,1
16.779053926467896,996,0,0,1
16.79520583152771,996,0,0,1
16.811495304107666,996,0,0,1
16.827640771865845,996,0,0,1
16.843665599822998,996,0,0,1
16.859825611114502,996,0,0,1
16.8758602142334,996,0,0,1
16.892338514328003,996,0,0,1
16.908650398254395,996,0,0,1
16.92481017112732,996,0,0,1
16.94114899635315,996,0,0,1
16.95752787590027,996,0,0,1
16.97289776802063,996,0,0,1
16.989303588867188,996,0,0,1
17.005552530288696,996,0,0,1
17.020734071731567,996,0,0,1
17.037086963653564,996,0,0,1
17.053285121917725,996,0,0,1
17.06953239440918,996,0,0,1
17.08574104309082,996,0,0,1
17.102150678634644,996,0,0,1
17.118420124053955,996,0,0,1
17.13463592529297,996,0,0,1
17.15101671218872,996,0,0,1
17.16731309890747,996,0,0,1
17.182808876037598,996,0,0,1
17.19913125038147,996,0,0,1
17.21531367301941,996,0,0,1
17.2314772605896,996,0,0,1
17.247663259506226,996,0,0,1
17.26401376724243,996,0,0,1
17.28028702735901,996,0,0,1
17.296438694000244,996,0,0,1
17.31188464164734,996,0,0,1
17.32811141014099,996,0,0,1
17.344468593597412,996,0,0,1
17.359723567962646,996,0,0,1
17.37606906890869,996,0,0,1
17.392298936843872,996,0,0,1
17.40789794921875,996,0,0,1
17.424408674240112,996,0,0,1
17.440643310546875,996,0,0,1
17.45584011077881,996,0,0,1
17.47203302383423,996,0,0,1
17.488281965255737,996,0,0,1
17.504515409469604,996,0,0,1
17.52005672454834,996,0,0,1
17.536293506622314,996,0,0,1
17.552635192871094,996,0,0,1
17.567948579788208,996,0,0,1
17.584325551986694,996,0,0,1
17.60048246383667,996,0,0,1
17.61596655845642,996,0,0,1
17.632147312164307,996,0,0,1
17.64833641052246,996,0,0,1
17.664631366729736,996,0,0,1
17.680951356887817,996,0,0,1
17.697107076644897,996,0,0,1
17.71273970603943,996,0,0,1
17.729007244110107,996,0,0,1
17.745165586471558,996,0,0,1
17.761333227157593,996,0,0,1
17.777621030807495,996,0,0,1
17.792924642562866,996,0,0,1
17.809097051620483,996,0,0,1
17.825277090072632,996,0,0,1
17.841575384140015,996,0,0,1
17.85690689086914,996,0,0,1
17.873359203338623,996,0,0,1
17.88875460624695,996,0,0,1
17.904958724975586,996,0,0,1
17.9212863445282,996,0,0,1
17.937515258789062,996,0,0,1
17.95277214050293,996,0,0,1
17.96903419494629,996,0,0,1
17.98525381088257,996,0,0,1
18.001457452774048,996,0,0,1
18.01700782775879,996,0,0,1
18.03329110145569,996,0,0,1
18.04948616027832,996,0,0,1
18.065608739852905,996,0,0,1
18.081964254379272,996,0,0,1
18.098264932632446,996,0,0,1
18.114442110061646,996,0,0,1
18.13058090209961,996,0,0,1
18.145776748657227,996,0,0,1
18.162022352218628,996,0,0,1
18.17830467224121,996,0,0,1
18.194536447525024,996,0,0,1
18.210683584213257,996,0,0,1
18.227373600006104,996,0,0,1
18.243644952774048,996,0,0,1
18.257834434509277,996,0,0,1
18.274059295654297,996,0,0,1
18.290382385253906,996,0,0,1
18.30573034286499,996,0,0,1
18.322229146957397,996,0,0,1
18.338542461395264,996,0,0,1
18.354726552963257,996,0,0,1
18.370794534683228,996,0,0,1
18.38700032234192,996,0,0,1
18.403379917144775,996,0,0,1
18.41966485977173,996,0,0,1
18.435786962509155,996,0,0,1
18.452028512954712,996,0,0,0
18.483952283859253,995,0,0,0
18.4988214969635,995,0,0,0
18.513983011245728,995,0,0,0
18.53057551383972,995,0,0,0
18.546334743499756,995,0,0,0
18.562063217163086,995,0,0,0
18.577930212020874,995,0,0,0
18.594656944274902,995,0,0,0
18.611138105392456,995,0,0,0
18.62767720222473,995,0,0,0
18.6444091796875,995,0,0,0
18.660109043121338,995,0,0,0
18.676100492477417,995,0,0,0
18.692078351974487,995,0,0,0
18.708561182022095,995,0,0,0
18.72434949874878,995,0,0,0
18.74007773399353,995,0,0,0
18.7566397190094,995,0,0,0
18.773298263549805,995,0,0,0
18.788899660110474,995,0,0,0
18.80552101135254,995,0,0,0
18.82138729095459,995,0,0,0
18.837059020996094,995,0,0,0
18.85287594795227,995,0,0,0
18.870476722717285,995,0,0,0
18.886142015457153,995,0,0,0
18.901861429214478,995,0,0,0
18.918665409088135,995,0,0,0
18.935540437698364,995,0,0,0
18.9511661529541,995,0,0,0
18.96769380569458,995,0,0,0
18.9837327003479,995,0,0,0
18.9998197555542,995,0,0,0
19.0158851146698,995,0,0,0
19.031936168670654,995,0,0,0
19.04812002182007,995,0,0,0
19.064260959625244,995,0,0,0
22.180680513381958,995,0,0,0
22.194206953048706,1000,1,1,0
22.208221197128296,1000,0,0,0
22.22466802597046,1000,0,0,0
22.241391897201538,1000,0,0,0
22.256322383880615,1000,0,0,0
22.27206778526306,1000,0,0,0
22.287845134735107,1000,0,0,0
22.303717851638794,1000,0,0,0
22.320433855056763,1000,0,0,0
22.336183071136475,1000,0,0,0
22.3519287109375,1000,0,0,0
22.368648529052734,1000,0,0,0
22.38532042503357,1000,0,0,0
22.401007652282715,1000,0,0,0
22.4167697429657,1000,0,0,0
22.43348741531372,1000,0,0,0
22.449185371398926,1000,0,0,0
22.464860200881958,1000,0,0,0
22.48150086402893,1000,0,0,0
22.497286081314087,1000,0,0,0
22.51298475265503,1000,0,0,0
22.529236316680908,1000,0,0,0
22.545610189437866,1000,0,0,0
22.56131076812744,1000,0,0,0
22.577234268188477,1000,0,0,0
22.593056440353394,1000,0,0,0
22.609432220458984,1000,0,0,0
22.625682830810547,1000,0,0,0
22.64205813407898,1000,0,0,0
22.658536911010742,1000,0,0,0
22.67394733428955,1000,0,0,0
22.6904034614563,1000,0,0,0
22.70587682723999,1000,0,0,0
22.72247290611267,1000,0,0,0
22.73797869682312,1000,0,0,0
22.75445032119751,1000,0,0,0
22.769909381866455,1000,0,0,0
22.78628373146057,1000,0,0,0
22.80264115333557,1000,0,0,0
22.818997383117676,1000,0,0,0
22.83519744873047,1000,0,0,0
22.851189613342285,1000,0,0,0
22.86810564994812,1000,0,0,0
22.883927583694458,1000,0,0,0
22.899791717529297,1000,0,0,0
22.916542053222656,1000,0,0,0
22.93243646621704,1000,0,0,0
22.94828462600708,1000,0,0,0
22.964082956314087,1000,0,0,0
22.979947566986084,1000,0,0,0
22.995768547058105,1000,0,0,0
23.012675762176514,1000,0,0,0
23.029520511627197,1000,0,0,0
23.045387268066406,1000,0,0,0
23.06142497062683,1000,0,0,0
23.077219247817993,1000,1,0,1
23.093604564666748,1000,1,0,1
23.109915733337402,1000,1,0,1
23.126229763031006,1000,1,0,1
23.142412424087524,1000,1,0,1
23.15869426727295,1000,0,0,1
23.175719499588013,1000,0,0,1
23.19196605682373,1000,0,0,1
23.208096027374268,1000,0,0,1
23.22421431541443,1000,0,0,1
23.24027109146118,1000,0,0,1
23.256298780441284,1000,0,0,1
23.272385597229004,1000,0,0,1
23.288451433181763,1000,0,0,1
23.304544687271118,1000,0,0,1
23.320573091506958,1000,0,0,1
23.336689472198486,1000,0,0,1
23.35293197631836,1000,0,0,1
23.36904239654541,1000,0,0,1
23.385087251663208,1000,0,0,1
23.401241064071655,1000,0,0,1
23.417377948760986,1000,0,0,1
23.43346667289734,1000,0,0,1
23.449555158615112,1000,0,0,1
23.465593338012695,1000,0,0,1
23.481673002243042,1000,0,0,1
23.497806549072266,1000,0,0,1
23.51389765739441,1000,0,0,1
23.53003478050232,1000,0,0,1
23.546038150787354,1000,0,0,1
23.562113761901855,1000,0,0,1
23.578222274780273,1000,0,0,1
23.59429383277893,1000,0,0,1
23.610347032546997,1000,0,0,1
23.626372575759888,1000,0,0,1
23.64243483543396,1000,0,0,1
23.65855860710144,1000,0,0,1
23.67456841468811,1000,0,0,1
23.690632820129395,1000,0,0,1
23.707035541534424,1000,0,0,1
23.723097801208496,1000,0,0,1
23.739226579666138,1000,0,0,1
23.755202293395996,1000,0,0,1
23.771243810653687,1000,0,0,1
23.787339687347412,1000,0,0,1
23.803377866744995,1000,0,0,1
23.81949806213379,1000,0,0,1
23.835517644882202,1000,0,0,1
23.85152506828308,1000,0,0,1
23.867626667022705,1000,0,0,1
23.884698629379272,1000,0,0,1
23.9007248878479,1000,0,0,1
23.916839599609375,1000,0,0,1
23.932918548583984,1000,0,0,1
23.94897484779358,1000,0,0,1
23.9649977684021,1000,0,0,1
23.981030225753784,1000,0,0,1
23.997153759002686,1000,0,0,1
24.013282775878906,1000,0,0,1
24.029387712478638,1000,0,0,1
24.04538893699646,1000,0,0,1
24.06155252456665,1000,0,0,1
24.077677726745605,1000,0,0,1
24.093711853027344,1000,0,0,1
24.110284328460693,1000,0,0,1
24.12628722190857,1000,0,0,1
24.142333984375,1000,0,0,1
24.158327341079712,1000,0,0,1
24.174381971359253,1000,0,0,1
24.19039034843445,1000,0,0,1
24.206344604492188,1000,0,0,1
24.222490787506104,1000,0,0,1
24.23857069015503,1000,0,0,1
24.254546403884888,1000,0,0,1
24.270569562911987,1000,0,0,1
24.28657078742981,1000,0,0,1
24.302628993988037,1000,0,0,1
24.31876039505005,1000,0,0,1
24.334779024124146,1000,0,0,1
24.35085439682007,1000,0,0,1
24.367335319519043,1000,0,0,1
24.3834490776062,1000,0,0,1
24.399540185928345,1000,0,0,1
24.415521383285522,1000,0,0,1
24.431585550308228,1000,0,0,1
24.446731328964233,1000,0,0,1
24.462746143341064,1000,0,0,1
24.47885513305664,1000,0,0,1
24.49487543106079,1000,0,0,1
24.51083779335022,1000,0,0,1
24.52696394920349,1000,0,0,1
24.543054342269897,1000,0,0,1
24.55911612510681,1000,0,0,1
24.57511854171753,1000,0,0,1
24.591140031814575,1000,0,0,1
24.6073157787323,1000,0,0,1
24.623530387878418,1000,0,0,1
24.639650583267212,1000,0,0,1
24.656664848327637,1000,0,0,1
24.672940015792847,1000,0,0,1
24.689385175704956,1000,0,0,1
24.70553946495056,1000,0,0,1
24.720754384994507,1000,0,0,1
24.73687744140625,1000,0,0,1
24.75295090675354,1000,0,0,1
24.76900625228882,1000,0,0,1
24.785029649734497,1000,0,0,1
24.801084280014038,1000,0,0,1
24.817140102386475,1000,0,0,1
24.833195686340332,1000,0,0,1
24.849281787872314,1000,0,0,1
24.865273475646973,1000,0,0,1
24.88133955001831,1000,0,0,1
24.897459506988525,1000,0,0,1
24.913488626480103,1000,0,0,1
24.92959499359131,1000,0,0,1
24.945589065551758,1000,0,0,1
24.96163249015808,1000,0,0,1
24.97785520553589,1000,0,0,1
24.993861198425293,1000,0,0,1
25.01006770133972,1000,0,0,1
25.026149034500122,1000,0,0,1
25.042236328125,1000,0,0,1
25.05830454826355,1000,0,0,1
25.07432794570923,1000,0,0,1
25.090363264083862,1000,0,0,0
25.12034797668457,995,0,0,0
25.13421082496643,995,0,0,0
25.14986562728882,995,0,0,0
25.16658616065979,995,0,0,0
25.18335270881653,995,0,0,0
25.19904899597168,995,0,0,0
25.214738607406616,995,0,0,0
25.23142385482788,995,0,0,0
25.247163772583008,995,0,0,0
25.262970447540283,995,0,0,0
25.279672384262085,995,0,0,0
25.296398162841797,995,0,0,0
25.312312364578247,995,0,0,0
25.328065633773804,995,0,0,0
25.343775987625122,995,0,0,0
25.360461473464966,995,0,0,0
25.376098155975342,995,0,0,0
25.39184832572937,995,0,0,0
25.408610105514526,995,0,0,0
25.424372911453247,995,0,0,0
25.440044164657593,995,0,0,0
25.45573663711548,995,0,0,0
25.47241973876953,995,0,0,0
25.488105535507202,995,0,0,0
25.503819704055786,995,0,0,0
27.658901929855347,995,0,0,0
27.67242980003357,999,1,1,0
27.68633270263672,999,0,0,0
27.70190453529358,999,0,0,0
27.71785545349121,999,0,0,0
27.73449945449829,999,0,0,0
27.75021195411682,999,0,0,0
27.765888690948486,999,0,0,0
27.78263568878174,999,0,0,0
27.7996187210083,999,0,0,0
27.81630301475525,999,0,0,0
27.832006692886353,999,0,0,0
27.847704648971558,999,0,0,0
27.864428520202637,999,0,0,0
27.88114857673645,999,0,0,0
27.896921157836914,999,0,0,0
27.913625478744507,999,0,0,0
27.930294513702393,999,0,0,0
27.94594144821167,999,0,0,0
27.962611436843872,999,0,0,0
27.97836709022522,999,0,0,0
27.994038820266724,999,0,0,0
28.009751081466675,999,0,0,0
28.02642035484314,999,0,0,0
28.042187929153442,999,0,0,0
28.058023929595947,999,0,0,0
28.073703289031982,999,0,0,0
28.090411901474,999,0,0,0
28.106020212173462,999,0,0,0
28.121724367141724,999,0,0,0
28.13849711418152,999,0,0,0
28.154430866241455,999,0,0,0
28.170196056365967,999,0,0,0
28.18589186668396,999,0,0,0
28.202576160430908,999,0,0,0
28.218366384506226,999,0,0,0
28.234023571014404,999,0,0,0
28.24882674217224,999,0,0,0
28.26559352874756,999,0,0,0
28.2812602519989,999,0,0,0
28.297040462493896,999,0,0,0
28.31367778778076,999,0,0,0
28.330357789993286,999,0,0,0
28.34616184234619,999,0,0,0
28.361897468566895,999,0,0,0
28.37868022918701,999,0,0,0
28.395331621170044,999,0,0,0
28.410914182662964,999,0,0,0
28.42759346961975,999,0,0,0
28.44318675994873,999,0,0,0
28.45912528038025,999,0,0,0
28.47475790977478,999,0,0,0
28.491445779800415,999,0,0,0
28.507113695144653,999,0,0,0
28.52272653579712,999,0,0,0
28.539474487304688,999,0,0,0
28.55509614944458,999,0,0,0
28.57073402404785,999,0,0,0
28.587366342544556,999,0,0,0
29.882027864456177,999,0,0,0
29.895006895065308,998,1,1,0
29.908766269683838,998,0,0,0
29.92552924156189,998,0,0,0
29.941223621368408,998,0,0,0
29.957013607025146,998,0,0,0
29.973626375198364,998,0,0,0
29.990286588668823,998,0,0,0
30.005900621414185,998,0,0,0
30.02261209487915,998,0,0,0
30.039352655410767,998,0,0,0
30.054991245269775,998,0,0,0
30.071651458740234,998,0,0,0
30.08832335472107,998,0,0,0
30.117340326309204,996,0,0,0
30.131025314331055,996,0,0,0
30.147645950317383,996,0,0,0
30.164336919784546,996,0,0,0
30.1803719997406,996,0,0,0
30.195968866348267,996,0,0,0
30.21260118484497,996,0,0,0
30.22819685935974,996,0,0,0
30.243773698806763,996,0,0,0
30.259443998336792,996,0,0,0
30.275071144104004,996,0,0,0
30.290704488754272,996,0,0,0
30.30733060836792,996,0,0,0
30.32296586036682,996,0,0,0
30.339630126953125,996,0,0,0
30.35623335838318,996,0,0,0
30.37186908721924,996,0,0,0
30.388487577438354,996,0,0,0
30.40408205986023,996,0,0,0
30.419768810272217,996,0,0,0
30.43629240989685,996,0,0,0
30.451931476593018,996,0,0,0
30.46861505508423,996,0,0,0
30.485483169555664,996,0,0,0
30.501150131225586,996,0,0,0
30.516892433166504,996,0,0,0
30.5334792137146,996,0,0,0
30.54914140701294,996,0,0,0
30.564749240875244,996,0,0,0
30.581407070159912,996,0,0,0
30.59716510772705,996,0,0,0
30.61287832260132,996,0,0,0
30.629525423049927,996,0,0,0
30.645121812820435,996,0,0,0
30.660813808441162,996,0,0,0
30.677379608154297,996,0,0,0
30.693015813827515,996,0,0,0
30.7096209526062,996,0,0,0
30.726219654083252,996,0,0,0
30.74185347557068,996,0,0,0
30.75857162475586,996,0,0,0
30.774259328842163,996,0,0,0
30.790210723876953,996,0,0,0
30.805822134017944,996,0,0,0
30.822511672973633,996,0,0,0
30.838176488876343,996,0,0,0
30.8538498878479,996,0,0,0
30.87151050567627,996,0,0,0
30.887297868728638,996,0,0,0
30.903008699417114,996,0,0,0
30.91965365409851,996,0,0,0
30.936298608779907,996,0,0,0
30.9519362449646,996,0,0,0
30.968684911727905,996,0,0,0
30.98527216911316,996,0,0,0
31.000874996185303,996,0,0,0
31.017557859420776,996,0,0,0
31.033164024353027,996,0,0,0
31.04875111579895,996,0,0,0
31.06536626815796,996,0,0,0
31.081124782562256,996,0,0,0
31.09684467315674,996,0,0,0
31.113472938537598,996,0,0,0
31.129111289978027,996,0,0,0
31.145071029663086,996,0,0,0
31.16070318222046,996,0,0,0
31.177353858947754,996,0,0,0
31.192897081375122,996,0,0,0
31.209529876708984,996,0,0,0
31.225130558013916,996,0,0,0
31.24073600769043,996,0,0,0
31.256473779678345,996,0,0,0
31.272125244140625,996,0,0,0
31.287800788879395,996,0,0,0
31.304413557052612,996,0,0,0
31.320013284683228,996,0,0,0
31.33667302131653,996,0,0,0
31.353208780288696,996,0,0,0
31.36885714530945,996,0,0,0
31.385431051254272,996,0,0,0
31.40100932121277,996,0,0,0
31.416728734970093,996,0,0,0
31.433352947235107,996,0,0,0
31.44924521446228,996,0,0,0
31.464839458465576,996,0,0,0
31.48143982887268,996,0,0,0
31.497159957885742,996,0,0,0
31.51277446746826,996,0,0,0
31.529391050338745,996,0,0,0
31.54499077796936,996,0,0,0
31.561598300933838,996,0,0,0
31.577295303344727,996,0,0,0
31.59285569190979,996,0,0,0
31.622806072235107,999,0,0,0
31.63659143447876,999,0,0,0
31.65264320373535,999,0,0,0
31.66846013069153,999,0,0,0
31.68404483795166,999,0,0,0
31.700658082962036,999,0,0,0
31.71725296974182,999,0,0,0
31.732882976531982,999,0,0,0
31.749524116516113,999,0,0,0
31.76518416404724,999,0,0,0
31.780869722366333,999,0,0,0
31.79757070541382,999,0,0,0
31.813259840011597,999,0,0,0
31.828932285308838,999,0,0,0
31.84556818008423,999,0,0,0
31.861209630966187,999,0,0,0
31.877952098846436,999,0,0,0
31.894654512405396,999,0,0,0
31.911212921142578,999,0,0,0
31.927200078964233,999,0,0,0
31.94310212135315,999,0,0,0
31.95895004272461,999,0,0,0
31.974860906600952,999,0,0,0
31.99084734916687,999,0,0,0
32.00689387321472,999,0,0,0
32.022809982299805,999,0,0,0
32.038745403289795,999,0,0,0
32.055649757385254,999,0,0,0
32.07257032394409,999,0,0,0
32.08859586715698,999,0,0,0
32.104544162750244,999,0,0,0
32.12033200263977,999,0,0,0
32.1364004611969,999,0,0,0
32.15205478668213,999,0,0,0
32.167824268341064,999,0,0,0
32.18370985984802,999,0,0,0
32.20033574104309,999,0,0,0
32.21593689918518,999,0,0,0
32.232574701309204,999,0,0,0
32.24822378158569,999,0,0,0
32.26379728317261,999,0,0,0
32.28044629096985,999,0,0,0
32.29605436325073,999,0,0,0
32.311737060546875,999,0,0,0
32.328442096710205,999,0,0,0
32.34407830238342,999,0,0,0
32.35970377922058,999,0,0,0
32.37633037567139,999,0,0,0
32.39193820953369,999,0,0,0
32.40859055519104,999,0,0,0
32.424262285232544,999,0,0,0
32.43981075286865,999,0,0,0
32.45644426345825,999,0,0,0
32.47202229499817,999,0,0,0
32.48867416381836,999,0,0,0
32.50527238845825,999,0,0,0
32.52084279060364,999,0,0,0
32.53756093978882,999,0,0,0
32.55317282676697,999,0,0,0
32.568721771240234,999,0,0,0
32.58533072471619,999,0,0,0
32.60094380378723,999,0,0,0
32.61683249473572,999,0,0,0
32.633472204208374,999,0,0,0
32.64910888671875,999,0,0,0
32.665651082992554,999,0,0,0
32.68228268623352,999,0,0,0
32.69811391830444,999,0,0,0
32.71376395225525,999,0,0,0
32.730409145355225,999,0,0,0
32.74602913856506,999,0,0,0
32.76267719268799,999,0,0,0
32.77937889099121,999,0,0,0
32.795002698898315,999,0,0,0
32.81167459487915,999,0,0,0
32.82833504676819,999,0,0,0
32.84391474723816,999,0,0,0
32.86058950424194,999,0,0,0
32.87711024284363,999,0,0,0
32.892765522003174,999,0,0,0
32.90956902503967,999,0,0,0
32.92517018318176,999,0,0,0
32.94084143638611,999,0,0,0
32.95748829841614,999,0,0,0
32.973514556884766,999,0,0,0
32.989171266555786,999,0,0,0
33.00477933883667,999,0,0,0
33.02137565612793,999,0,0,0
33.037092447280884,999,0,0,0
33.05273938179016,999,0,0,0
33.069406270980835,999,0,0,0
33.08504843711853,999,0,0,0
33.100749492645264,999,0,0,0
33.13054895401001,997,0,0,0
33.14432072639465,997,0,0,0
33.15994882583618,997,0,0,0
33.17594909667969,997,0,0,0
33.19257974624634,997,0,0,0
33.208274602890015,997,0,0,0
33.22380256652832,997,0,0,0
33.24043846130371,997,0,0,0
33.255175828933716,997,0,0,0
33.2709379196167,997,0,0,0
33.287585973739624,997,0,0,0
33.30322504043579,997,0,0,0
33.31887650489807,997,0,0,0
33.3354868888855,997,0,0,0
33.35113167762756,997,0,0,0
33.36682057380676,997,0,0,0
33.38341212272644,997,0,0,0
33.399046182632446,997,0,0,0
33.4156813621521,997,0,0,0
33.4322829246521,997,0,0,0
33.44802165031433,997,0,0,0
33.46471190452576,997,0,0,0
33.48161506652832,997,0,0,0
33.49834108352661,997,0,0,0
33.51391363143921,997,0,0,0
33.530505895614624,997,0,0,0
33.54612851142883,997,0,0,0
33.5617995262146,997,0,0,0
33.57854914665222,997,0,0,0
33.59428524971008,997,0,0,0
33.609872579574585,997,0,0,0
33.62648868560791,997,0,0,0
33.64210367202759,997,0,0,0
33.65781545639038,997,0,0,0
33.67444467544556,997,0,0,0
33.690025329589844,997,0,0,0
33.70662498474121,997,0,0,0
33.723238945007324,997,0,0,0
33.738879442214966,997,0,0,0
33.75551128387451,997,0,0,0
33.77118635177612,997,0,0,0
33.786946058273315,997,0,0,0
33.803565979003906,997,0,0,0
33.81925344467163,997,0,0,0
33.834800720214844,997,0,0,0
33.85142159461975,997,0,0,0
33.868136167526245,997,0,0,0
33.88372039794922,997,0,0,0
33.9004328250885,997,0,0,0
33.91604018211365,997,0,0,0
33.93265151977539,997,0,0,0
33.949310064315796,997,0,0,0
33.96493458747864,997,0,0,0
33.98160648345947,997,0,0,0
33.99826955795288,997,0,0,0
34.0138897895813,997,0,0,0
34.030571699142456,997,0,0,0
34.04615759849548,997,0,0,0
34.06183671951294,997,0,0,0
34.07852554321289,997,0,0,0
34.094205379486084,997,0,0,0
34.10979914665222,997,0,0,0
34.12664532661438,997,0,0,0
34.14340114593506,997,0,0,0
34.15907287597656,997,0,0,0
34.17476296424866,997,0,0,0
34.19137930870056,997,0,0,0
34.207120180130005,997,0,0,0
34.22280740737915,997,0,0,0
34.239434003829956,997,0,0,0
34.25427532196045,997,0,0,0
34.269968032836914,997,0,0,0
34.286576986312866,997,0,0,0
34.30225372314453,997,0,0,0
34.31796717643738,997,0,0,0
34.33464503288269,997,0,0,0
34.35127139091492,997,0,0,0
34.36702346801758,997,0,0,0
34.3827064037323,997,0,0,0
34.39933943748474,997,0,0,0
34.41498112678528,997,0,0,0
34.430901288986206,997,0,0,0
34.446818351745605,997,0,0,0
34.46352791786194,997,0,0,0
34.479186058044434,997,0,0,0
34.49484372138977,997,0,0,0
34.5115282535553,997,0,0,0
34.52732872962952,997,0,0,0
34.543036460876465,997,0,0,0
34.55873990058899,997,0,0,0
34.575414419174194,997,0,0,0
34.59106779098511,997,0,0,0
34.606762647628784,997,0,0,0
34.636563301086426,997,0,0,0
34.65022134780884,997,0,0,0
34.66593265533447,997,0,0,0
34.68269348144531,997,0,0,0
34.69946813583374,997,0,0,0
34.715057373046875,997,0,0,0
34.730716943740845,997,0,0,0
34.74725675582886,997,0,0,0
34.76287913322449,997,0,0,0
34.77959084510803,997,0,0,0
34.79522085189819,997,0,0,0
34.81085014343262,997,0,0,0
34.82753324508667,997,0,0,0
34.84316444396973,997,0,0,0
34.85882210731506,997,0,0,0
34.87644410133362,997,0,0,0
34.89204740524292,997,0,0,0
34.90865993499756,997,0,0,0
34.92523145675659,997,0,0,0
34.9409544467926,997,0,0,0
34.95753526687622,997,0,0,0
34.9731502532959,997,0,0,0
34.98878240585327,997,0,0,0
35.004781007766724,997,0,0,0
35.021504640579224,997,0,0,0
35.03726148605347,997,0,0,0
35.05290722846985,997,0,0,0
35.06956958770752,997,0,0,0
35.08520483970642,997,0,0,0
35.10112476348877,997,0,0,0
35.11694931983948,997,0,0,0
35.13279628753662,997,0,0,0
35.14959931373596,997,0,0,0
35.1653733253479,997,0,0,0
35.18128991127014,997,0,0,0
35.19712042808533,997,0,0,0
35.212939500808716,997,0,0,0
35.22971510887146,997,0,0,0
35.24641823768616,997,0,0,0
35.26128315925598,997,0,0,0
35.27728748321533,997,0,0,0
35.293426513671875,997,0,0,0
35.309654712677,997,0,0,0
35.32670474052429,997,0,0,0
35.342766523361206,997,0,0,0
35.35910367965698,997,0,0,0
35.37511444091797,997,0,0,0
35.390982151031494,997,0,0,0
35.40760087966919,997,0,0,0
35.423311710357666,997,0,0,0
35.4388153553009,997,0,0,0
35.45542120933533,997,0,0,0
35.47105288505554,997,0,0,0
35.486950635910034,997,0,0,0
35.50283718109131,997,0,0,0
35.519614458084106,997,0,0,0
35.53664445877075,997,0,0,0
35.55262017250061,997,0,0,0
35.568397760391235,997,0,0,0
35.58440685272217,997,0,0,0
35.600385665893555,997,0,0,0
35.61635708808899,997,0,0,0
35.63234233856201,997,0,0,0
35.648282289505005,997,0,0,0
35.66439723968506,997,0,0,0