All stim.
[943, 944, 945, 946]
Reward stim.
[943, 945]
PiReceivePC sync.
1553546744.5586147
PiSendPC sync.
1553546744.5660288
time,whichstim,iftouch,ifreward,ifout
1553546744.5661502,0,0,0,0
1553546744.6039646,0,0,0,0
1553546744.6210234,0,0,0,0
1553546744.637774,0,0,0,0
1553546744.6545782,0,0,0,0
1553546744.6715174,0,0,0,0
1553546744.688237,0,0,0,0
1553546744.7050037,0,0,0,0
1553546744.7218997,0,0,0,0
1553546744.7386181,0,0,0,0
1553546744.7553473,0,0,0,0
1553546744.7722514,0,0,0,0
1553546744.7889874,0,0,0,0
1553546744.8057225,0,0,0,0
1553546744.8226497,0,0,0,0
1553546744.8394034,0,0,0,0
1553546744.8561525,0,0,0,0
1553546744.8730114,0,0,0,0
1553546744.889747,0,0,0,0
1553546744.9064686,0,0,0,0
1553546744.9232917,0,0,0,0
1553546744.9400737,0,0,0,0
1553546744.9567568,0,0,0,0
1553546744.9735765,0,0,0,0
1553546744.9903135,0,0,0,0
1553546745.0070722,0,0,0,0
1553546745.0239518,0,0,0,0
1553546745.040727,0,0,0,0
1553546745.0578644,0,0,0,0
1553546745.074652,0,0,0,0
1553546745.0915394,0,0,0,0
1553546745.108386,0,0,0,0
1553546745.125119,0,0,0,0
1553546745.1420503,0,0,0,0
1553546745.158791,0,0,0,0
1553546745.175511,0,0,0,0
1553546745.192444,0,0,0,0
1553546745.2092268,0,0,0,0
1553546745.2259588,0,0,0,0
1553546745.242838,0,0,0,0
1553546745.2596276,0,0,0,0
1553546745.2763667,0,0,0,0
1553546745.2933342,0,0,0,0
1553546745.3100924,0,0,0,0
1553546745.3268774,0,0,0,0
1553546745.3437529,0,0,0,0
1553546745.3604991,0,0,0,0
1553546745.3773599,0,0,0,0
1553546745.3941398,0,0,0,0
1553546745.4109805,0,0,0,0
1553546745.4277992,0,0,0,0
1553546745.4446292,0,0,0,0
1553546745.4614604,0,0,0,0
1553546745.478286,0,0,0,0
1553546745.4950483,0,0,0,0
1553546745.5124433,0,0,0,0
1553546745.5292075,0,0,0,0
1553546745.5459867,0,0,0,0
1553546745.5628207,0,0,0,0
1553546745.579645,0,0,0,0
1553546745.596372,0,0,0,0
1553546745.614326,0,0,0,0
1553546745.6312962,0,0,0,0
1553546745.6473403,0,0,0,0
1553546745.6641507,0,0,0,0
1553546745.6810153,0,0,0,0
1553546745.6978626,0,0,0,0
1553546745.7146297,0,0,0,0
1553546745.7314599,0,0,0,0
1553546745.748298,0,0,0,0
1553546745.7650504,0,0,0,0
1553546745.7819471,0,0,0,0
1553546745.7987297,0,0,0,0
1553546745.8155313,0,0,0,0
1553546745.8325567,0,0,0,0
1553546745.849338,0,0,0,0
1553546745.866084,0,0,0,0
1553546745.8829257,0,0,0,0
1553546745.8997245,0,0,0,0
1553546745.9164646,0,0,0,0
1553546745.9333286,0,0,0,0
1553546745.9500954,0,0,0,0
1553546745.9668703,0,0,0,0
1553546745.9838417,0,0,0,0
1553546746.0005865,0,0,0,0
1553546746.0174212,0,0,0,0
1553546746.0342374,0,0,0,0
1553546746.051083,0,0,0,0
1553546746.0679412,0,0,0,0
1553546746.084718,0,0,0,0
1553546746.1015606,0,0,0,0
1553546746.118412,0,0,0,0
1553546746.1351395,0,0,0,0
1553546746.1520262,0,0,0,0
1553546746.168718,0,0,0,0
1553546746.1854582,0,0,0,0
1553546746.2023408,0,0,0,0
1553546746.2190828,0,0,0,0
1553546746.2358284,0,0,0,0
1553546746.2527297,0,0,0,0
1553546746.269438,0,0,0,0
1553546746.286173,0,0,0,0
1553546746.3030696,0,0,0,0
1553546746.3197622,0,0,0,0
1553546746.3367004,0,0,0,0
1553546746.3536315,0,0,0,0
1553546746.3703694,0,0,0,0
1553546746.3871195,0,0,0,0
1553546746.4039574,0,0,0,0
1553546746.420702,0,0,0,0
1553546746.4374325,0,0,0,0
1553546746.454221,0,0,0,0
1553546746.4710214,0,0,0,0
1553546746.4883175,0,0,0,0
1553546746.5049684,0,0,0,0
1553546746.5218089,0,0,0,0
1553546746.5385702,0,0,0,0
1553546746.5554109,0,0,0,0
1553546746.5723577,0,0,0,0
1553546746.5891178,0,0,0,0
1553546746.6058385,0,0,0,0
1553546746.6227937,0,0,0,0
1553546746.6395652,0,0,0,0
1553546746.6562984,0,0,0,0
1553546746.6731324,0,0,0,0
1553546746.6898937,0,0,0,0
1553546746.7066426,0,0,0,0
1553546746.723518,0,0,0,0
1553546746.7402933,0,0,0,0
1553546746.757069,0,0,0,0
1553546746.7738922,0,0,0,0
1553546746.7906559,0,0,0,0
1553546746.8074634,0,0,0,0
1553546746.8242557,0,0,0,0
1553546746.8411314,0,0,0,0
1553546746.857936,0,0,0,0
1553546746.8746748,0,0,0,0
1553546746.8915393,0,0,0,0
1553546746.9083447,0,0,0,0
1553546746.9251325,0,0,0,0
1553546746.942071,0,0,0,0
1553546746.958814,0,0,0,0
1553546746.9755702,0,0,0,0
1553546746.9925287,0,0,0,0
1553546747.0093622,0,0,0,0
1553546747.0261664,0,0,0,0
1553546747.0431063,0,0,0,0
1553546747.0599046,0,0,0,0
1553546747.0766459,0,0,0,0
1553546747.0934918,0,0,0,0
1553546747.1102598,0,0,0,0
1553546747.1272404,0,0,0,0
1553546747.1440473,0,0,0,0
1553546747.1609004,0,0,0,0
1553546747.1777525,0,0,0,0
1553546747.1945293,0,0,0,0
1553546747.2114081,0,0,0,0
1553546747.2282512,0,0,0,0
1553546747.2450173,0,0,0,0
1553546747.2619736,0,0,0,0
1553546747.278726,0,0,0,0
1553546747.2954676,0,0,0,0
1553546747.3123605,0,0,0,0
1553546747.3291287,0,0,0,0
1553546747.3458915,0,0,0,0
1553546747.362798,0,0,0,0
1553546747.3795886,0,0,0,0
1553546747.3963313,0,0,0,0
1553546747.413174,0,0,0,0
1553546747.4299362,0,0,0,0
1553546747.44668,0,0,0,0
1553546747.4635255,0,0,0,0
1553546747.4802759,0,0,0,0
1553546747.4970644,0,0,0,0
1553546747.5139053,0,0,0,0
1553546747.5306687,0,0,0,0
1553546747.5474715,0,0,0,0
1553546747.5642905,0,0,0,0
1553546747.5811582,0,0,0,0
1553546747.5979588,0,0,0,0
1553546747.6147237,0,0,0,0
1553546747.631513,0,0,0,0
1553546747.6483326,0,0,0,0
1553546747.6650708,0,0,0,0
1553546747.6819685,0,0,0,0
1553546747.6987114,0,0,0,0
1553546747.7154574,0,0,0,0
1553546747.7323852,0,0,0,0
1553546747.7491593,0,0,0,0
1553546747.765885,0,0,0,0
1553546747.7828026,0,0,0,0
1553546747.7995555,0,0,0,0
1553546747.8162966,0,0,0,0
1553546747.833151,0,0,0,0
1553546747.8499146,0,0,0,0
1553546747.8666608,0,0,0,0
1553546747.883615,0,0,0,0
1553546747.900378,0,0,0,0
1553546747.9171362,0,0,0,0
1553546747.9339333,0,0,0,0
1553546747.9506392,0,0,0,0
1553546747.967408,0,0,0,0
1553546747.9841926,0,0,0,0
1553546748.0010178,0,0,0,0
1553546748.017776,0,0,0,0
1553546748.0345366,0,0,0,0
1553546748.0513897,0,0,0,0
1553546748.068168,0,0,0,0
1553546748.084933,0,0,0,0
1553546748.1017601,0,0,0,0
1553546748.1185195,0,0,0,0
1553546748.1352541,0,0,0,0
1553546748.152047,0,0,0,0
1553546748.1687877,0,0,0,0
1553546748.185484,0,0,0,0
1553546748.2023964,0,0,0,0
1553546748.2191334,0,0,0,0
1553546748.2358358,0,0,0,0
1553546748.2527196,0,0,0,0
1553546748.2694414,0,0,0,0
1553546748.2861445,0,0,0,0
1553546748.303012,0,0,0,0
1553546748.3197563,0,0,0,0
1553546748.336526,0,0,0,0
1553546748.3533065,0,0,0,0
1553546748.3700647,0,0,0,0
1553546748.3867846,0,0,0,0
1553546748.4037988,0,0,0,0
1553546748.4205408,0,0,0,0
1553546748.4372957,0,0,0,0
1553546748.4540744,0,0,0,0
1553546748.4709117,0,0,0,0
1553546748.4877014,0,0,0,0
1553546748.5044706,0,0,0,0
1553546748.521242,0,0,0,0
1553546748.538059,0,0,0,0
1553546748.5548131,0,0,0,0
1553546748.5716612,0,0,0,0
1553546748.5885096,0,0,0,0
1553546748.6052659,0,0,0,0
1553546748.6221006,0,0,0,0
1553546748.638869,0,0,0,0
1553546748.6556213,0,0,0,0
1553546748.6724987,0,0,0,0
1553546748.6892872,0,0,0,0
1553546748.7060454,0,0,0,0
1553546748.7229578,0,0,0,0
1553546748.739745,0,0,0,0
1553546748.756478,0,0,0,0
1553546748.7733328,0,0,0,0
1553546748.7900834,0,0,0,0
1553546748.8068416,0,0,0,0
1553546748.8238628,0,0,0,0
1553546748.8406122,0,0,0,0
1553546748.8574488,0,0,0,0
1553546748.874277,0,0,0,0
1553546748.891086,0,0,0,0
1553546748.9079282,0,0,0,0
1553546748.9246702,0,0,0,0
1553546748.9415078,0,0,0,0
1553546748.9583175,0,0,0,0
1553546748.975075,0,0,0,0
1553546748.9919589,0,0,0,0
1553546749.0087168,0,0,0,0
1553546749.0254705,0,0,0,0
1553546749.0424793,0,0,0,0
1553546749.0592608,0,0,0,0
1553546749.0760314,0,0,0,0
1553546749.092909,0,0,0,0
1553546749.1096294,0,0,0,0
1553546749.1263928,0,0,0,0
1553546749.143228,0,0,0,0
1553546749.1599467,0,0,0,0
1553546749.1767004,0,0,0,0
1553546749.1935387,0,0,0,0
1553546749.2104642,0,0,0,0
1553546749.2272694,0,0,0,0
1553546749.2441163,0,0,0,0
1553546749.260987,0,0,0,0
1553546749.277758,0,0,0,0
1553546749.2945528,0,0,0,0
1553546749.3113966,0,0,0,0
1553546749.3282094,0,0,0,0
1553546749.345327,0,1,0,0
1553546749.3455288,945,0,0,0
1553546749.3892958,945,0,0,0
1553546749.404722,945,0,0,0
1553546749.4212093,945,0,0,0
1553546749.4382854,945,0,0,0
1553546749.454904,945,0,0,0
1553546749.4712815,945,0,0,0
1553546749.487708,945,0,0,0
1553546749.5042014,945,0,0,0
1553546749.5205665,945,0,0,0
1553546749.5370154,945,0,0,0
1553546749.5525012,945,0,0,0
1553546749.568888,945,0,0,0
1553546749.584546,945,0,0,0
1553546749.6009138,945,0,0,0
1553546749.6177788,945,0,0,0
1553546749.6333897,945,0,0,0
1553546749.649771,945,0,0,0
1553546749.6654058,945,0,0,0
1553546749.6818047,945,0,0,0
1553546749.6982646,945,0,0,0
1553546749.7148924,945,0,0,0
1553546749.7303007,945,0,0,0
1553546749.746793,945,0,0,0
1553546749.7631948,945,0,0,0
1553546749.7795873,945,0,0,0
1553546749.7961173,945,0,0,0
1553546749.8115075,945,0,0,0
1553546749.828031,945,0,0,0
1553546749.8435066,945,0,0,0
1553546749.8598983,945,0,0,0
1553546749.875461,945,0,0,0
1553546749.8919423,945,0,0,0
1553546749.9073822,945,0,0,0
1553546749.9237986,945,0,0,0
1553546749.9401872,945,0,0,0
1553546749.955789,945,0,0,0
1553546749.9721398,945,0,0,0
1553546749.9875605,945,0,0,0
1553546750.0030131,945,0,0,0
1553546750.0187855,945,0,0,0
1553546750.0344386,945,0,0,0
1553546750.0508142,945,0,0,0
1553546750.066377,945,0,0,0
1553546750.082773,945,0,0,0
1553546750.099142,945,0,0,0
1553546750.114691,945,0,0,0
1553546750.1310744,945,0,0,0
1553546750.1465337,945,0,0,0
1553546750.1629298,945,0,0,0
1553546750.178311,945,0,0,0
1553546750.1948826,945,0,0,0
1553546750.2112818,945,0,0,0
1553546750.2277105,945,0,0,0
1553546750.244171,945,0,0,0
1553546750.2595656,945,0,0,0
1553546750.2760918,945,0,0,0
1553546750.2914877,945,0,0,0
1553546750.3079386,945,0,0,0
1553546750.3234375,945,0,0,0
1553546750.3398294,945,0,0,0
1553546750.3553278,945,0,0,0
1553546750.3717022,945,0,0,0
1553546750.3881414,945,0,0,0
1553546750.4036055,945,0,0,0
1553546750.4199731,945,0,0,0
1553546750.4355102,945,0,0,0
1553546750.4519675,945,0,0,0
1553546750.4673576,945,0,0,0
1553546750.4837482,945,0,0,0
1553546750.5001473,945,0,0,0
1553546750.515675,945,0,0,0
1553546750.5320907,945,0,0,0
1553546750.547494,945,0,0,0
1553546750.5639894,945,0,0,0
1553546750.5793853,945,0,0,0
1553546750.5959318,945,0,0,0
1553546750.612312,945,0,0,0
1553546750.6287184,945,0,0,0
1553546750.6452806,945,0,0,0
1553546750.661677,945,0,0,0
1553546750.6780868,945,0,0,0
1553546750.6935768,945,0,0,0
1553546750.7100086,945,0,0,0
1553546750.7254894,945,0,0,0
1553546750.7419462,945,0,0,0
1553546750.7573233,945,0,0,0
1553546750.773725,945,0,0,0
1553546750.790098,945,0,0,0
1553546750.8055847,945,0,0,0
1553546750.822119,945,0,0,0
1553546750.837473,945,0,0,0
1553546750.853909,945,0,0,0
1553546750.8693023,945,0,0,0
1553546750.8858333,945,0,0,0
1553546750.90226,945,0,0,0
1553546750.9186492,945,0,0,0
1553546750.9352221,945,0,0,0
1553546750.9517245,945,0,0,0
1553546750.9681842,945,0,0,0
1553546750.9836998,945,0,0,0
1553546751.000097,945,0,0,0
1553546751.014655,945,0,0,0
1553546751.0311737,945,0,0,0
1553546751.0466256,945,0,0,0
1553546751.0630202,945,0,0,0
1553546751.0784223,945,0,0,0
1553546751.0949106,945,0,0,0
PiStop sync.
1553546762.5770574